0,1,2,3,4,5
MKJC,28,28,20,,
MKJC,28,22,10,,
UPCL,56,14,300,,
SHINE,14,42,20,,
MKJC,28,44,10,,
MKJC,28,48,10,,
MKJC,28,38,10,,
MKJC,28,8,10,,
MKJC,28,7,10,,
MKJC,28,49,30,,
MKJC,28,21,10,,
MKJC,28,1,10,,
MKJC,28,59,10,,
MKJC,28,11,10,,
MKJC,28,28,10,,
MKJC,28,4,400,,
MKJC,28,51,180,,
MKJC,28,22,10,,
SAHAS,13,28,10,,
AKPL,43,52,292,,
UMHL,26,38,980,,
UMHL,26,34,20,,
JBBL,26,35,500,,
NABBC,3,22,10,,
NABBC,3,5,15,,
NABBC,3,44,50,,
NABBC,3,32,80,,
MLBL,45,3,100,,
CGH,32,48,10,,
AKPL,50,7,127,,
AKPL,50,42,50,,
AKPL,50,50,23,,
CGH,58,48,90,,
CGH,58,49,10,,
CGH,58,41,200,,
CGH,58,49,200,,
ICFC,48,13,2000,,
SLICL,43,34,259,,
SLICL,11,34,40,,
SBL,17,45,136,,
AKPL,57,50,50,,
NBL,40,18,10,,
SBL,25,45,50,,
MLBL,45,42,140,,
NCCB,56,34,10,,
CIT,57,52,20,,
CIT,22,52,10,,
CIT,35,52,10,,
CIT,16,52,10,,
CIT,41,52,20,,
CIT,57,52,10,,
ICFC,48,47,100,,
HIDCL,4,1,30,,
HDL,35,43,10,,
AKJCL,58,58,40,,
MFIL,45,10,160,,
MERO,59,54,10,,
MERO,59,56,10,,
SFCL,28,43,300,,
SFCL,43,43,10,,
SFCL,47,43,190,,
AHPC,34,38,251,,
AHPC,34,46,100,,
AHPC,34,58,49,,
AHPC,34,7,100,,
CBL,4,34,140,,
ICFC,48,3,200,,
RLI,18,57,10,,
RLI,18,34,90,,
MEGA,57,21,30,,
SICL,21,26,10,,
CZBIL,21,25,100,,
SHPC,37,35,10,,
CZBIL,19,25,440,,
CZBIL,21,25,100,,
CZBIL,35,25,100,,
CZBIL,32,25,1000,,
CZBIL,41,25,20,,
CZBIL,5,25,200,,
CZBIL,36,25,50,,
CZBIL,56,25,100,,
CZBIL,6,25,70,,
CZBIL,58,25,50,,
CZBIL,58,25,50,,
CZBIL,32,25,10,,
CZBIL,42,25,100,,
CZBIL,49,25,25,,
CZBIL,1,25,200,,
CZBIL,52,25,100,,
CZBIL,4,25,71,,
CZBIL,58,25,15,,
CZBIL,11,25,20,,
CZBIL,1,25,300,,
CZBIL,41,25,500,,
CZBIL,43,25,300,,
CZBIL,26,25,100,,
CZBIL,34,25,30,,
CZBIL,36,25,681,,
PROFL,22,52,100,,
PROFL,11,52,30,,
PROFL,45,52,300,,
PROFL,36,52,17,,
PROFL,58,52,50,,
ICFC,20,28,30,,
ICFC,20,4,1000,,
ICFC,20,21,30,,
ICFC,20,26,500,,
ICFC,20,58,31,,
ICFC,20,42,10,,
JFL,45,46,100,,
BARUN,57,51,10,,
GLBSL,45,21,20,,
GLBSL,50,21,10,,
NICBF,6,59,100,,
NHPC,33,1,250,,
CHCL,49,7,200,,
MLBL,58,52,1046,,
MLBL,52,52,500,,
MLBL,32,52,100,,
MLBL,34,52,324,,
MLBL,19,52,200,,
MLBL,39,52,50,,
MLBL,39,52,100,,
MLBL,1,52,180,,
JOSHI,56,41,40,,
GFCL,47,38,50,,
GFCL,26,38,100,,
NRIC,58,45,47,,
SANIMA,35,44,20,,
NRIC,58,25,13,,
NRIC,58,59,60,,
SANIMA,58,44,430,,
SANIMA,42,44,50,,
AKJCL,36,45,70,,
NIFRA,29,45,950,,
AKJCL,42,45,30,,
ICFC,20,59,12,,
ICFC,20,58,33,,
NICA,35,13,50,,
ICFC,20,49,10,,
ICFC,20,28,50,,
ICFC,20,28,200,,
ICFC,20,1,100,,
ICFC,20,28,100,,
ICFC,20,42,165,,
ICFC,20,49,500,,
ICFC,20,54,100,,
ICFC,20,49,100,,
ICFC,20,13,50,,
ICFC,20,25,100,,
ICFC,20,35,200,,
ICFC,20,56,100,,
ICFC,20,48,1100,,
ICFC,20,59,200,,
ICFC,20,3,500,,
ICFC,20,57,160,,
ICFC,20,57,100,,
ICFC,20,34,1000,,
ICFC,20,49,490,,
ICFC,20,41,20,,
ICFC,20,45,200,,
ICFC,20,1,200,,
ICFC,20,25,500,,
ICFC,20,58,720,,
ICFC,20,21,1000,,
ICFC,20,57,100,,
ICFC,20,46,790,,
ICFC,20,21,500,,
ICFC,20,3,50,,
ICFC,20,58,45,,
ICFC,20,32,500,,
ICFC,20,17,200,,
ICFC,20,1,500,,
NHPC,13,1,100,,
NHPC,45,1,500,,
UPPER,59,38,80,,
KBL,1,34,14,,
UPPER,59,45,75,,
KBL,1,34,186,,
UPPER,59,44,10,,
UPPER,59,13,35,,
MLBSL,38,22,10,,
CIT,35,5,10,,
KRBL,52,57,10,,
KRBL,17,57,100,,
ICFC,18,21,10,,
ICFC,18,25,60,,
API,21,58,10,,
HDHPC,25,58,64,,
HDHPC,25,52,536,,
PIC,36,25,30,,
AKJCL,43,42,144,,
AKJCL,38,42,100,,
AKJCL,52,42,10,,
AKJCL,58,42,340,,
NBL,6,19,5,,
NBL,6,6,15,,
NBL,18,6,35,,
GBIME,38,11,38,,
UPCL,11,47,100,,
NABIL,28,36,35,,
NABIL,28,17,50,,
NABIL,28,57,35,,
HPPL,28,37,30,,
SHINE,56,42,100,,
SHPC,5,45,100,,
SHINE,45,42,100,,
DHPL,45,37,50,,
MFIL,51,10,200,,
MFIL,51,10,100,,
MFIL,45,10,40,,
MHNL,22,20,200,,
GBIME,22,32,45,,
MNBBL,57,42,15,,
NHPC,53,1,20,,
MLBL,1,25,100,,
HIDCL,42,1,100,,
UPCL,14,47,250,,
UMRH,51,6,180,,
UMRH,51,45,20,,
RHPL,41,51,100,,
LLBS,38,52,73,,
HIDCL,26,1,402,,
HIDCL,26,16,50,,
HIDCL,26,21,500,,
HIDCL,26,42,48,,
MMFDB,6,3,30,,
MMFDB,6,17,87,,
MMFDB,6,49,45,,
MEGA,57,6,3000,,
MMFDB,6,13,25,,
PICL,5,59,15,,
MLBL,1,45,30,,
UMHL,56,26,194,,
MLBL,1,38,190,,
AKJCL,58,52,340,,
KSBBL,56,14,100,,
AKJCL,58,1,20,,
JFL,43,38,300,,
NGPL,11,59,48,,
NGPL,29,59,20,,
NGPL,38,59,15,,
NGPL,57,59,17,,
GBIME,38,41,793,,
NHPC,34,1,3000,,
GBIME,34,41,607,,
MLBL,38,38,10,,
SBI,38,37,500,,
NGPL,57,29,50,,
NUBL,29,19,38,,
UMHL,53,26,156,,
UMHL,53,49,44,,
KBL,5,47,111,,
NICLBSL,7,4,10,,
UNHPL,50,26,70,,
ICFC,50,14,10,,
LLBS,38,5,27,,
LLBS,38,5,12,,
HDHPC,32,52,100,,
RADHI,10,3,60,,
RADHI,10,51,40,,
UMHL,39,49,200,,
NUBL,59,19,100,,
HIDCL,49,42,59,,
HIDCL,49,44,50,,
HIDCL,49,52,14,,
ADBL,49,38,45,,
NHPC,49,1,1000,,
HIDCL,49,19,377,,
LBBL,44,17,200,,
SHIVM,57,48,89,,
SHIVM,51,48,20,,
BFC,41,21,200,,
SHIVM,17,48,11,,
SHIVM,57,48,50,,
SHIVM,52,48,30,,
SHIVM,17,48,50,,
SHIVM,22,48,100,,
SHIVM,6,48,50,,
SHIVM,8,48,20,,
SHIVM,58,48,80,,
UPCL,57,47,30,,
MKLB,16,58,10,,
MKLB,16,14,30,,
MKLB,16,58,10,,
MKLB,16,13,15,,
RHPL,7,57,30,,
RADHI,45,51,50,,
SAHAS,13,45,10,,
UMHL,59,45,100,,
NHPC,45,1,50,,
JBBL,41,35,957,,
JBBL,41,37,43,,
MKJC,34,4,20,,
FMDBL,34,44,20,,
NIFRA,29,46,50,,
UMHL,59,57,30,,
NIFRA,35,46,100,,
UMHL,14,57,130,,
SBL,21,45,50,,
PIC,36,14,24,,
NLICL,42,32,45,,
CCBL,42,50,10,,
AKPL,43,51,100,,
AKPL,57,51,100,,
AKPL,57,28,115,,
AKPL,14,28,85,,
SAHAS,13,35,70,,
JBBL,51,35,100,,
MLBL,25,50,17,,
MLBL,52,50,25,,
MLBL,58,50,100,,
NIL,37,50,50,,
MLBL,59,50,343,,
KKHC,32,50,10,,
NLICL,28,32,55,,
FMDBL,43,44,180,,
FMDBL,43,57,25,,
MLBL,59,17,30,,
KSBBL,45,38,35,,
ADBL,34,38,1000,,
KSBBL,20,38,215,,
KSBBL,57,38,50,,
MKJC,6,58,10,,
DHPL,42,37,10,,
DHPL,42,45,10,,
NBL,42,18,400,,
CBBL,7,57,100,,
KSBBL,57,51,50,,
KSBBL,42,51,50,,
ULI,49,4,30,,
SIFC,5,45,100,,
NICA,8,1,350,,
AKPL,14,22,150,,
LBBL,44,22,530,,
JBLB,41,59,10,,
NIL,17,14,50,,
GFCL,48,38,15,,
RLFL,47,58,341,,
RLFL,41,58,100,,
RLFL,36,58,500,,
RLFL,11,58,300,,
RLFL,58,58,40,,
RLFL,14,58,30,,
RLFL,38,58,50,,
PRIN,45,48,164,,
RLFL,39,58,50,,
PRIN,48,48,56,,
RLFL,6,58,139,,
RLFL,14,58,20,,
RLFL,57,58,50,,
RLFL,26,58,50,,
TPC,58,42,10,,
RLFL,50,58,100,,
RLFL,45,58,30,,
RLFL,52,58,50,,
RLFL,49,58,150,,
NHPC,33,4,200,,
GRDBL,47,6,100,,
CBL,4,42,10,,
CBL,4,35,1000,,
CBL,4,57,165,,
CBL,4,3,400,,
CBL,4,58,50,,
CBL,4,40,1441,,
CBL,4,14,200,,
HIDCL,1,19,200,,
KBL,34,34,10,,
NUBL,35,19,23,,
NUBL,59,19,20,,
HIDCL,55,19,10,,
LBBL,38,35,300,,
LBBL,38,21,200,,
NMBMF,38,57,10,,
SSHL,48,35,100,,
BFC,14,21,10,,
KKHC,57,58,69,,
KKHC,35,58,60,,
KKHC,22,58,100,,
KKHC,34,58,21,,
EIC,47,25,20,,
SBL,4,45,38,,
SHEL,41,17,70,,
SHEL,3,17,100,,
MEGA,57,41,75,,
SHEL,57,17,30,,
CFCL,49,52,100,,
SBI,38,38,10,,
SBI,38,38,50,,
SIFC,57,45,100,,
AKJCL,21,1,100,,
HPPL,29,37,15,,
CBL,48,42,44,,
NHPC,53,4,50,,
NHPC,22,7,83,,
NHPC,17,7,100,,
NHPC,34,7,10,,
NHPC,47,7,1000,,
NHPC,34,7,100,,
NHPC,29,7,707,,
SAHAS,55,28,10,,
API,6,58,94,,
UMHL,6,49,250,,
SHINE,4,42,10,,
SAHAS,55,45,10,,
SBL,17,45,300,,
SAHAS,55,44,90,,
PRIN,48,43,89,,
PRIN,35,43,81,,
PRIN,13,43,30,,
GLH,43,38,160,,
NRIC,20,57,40,,
NBL,45,18,100,,
NMBMF,13,8,100,,
NUBL,44,48,27,,
NUBL,44,32,52,,
HDL,44,50,80,,
HDL,44,8,20,,
NLICL,44,8,20,,
UPPER,26,19,351,,
UPPER,5,19,50,,
UPPER,26,19,719,,
UPPER,38,19,35,,
UMHL,46,49,200,,
SIFC,44,14,60,,
HPPL,42,37,20,,
SADBL,32,48,200,,
KMCDB,25,33,10,,
KMCDB,25,11,10,,
KMCDB,25,6,80,,
AHPC,50,7,50,,
AKPL,14,28,50,,
BFC,33,21,10,,
NBL,18,54,165,,
NBL,4,54,200,,
NBL,41,54,40,,
NBL,34,54,95,,
GFCL,22,38,25,,
SAPDBL,49,41,10,,
NBL,38,18,10,,
CGH,28,49,200,,
RSDC,57,35,50,,
RSDC,57,16,90,,
HIDCL,16,19,211,,
HIDCL,57,19,25,,
HIDCL,51,19,100,,
HIDCL,56,19,110,,
HIDCL,40,19,100,,
JBBL,48,35,700,,
KBL,5,49,60,,
PPCL,28,45,100,,
GBIME,34,35,150,,
GBIME,34,33,100,,
GBIME,34,42,143,,
NHPC,34,4,500,,
NHPC,55,4,100,,
SHIVM,59,34,10,,
BFC,43,38,100,,
BFC,19,38,300,,
BFC,58,38,10,,
BFC,49,38,200,,
BFC,26,38,20,,
HIDCL,57,19,30,,
GHL,43,7,355,,
GILB,55,6,32,,
CFCL,52,52,50,,
SHPC,5,1,430,,
SHPC,57,1,100,,
SHPC,42,1,20,,
SHPC,48,1,100,,
SHPC,57,1,300,,
SHPC,1,1,15,,
SHPC,11,1,30,,
HDHPC,45,52,50,,
NHPC,29,33,993,,
EDBL,33,49,10,,
NHPC,58,33,507,,
NHPC,34,4,150,,
NCCB,49,34,10,,
NABBC,55,32,20,,
NABBC,55,40,40,,
NABBC,55,26,90,,
MLBL,59,21,30,,
CCBL,21,50,10,,
AIL,19,42,30,,
AKPL,14,42,215,,
MNBBL,28,42,14,,
KSBBL,20,28,80,,
NABIL,26,57,10,,
MLBSL,52,22,10,,
MLBSL,52,32,10,,
FOWAD,33,17,20,,
SANIMA,44,16,300,,
SHL,44,22,200,,
UPPER,17,13,10,,
SAHAS,55,58,10,,
SPDL,44,21,50,,
CBL,33,57,500,,
SFCL,57,56,100,,
HDHPC,57,52,100,,
MKJC,28,28,20,,
MKJC,28,22,10,,
UPCL,56,14,300,,
SHINE,14,42,20,,
MKJC,28,44,10,,
MKJC,28,48,10,,
MKJC,28,38,10,,
MKJC,28,8,10,,
MKJC,28,7,10,,
MKJC,28,49,30,,
MKJC,28,21,10,,
MKJC,28,1,10,,
MKJC,28,59,10,,
MKJC,28,11,10,,
MKJC,28,28,10,,
MKJC,28,4,400,,
MKJC,28,51,180,,
MKJC,28,22,10,,
SAHAS,13,28,10,,
AKPL,43,52,292,,
UMHL,26,38,980,,
UMHL,26,34,20,,
JBBL,26,35,500,,
NABBC,3,22,10,,
NABBC,3,5,15,,
NABBC,3,44,50,,
NABBC,3,32,80,,
MLBL,45,3,100,,
CGH,32,48,10,,
AKPL,50,7,127,,
AKPL,50,42,50,,
AKPL,50,50,23,,
CGH,58,48,90,,
CGH,58,49,10,,
CGH,58,41,200,,
CGH,58,49,200,,
ICFC,48,13,2000,,
SLICL,43,34,259,,
SLICL,11,34,40,,
SBL,17,45,136,,
AKPL,57,50,50,,
NBL,40,18,10,,
SBL,25,45,50,,
MLBL,45,42,140,,
NCCB,56,34,10,,
CIT,57,52,20,,
CIT,22,52,10,,
CIT,35,52,10,,
CIT,16,52,10,,
CIT,41,52,20,,
CIT,57,52,10,,
ICFC,48,47,100,,
HIDCL,4,1,30,,
HDL,35,43,10,,
AKJCL,58,58,40,,
MFIL,45,10,160,,
MERO,59,54,10,,
MERO,59,56,10,,
SFCL,28,43,300,,
SFCL,43,43,10,,
SFCL,47,43,190,,
AHPC,34,38,251,,
AHPC,34,46,100,,
AHPC,34,58,49,,
AHPC,34,7,100,,
CBL,4,34,140,,
ICFC,48,3,200,,
RLI,18,57,10,,
RLI,18,34,90,,
MEGA,57,21,30,,
SICL,21,26,10,,
CZBIL,21,25,100,,
SHPC,37,35,10,,
CZBIL,19,25,440,,
CZBIL,21,25,100,,
CZBIL,35,25,100,,
CZBIL,32,25,1000,,
CZBIL,41,25,20,,
CZBIL,5,25,200,,
CZBIL,36,25,50,,
CZBIL,56,25,100,,
CZBIL,6,25,70,,
CZBIL,58,25,50,,
CZBIL,58,25,50,,
CZBIL,32,25,10,,
CZBIL,42,25,100,,
CZBIL,49,25,25,,
CZBIL,1,25,200,,
CZBIL,52,25,100,,
CZBIL,4,25,71,,
CZBIL,58,25,15,,
CZBIL,11,25,20,,
CZBIL,1,25,300,,
CZBIL,41,25,500,,
CZBIL,43,25,300,,
CZBIL,26,25,100,,
CZBIL,34,25,30,,
CZBIL,36,25,681,,
PROFL,22,52,100,,
PROFL,11,52,30,,
PROFL,45,52,300,,
PROFL,36,52,17,,
PROFL,58,52,50,,
ICFC,20,28,30,,
ICFC,20,4,1000,,
ICFC,20,21,30,,
ICFC,20,26,500,,
ICFC,20,58,31,,
ICFC,20,42,10,,
JFL,45,46,100,,
BARUN,57,51,10,,
GLBSL,45,21,20,,
GLBSL,50,21,10,,
NICBF,6,59,100,,
NHPC,33,1,250,,
CHCL,49,7,200,,
MLBL,58,52,1046,,
MLBL,52,52,500,,
MLBL,32,52,100,,
MLBL,34,52,324,,
MLBL,19,52,200,,
MLBL,39,52,50,,
MLBL,39,52,100,,
MLBL,1,52,180,,
JOSHI,56,41,40,,
GFCL,47,38,50,,
GFCL,26,38,100,,
NRIC,58,45,47,,
SANIMA,35,44,20,,
NRIC,58,25,13,,
NRIC,58,59,60,,
SANIMA,58,44,430,,
SANIMA,42,44,50,,
AKJCL,36,45,70,,
NIFRA,29,45,950,,
AKJCL,42,45,30,,
ICFC,20,59,12,,
ICFC,20,58,33,,
NICA,35,13,50,,
ICFC,20,49,10,,
ICFC,20,28,50,,
ICFC,20,28,200,,
ICFC,20,1,100,,
ICFC,20,28,100,,
ICFC,20,42,165,,
ICFC,20,49,500,,
ICFC,20,54,100,,
ICFC,20,49,100,,
ICFC,20,13,50,,
ICFC,20,25,100,,
ICFC,20,35,200,,
ICFC,20,56,100,,
ICFC,20,48,1100,,
ICFC,20,59,200,,
ICFC,20,3,500,,
ICFC,20,57,160,,
ICFC,20,57,100,,
ICFC,20,34,1000,,
ICFC,20,49,490,,
ICFC,20,41,20,,
ICFC,20,45,200,,
ICFC,20,1,200,,
ICFC,20,25,500,,
ICFC,20,58,720,,
ICFC,20,21,1000,,
ICFC,20,57,100,,
ICFC,20,46,790,,
ICFC,20,21,500,,
ICFC,20,3,50,,
ICFC,20,58,45,,
ICFC,20,32,500,,
ICFC,20,17,200,,
ICFC,20,1,500,,
NHPC,13,1,100,,
NHPC,45,1,500,,
UPPER,59,38,80,,
KBL,1,34,14,,
UPPER,59,45,75,,
KBL,1,34,186,,
UPPER,59,44,10,,
UPPER,59,13,35,,
MLBSL,38,22,10,,
CIT,35,5,10,,
KRBL,52,57,10,,
KRBL,17,57,100,,
ICFC,18,21,10,,
ICFC,18,25,60,,
API,21,58,10,,
HDHPC,25,58,64,,
HDHPC,25,52,536,,
PIC,36,25,30,,
AKJCL,43,42,144,,
AKJCL,38,42,100,,
AKJCL,52,42,10,,
AKJCL,58,42,340,,
NBL,6,19,5,,
NBL,6,6,15,,
NBL,18,6,35,,
GBIME,38,11,38,,
UPCL,11,47,100,,
NABIL,28,36,35,,
NABIL,28,17,50,,
NABIL,28,57,35,,
HPPL,28,37,30,,
SHINE,56,42,100,,
SHPC,5,45,100,,
SHINE,45,42,100,,
DHPL,45,37,50,,
MFIL,51,10,200,,
MFIL,51,10,100,,
MFIL,45,10,40,,
MHNL,22,20,200,,
GBIME,22,32,45,,
MNBBL,57,42,15,,
NHPC,53,1,20,,
MLBL,1,25,100,,
HIDCL,42,1,100,,
UPCL,14,47,250,,
UMRH,51,6,180,,
UMRH,51,45,20,,
RHPL,41,51,100,,
LLBS,38,52,73,,
HIDCL,26,1,402,,
HIDCL,26,16,50,,
HIDCL,26,21,500,,
HIDCL,26,42,48,,
MMFDB,6,3,30,,
MMFDB,6,17,87,,
MMFDB,6,49,45,,
MEGA,57,6,3000,,
MMFDB,6,13,25,,
PICL,5,59,15,,
MLBL,1,45,30,,
UMHL,56,26,194,,
MLBL,1,38,190,,
AKJCL,58,52,340,,
KSBBL,56,14,100,,
AKJCL,58,1,20,,
JFL,43,38,300,,
NGPL,11,59,48,,
NGPL,29,59,20,,
NGPL,38,59,15,,
NGPL,57,59,17,,
GBIME,38,41,793,,
NHPC,34,1,3000,,
GBIME,34,41,607,,
MLBL,38,38,10,,
SBI,38,37,500,,
NGPL,57,29,50,,
NUBL,29,19,38,,
UMHL,53,26,156,,
UMHL,53,49,44,,
KBL,5,47,111,,
NICLBSL,7,4,10,,
UNHPL,50,26,70,,
ICFC,50,14,10,,
LLBS,38,5,27,,
LLBS,38,5,12,,
HDHPC,32,52,100,,
RADHI,10,3,60,,
RADHI,10,51,40,,
UMHL,39,49,200,,
NUBL,59,19,100,,
HIDCL,49,42,59,,
HIDCL,49,44,50,,
HIDCL,49,52,14,,
ADBL,49,38,45,,
NHPC,49,1,1000,,
HIDCL,49,19,377,,
LBBL,44,17,200,,
SHIVM,57,48,89,,
SHIVM,51,48,20,,
BFC,41,21,200,,
SHIVM,17,48,11,,
SHIVM,57,48,50,,
SHIVM,52,48,30,,
SHIVM,17,48,50,,
SHIVM,22,48,100,,
SHIVM,6,48,50,,
SHIVM,8,48,20,,
SHIVM,58,48,80,,
UPCL,57,47,30,,
MKLB,16,58,10,,
MKLB,16,14,30,,
MKLB,16,58,10,,
MKLB,16,13,15,,
RHPL,7,57,30,,
RADHI,45,51,50,,
SAHAS,13,45,10,,
UMHL,59,45,100,,
NHPC,45,1,50,,
JBBL,41,35,957,,
JBBL,41,37,43,,
MKJC,34,4,20,,
FMDBL,34,44,20,,
NIFRA,29,46,50,,
UMHL,59,57,30,,
NIFRA,35,46,100,,
UMHL,14,57,130,,
SBL,21,45,50,,
PIC,36,14,24,,
NLICL,42,32,45,,
CCBL,42,50,10,,
AKPL,43,51,100,,
AKPL,57,51,100,,
AKPL,57,28,115,,
AKPL,14,28,85,,
SAHAS,13,35,70,,
JBBL,51,35,100,,
MLBL,25,50,17,,
MLBL,52,50,25,,
MLBL,58,50,100,,
NIL,37,50,50,,
MLBL,59,50,343,,
KKHC,32,50,10,,
NLICL,28,32,55,,
FMDBL,43,44,180,,
FMDBL,43,57,25,,
MLBL,59,17,30,,
KSBBL,45,38,35,,
ADBL,34,38,1000,,
KSBBL,20,38,215,,
KSBBL,57,38,50,,
MKJC,6,58,10,,
DHPL,42,37,10,,
DHPL,42,45,10,,
NBL,42,18,400,,
CBBL,7,57,100,,
KSBBL,57,51,50,,
KSBBL,42,51,50,,
ULI,49,4,30,,
SIFC,5,45,100,,
NICA,8,1,350,,
AKPL,14,22,150,,
LBBL,44,22,530,,
JBLB,41,59,10,,
NIL,17,14,50,,
GFCL,48,38,15,,
RLFL,47,58,341,,
RLFL,41,58,100,,
RLFL,36,58,500,,
RLFL,11,58,300,,
RLFL,58,58,40,,
RLFL,14,58,30,,
RLFL,38,58,50,,
PRIN,45,48,164,,
RLFL,39,58,50,,
PRIN,48,48,56,,
RLFL,6,58,139,,
RLFL,14,58,20,,
RLFL,57,58,50,,
RLFL,26,58,50,,
TPC,58,42,10,,
RLFL,50,58,100,,
RLFL,45,58,30,,
RLFL,52,58,50,,
RLFL,49,58,150,,
NHPC,33,4,200,,
GRDBL,47,6,100,,
CBL,4,42,10,,
CBL,4,35,1000,,
CBL,4,57,165,,
CBL,4,3,400,,
CBL,4,58,50,,
CBL,4,40,1441,,
CBL,4,14,200,,
HIDCL,1,19,200,,
KBL,34,34,10,,
NUBL,35,19,23,,
NUBL,59,19,20,,
HIDCL,55,19,10,,
LBBL,38,35,300,,
LBBL,38,21,200,,
NMBMF,38,57,10,,
SSHL,48,35,100,,
BFC,14,21,10,,
KKHC,57,58,69,,
KKHC,35,58,60,,
KKHC,22,58,100,,
KKHC,34,58,21,,
EIC,47,25,20,,
SBL,4,45,38,,
SHEL,41,17,70,,
SHEL,3,17,100,,
MEGA,57,41,75,,
SHEL,57,17,30,,
CFCL,49,52,100,,
SBI,38,38,10,,
SBI,38,38,50,,
SIFC,57,45,100,,
AKJCL,21,1,100,,
HPPL,29,37,15,,
CBL,48,42,44,,
NHPC,53,4,50,,
NHPC,22,7,83,,
NHPC,17,7,100,,
NHPC,34,7,10,,
NHPC,47,7,1000,,
NHPC,34,7,100,,
NHPC,29,7,707,,
SAHAS,55,28,10,,
API,6,58,94,,
UMHL,6,49,250,,
SHINE,4,42,10,,
SAHAS,55,45,10,,
SBL,17,45,300,,
SAHAS,55,44,90,,
PRIN,48,43,89,,
PRIN,35,43,81,,
PRIN,13,43,30,,
GLH,43,38,160,,
NRIC,20,57,40,,
NBL,45,18,100,,
NMBMF,13,8,100,,
NUBL,44,48,27,,
NUBL,44,32,52,,
HDL,44,50,80,,
HDL,44,8,20,,
NLICL,44,8,20,,
UPPER,26,19,351,,
UPPER,5,19,50,,
UPPER,26,19,719,,
UPPER,38,19,35,,
UMHL,46,49,200,,
SIFC,44,14,60,,
HPPL,42,37,20,,
SADBL,32,48,200,,
KMCDB,25,33,10,,
KMCDB,25,11,10,,
KMCDB,25,6,80,,
AHPC,50,7,50,,
AKPL,14,28,50,,
BFC,33,21,10,,
NBL,18,54,165,,
NBL,4,54,200,,
NBL,41,54,40,,
NBL,34,54,95,,
GFCL,22,38,25,,
SAPDBL,49,41,10,,
NBL,38,18,10,,
CGH,28,49,200,,
RSDC,57,35,50,,
RSDC,57,16,90,,
HIDCL,16,19,211,,
HIDCL,57,19,25,,
HIDCL,51,19,100,,
HIDCL,56,19,110,,
HIDCL,40,19,100,,
JBBL,48,35,700,,
KBL,5,49,60,,
PPCL,28,45,100,,
GBIME,34,35,150,,
GBIME,34,33,100,,
GBIME,34,42,143,,
NHPC,34,4,500,,
NHPC,55,4,100,,
SHIVM,59,34,10,,
BFC,43,38,100,,
BFC,19,38,300,,
BFC,58,38,10,,
BFC,49,38,200,,
BFC,26,38,20,,
HIDCL,57,19,30,,
GHL,43,7,355,,
GILB,55,6,32,,
CFCL,52,52,50,,
SHPC,5,1,430,,
SHPC,57,1,100,,
SHPC,42,1,20,,
SHPC,48,1,100,,
SHPC,57,1,300,,
SHPC,1,1,15,,
SHPC,11,1,30,,
HDHPC,45,52,50,,
NHPC,29,33,993,,
EDBL,33,49,10,,
NHPC,58,33,507,,
NHPC,34,4,150,,
NCCB,49,34,10,,
NABBC,55,32,20,,
NABBC,55,40,40,,
NABBC,55,26,90,,
MLBL,59,21,30,,
CCBL,21,50,10,,
AIL,19,42,30,,
AKPL,14,42,215,,
MNBBL,28,42,14,,
KSBBL,20,28,80,,
NABIL,26,57,10,,
MLBSL,52,22,10,,
MLBSL,52,32,10,,
FOWAD,33,17,20,,
SANIMA,44,16,300,,
SHL,44,22,200,,
UPPER,17,13,10,,
SAHAS,55,58,10,,
SPDL,44,21,50,,
CBL,33,57,500,,
SFCL,57,56,100,,
HDHPC,57,52,100,,
ADBL,42,38,80,,
CFCL,20,52,140,,
NHPC,22,4,1200,,
NGPL,57,34,33,,
NRN,21,17,10,,
SPDL,44,21,380,,
SPDL,57,21,20,,
SPDL,55,21,25,,
SPDL,34,21,100,,
SPDL,45,21,50,,
SPDL,6,21,100,,
SPDL,33,21,100,,
SPDL,34,21,10,,
SPDL,56,21,50,,
SPDL,34,21,335,,
SPDL,42,21,100,,
SPDL,29,21,200,,
SPDL,21,21,30,,
JBBL,58,35,30,,
HIDCL,26,19,50,,
NLIC,13,50,36,,
NLIC,58,50,54,,
NLIC,14,50,10,,
IGI,50,58,30,,
MHNL,45,44,20,,
CHDC,5,34,20,,
GBIME,34,42,15,,
CHDC,5,34,50,,
BOKL,38,45,20,,
BPCL,21,57,20,,
NRN,21,40,147,,
NRN,21,40,300,,
NRN,45,40,53,,
NRN,34,40,50,,
NRN,38,40,50,,
SHPC,16,58,350,,
SICL,14,26,10,,
LBBL,44,37,31,,
LBBL,48,37,19,,
NIFRA,54,25,70,,
NIFRA,25,25,100,,
NIFRA,56,25,15,,
NIFRA,58,25,15,,
ADBL,51,38,100,,
JFL,34,41,30,,
SSHL,48,32,260,,
SSHL,48,7,30,,
CBL,38,42,470,,
CBL,38,1,30,,
NIFRA,58,59,15,,
AKPL,43,32,66,,
NIFRA,38,59,85,,
AKPL,25,32,15,,
ICFC,13,32,25,,
AKPL,43,32,50,,
ICFC,28,32,30,,
AKPL,44,32,80,,
ICFC,58,32,45,,
AKPL,42,32,10,,
GBIME,32,42,50,,
SJCL,58,42,40,,
GBIME,51,42,100,,
CHL,3,11,300,,
SSHL,28,7,50,,
HDHPC,25,52,70,,
HIDCL,3,19,20,,
LEC,47,4,10,,
SHPC,4,58,200,,
PPCL,28,36,65,,
SHIVM,58,51,20,,
NUBL,34,32,200,,
JBBL,51,41,270,,
JBBL,34,41,100,,
JBBL,58,41,10,,
JBBL,26,41,100,,
NBB,36,38,15,,
NUBL,57,32,35,,
NTC,57,33,100,,
NIFRA,44,45,10,,
MLBL,59,8,200,,
MLBL,59,6,1900,,
MLBL,59,25,100,,
MLBL,59,59,10,,
MLBL,59,57,387,,
NIFRA,38,19,15,,
NIFRA,58,19,30,,
NIFRA,34,19,155,,
MDB,45,34,13,,
SJCL,50,57,18,,
MDB,45,35,200,,
MDB,45,45,90,,
MDB,45,57,83,,
MDB,45,1,30,,
MDB,45,52,100,,
MDB,45,21,200,,
MDB,45,44,70,,
MDB,45,45,200,,
SGI,39,49,100,,
SGI,39,11,10,,
SGI,39,57,10,,
SGI,39,47,250,,
SGI,39,7,10,,
SGI,39,14,10,,
SGI,39,32,100,,
SGI,39,38,30,,
SGI,39,41,10,,
SGI,39,16,10,,
SGI,39,42,40,,
CFCL,20,8,110,,
SGI,39,38,200,,
SGI,39,4,10,,
SGI,39,58,10,,
SGI,39,21,10,,
SGI,39,37,60,,
SGI,39,6,50,,
SGI,39,4,10,,
DDBL,55,20,23,,
SGI,39,41,10,,
MKJC,34,4,10,,
PLIC,52,48,10,,
JOSHI,48,41,100,,
NHPC,54,4,500,,
STC,14,38,10,,
NBF2,14,34,100,,
GUFL,3,52,10,,
PMHPL,58,25,40,,
ADBL,29,13,35,,
ADBL,41,13,25,,
DHPL,38,45,100,,
DHPL,36,45,70,,
DHPL,32,45,200,,
DHPL,34,45,100,,
DHPL,41,45,20,,
KBL,45,49,10,,
SADBL,32,58,120,,
SHPC,21,58,1250,,
NIFRA,35,45,880,,
MHNL,49,44,190,,
MHNL,49,44,45,,
MHNL,49,33,235,,
LEC,47,7,200,,
SAHAS,55,28,10,,
UMHL,4,49,50,,
ULI,1,45,10,,
ULI,1,8,10,,
ULI,1,26,10,,
ULI,1,48,10,,
ULI,1,1,10,,
JFL,34,1,40,,
ULI,1,58,10,,
CBL,28,1,70,,
HIDCL,1,19,50,,
API,6,38,150,,
API,6,41,300,,
API,6,45,550,,
API,6,32,281,,
NHPC,8,4,20,,
NTC,58,33,10,,
NTC,58,45,30,,
RADHI,47,38,50,,
RADHI,32,38,64,,
JBBL,48,35,73,,
GMFIL,57,5,127,,
CBL,28,58,180,,
CBL,50,58,20,,
AHPC,38,58,151,,
HPPL,54,37,100,,
MLBSL,13,42,28,,
MLBSL,38,42,20,,
MLBSL,6,42,10,,
MLBSL,45,42,70,,
MLBSL,45,37,10,,
AKPL,5,42,91,,
AKPL,5,17,100,,
AKPL,5,35,53,,
AKPL,5,42,376,,
AKPL,5,58,150,,
AKPL,5,57,30,,
HPPL,45,37,100,,
RADHI,55,51,50,,
RADHI,51,51,60,,
PLI,34,58,10,,
IGI,41,58,50,,
RADHI,57,38,85,,
LGIL,4,34,680,,
LGIL,8,34,50,,
LGIL,10,34,200,,
LGIL,22,34,140,,
LGIL,37,34,130,,
CBBL,34,21,300,,
UMRH,11,41,100,,
NGPL,38,57,35,,
HPPL,46,37,110,,
SADBL,32,42,70,,
HIDCL,54,19,20,,
CFCL,20,54,250,,
CHCL,49,42,118,,
MFIL,16,13,100,,
CCBL,25,50,30,,
MFIL,47,13,150,,
CZBIL,36,13,50,,
CZBIL,11,13,50,,
NBB,36,53,500,,
GMFIL,34,5,100,,
GMFIL,45,5,100,,
ICFC,45,25,140,,
ICFC,45,44,50,,
ICFC,45,45,10,,
FMDBL,51,57,15,,
NBB,36,51,880,,
NBB,36,22,200,,
NABIL,59,57,55,,
NABIL,59,7,200,,
NABIL,59,6,50,,
NABIL,59,25,140,,
NABIL,59,58,10,,
HPPL,59,37,150,,
CHL,58,38,50,,
SAHAS,55,49,10,,
JBLB,55,49,100,,
SIFC,48,45,80,,
SIFC,48,35,300,,
NABBC,55,26,150,,
NHPC,33,4,50,,
GBIME,47,33,100,,
HIDCL,13,19,10,,
NUBL,4,32,23,,
NUBL,4,42,77,,
UPCL,56,45,460,,
UPCL,29,45,140,,
CHL,14,22,300,,
NHPC,22,4,200,,
PCBL,59,34,100,,
NHDL,22,34,40,,
PCBL,38,34,100,,
BFC,25,21,30,,
BFC,28,21,100,,
BFC,45,21,50,,
BFC,50,21,75,,
BFC,50,21,140,,
BFC,54,21,110,,
BFC,42,21,150,,
BFC,34,21,500,,
BFC,52,21,100,,
AHPC,38,46,40,,
AKJCL,52,57,90,,
AKJCL,26,57,10,,
AKJCL,48,57,50,,
AKJCL,4,57,40,,
AKJCL,4,57,10,,
ILBS,53,32,12,,
AKJCL,42,1,15,,
KMCDB,25,6,10,,
HDHPC,41,52,20,,
HDHPC,36,52,427,,
NIFRA,34,1,60,,
NRIC,50,57,10,,
NRIC,50,48,50,,
CLBSL,17,49,25,,
CLBSL,17,58,40,,
ALICL,28,38,25,,
ALICL,32,38,50,,
NRIC,48,38,20,,
GFCL,3,57,50,,
UPCL,59,47,30,,
HIDCL,40,32,100,,
JBBL,19,35,10,,
SHEL,49,49,10,,
BFC,17,58,50,,
MKLB,4,55,10,,
KBL,55,49,50,,
LBBL,48,4,181,,
LBBL,38,4,300,,
NUBL,59,1,80,,
LICN,17,6,385,,
MLBL,51,25,100,,
ULI,35,45,10,,
NUBL,39,42,100,,
UPCL,51,47,324,,
HIDCL,47,43,280,,
CZBIL,41,49,50,,
CZBIL,41,49,50,,
NHPC,41,4,25,,
RMDC,57,19,20,,
RHPL,35,57,20,,
SAHAS,55,58,430,,
API,58,32,300,,
NLIC,5,45,50,,
SPDL,6,47,100,,
BFC,6,38,200,,
SHL,45,22,100,,
SHL,16,22,1000,,
SHL,46,22,1000,,
SHL,18,22,250,,
SHL,26,22,400,,
NHPC,42,4,150,,
NABIL,49,58,20,,
MLBBL,58,58,10,,
NIFRA,34,58,10,,
SBL,56,55,12,,
ICFC,28,45,990,,
ICFC,28,58,10,,
KSBBL,20,51,75,,
KSBBL,7,51,25,,
AKJCL,34,1,75,,
AHPC,38,42,10,,
ACLBSL,51,41,50,,
AHPC,38,48,35,,
AHPC,38,21,80,,
GBIME,22,11,52,,
AHPC,38,1,184,,
CHDC,5,35,10,,
CHDC,5,56,10,,
CHDC,47,56,10,,
HDL,26,8,10,,
GBLBS,32,58,400,,
RMDC,6,1,15,,
NHPC,43,4,50,,
KBL,34,49,50,,
BFC,7,38,140,,
NHPC,33,4,500,,
SFMF,38,58,2150,,
SFMF,28,58,2850,,
NHPC,58,45,50,,
AKPL,45,57,50,,
KSBBL,51,14,70,,
NLIC,58,8,11,,
NLIC,36,8,28,,
NLIC,57,8,11,,
NLIC,14,8,20,,
CCBL,21,50,300,,
GBIME,6,57,56,,
GBIME,21,57,205,,
MEN,26,21,10,,
GBIME,58,57,100,,
GBIME,5,57,39,,
AKJCL,41,1,10,,
NUBL,21,42,20,,
CBL,38,42,2910,,
CBL,38,52,90,,
KKHC,57,50,10,,
HDHPC,36,57,285,,
NBB,38,22,100,,
GBBL,41,59,15,,
GBBL,19,59,20,,
GBBL,41,59,10,,
GBBL,32,59,296,,
GBBL,42,59,40,,
GBBL,14,59,44,,
GBBL,49,59,100,,
GBBL,28,59,80,,
GBBL,19,59,1395,,
NABIL,17,10,17,,
NABIL,47,10,33,,
PROFL,42,58,10,,
GBIME,59,26,200,,
SADBL,4,42,50,,
JLI,58,4,10,,
NHPC,58,25,100,,
NMFBS,49,58,10,,
NMFBS,19,58,10,,
NMFBS,57,58,10,,
HDHPC,17,56,40,,
CBL,56,52,100,,
CBL,43,52,10,,
CBL,53,52,200,,
CBL,58,52,10,,
CBL,22,52,400,,
SHINE,52,58,20,,
AHPC,45,1,100,,
AHPC,6,1,50,,
AHPC,21,1,100,,
AHPC,36,1,100,,
NRN,42,45,160,,
AHPC,44,1,1000,,
NRN,21,45,35,,
AHPC,32,1,100,,
NRN,42,45,200,,
AHPC,36,1,66,,
NRN,40,45,100,,
NLIC,44,45,17,,
UMHL,45,49,28,,
PFL,20,21,10,,
JFL,51,38,120,,
HDL,41,58,10,,
NIL,37,21,25,,
AHPC,21,1,300,,
LBBL,38,49,30,,
API,21,32,100,,
API,5,32,19,,
STC,19,21,10,,
STC,19,34,10,,
AKPL,44,42,20,,
RLFL,49,13,150,,
SMFBS,16,41,136,,
CBL,58,52,19,,
CBL,17,52,120,,
CBL,42,52,141,,
AKPL,41,57,20,,
NLIC,44,32,23,,
AKPL,32,42,33,,
NLIC,57,32,20,,
AKPL,32,34,67,,
NLIC,45,32,57,,
RMDC,34,19,80,,
BARUN,14,7,300,,
MEGA,34,48,195,,
CBL,26,19,198,,
CBL,26,36,22,,
MSLB,36,4,10,,
UMHL,33,49,128,,
UMHL,33,38,72,,
BBC,45,56,10,,
BBC,45,58,10,,
HDHPC,36,34,38,,
NABIL,57,58,25,,
SICL,38,26,52,,
SSHL,58,32,70,,
NTC,49,14,100,,
HDL,41,16,10,,
SABSL,14,7,90,,
SABSL,44,7,10,,
JBBL,16,56,250,,
SHINE,52,8,19,,
JFL,34,53,46,,
SAEF,37,6,10000,,
NBL,21,18,150,,
DHPL,45,37,10,,
NIL,37,4,17,,
NABIL,47,13,67,,
NABIL,38,13,35,,
NABIL,58,13,51,,
NABIL,36,13,20,,
NABIL,45,13,187,,
AKJCL,50,1,200,,
API,5,34,281,,
PROFL,45,58,70,,
PROFL,45,54,30,,
NHPC,58,39,343,,
NHPC,8,39,60,,
NHPC,48,39,87,,
NHPC,49,39,240,,
JOSHI,34,41,10,,
CHDC,18,38,10,,
CHDC,18,1,10,,
CHDC,18,44,10,,
IGI,50,38,13,,
IGI,33,38,17,,
IGI,48,38,70,,
MLBSL,38,32,10,,
NHPC,14,4,400,,
MFIL,45,19,10,,
GBBL,19,11,50,,
GBBL,19,42,500,,
GBBL,19,20,55,,
MDB,38,7,50,,
GMFBS,10,42,34,,
GMFBS,10,43,20,,
SDLBSL,3,57,100,,
SHPC,37,58,10,,
NLIC,26,50,100,,
API,56,34,379,,
SBI,38,50,76,,
SBI,38,49,30,,
NICL,34,40,100,,
SJCL,58,48,10,,
JBBL,16,33,80,,
RLFL,34,39,100,,
GIC,34,38,10,,
RADHI,51,8,40,,
ULI,1,49,10,,
ULI,1,41,10,,
ULI,1,49,10,,
ULI,1,42,100,,
OHL,17,1,26,,
ULI,1,33,60,,
OHL,17,1,674,,
SHIVM,17,25,139,,
SHIVM,52,25,35,,
SHIVM,34,25,20,,
SHIVM,45,25,106,,
SHIVM,22,25,650,,
SHIVM,34,25,50,,
RHPL,26,51,200,,
MLBL,45,57,50,,
MLBL,7,57,363,,
NHPC,57,4,200,,
FMDBL,38,57,10,,
UMHL,59,38,28,,
UMHL,59,32,172,,
CBBL,8,14,10,,
SSHL,58,11,30,,
NABIL,40,58,120,,
MNBBL,58,42,10,,
NHPC,58,4,10,,
GMFIL,47,59,10,,
GMFIL,47,51,80,,
ULI,1,34,10,,
GRDBL,41,49,125,,
SHINE,49,8,100,,
RADHI,19,4,100,,
NHPC,48,7,913,,
NHPC,29,7,387,,
NHPC,28,7,200,,
API,3,45,40,,
UPPER,35,13,20,,
KRBL,41,29,200,,
SBL,8,55,50,,
GBIME,53,32,200,,
SFCL,47,51,250,,
AKJCL,4,57,290,,
AKJCL,57,57,160,,
GBBL,57,20,50,,
AKJCL,14,57,50,,
NGPL,41,6,16,,
NGPL,28,6,180,,
ADBL,57,58,30,,
ADBL,58,58,50,,
ADBL,6,58,20,,
ADBL,26,58,15,,
ADBL,57,58,50,,
ADBL,14,58,99,,
ICFC,52,58,190,,
KBL,32,49,300,,
NABIL,7,58,100,,
NGPL,28,14,20,,
SFCL,47,56,10,,
SLI,38,35,10,,
PROFL,22,54,100,,
SLI,38,38,10,,
SLI,38,44,10,,
SLI,38,21,10,,
NGPL,41,21,34,,
SLI,38,32,10,,
NGPL,42,21,16,,
SLI,38,7,10,,
NGPL,41,21,68,,
SLI,38,58,10,,
NGPL,14,21,50,,
SLI,38,58,10,,
SLI,38,38,10,,
SLI,38,47,10,,
AKPL,41,26,50,,
SLI,38,46,10,,
SLI,38,49,20,,
CBBL,25,38,20,,
BARUN,38,38,400,,
AKJCL,59,1,80,,
AKJCL,59,35,20,,
SJCL,49,48,70,,
SJCL,49,22,40,,
SJCL,49,34,40,,
NLICL,58,8,100,,
DDBL,55,58,10,,
AIL,44,55,10,,
CFCL,51,1,37,,
CFCL,7,1,28,,
CFCL,3,1,100,,
CFCL,57,1,200,,
CFCL,17,1,50,,
CGH,34,55,10,,
LICN,25,58,10,,
NUBL,22,42,50,,
SCB,38,42,11,,
RHPL,26,52,30,,
NUBL,45,42,53,,
NUBL,45,26,47,,
NUBL,21,26,110,,
AHPC,36,38,54,,
SABSL,38,58,30,,
AHPC,38,38,420,,
NABIL,51,58,25,,
HDL,21,11,83,,
HDL,42,11,10,,
HDL,51,11,10,,
HDL,29,11,70,,
HDL,53,11,100,,
HDL,25,11,10,,
API,56,47,421,,
SFCL,47,22,50,,
API,4,47,79,,
NIFRA,35,45,10,,
ICFC,52,58,10,,
API,4,16,21,,
ICFC,17,58,100,,
ICFC,57,58,40,,
IGI,33,58,20,,
RADHI,32,34,36,,
BOKL,58,25,32,,
BOKL,47,25,200,,
FMDBL,17,57,50,,
BOKL,45,25,20,,
FMDBL,17,28,10,,
BOKL,35,25,205,,
FMDBL,17,59,40,,
UPPER,21,13,35,,
UPPER,21,19,65,,
HDHPC,38,56,43,,
BFC,58,38,500,,
API,49,16,200,,
UNHPL,7,38,10,,
JFL,45,53,50,,
SICL,58,26,15,,
SGI,39,42,10,,
SGI,39,42,20,,
SGI,39,42,20,,
NBB,38,51,120,,
NBB,38,35,80,,
MNBBL,42,42,10,,
NIFRA,11,45,50,,
NIFRA,34,55,200,,
PICL,7,52,49,,
SGI,39,38,20,,
SAHAS,55,57,10,,
NHPC,37,4,150,,
SGI,39,38,20,,
SGI,39,38,20,,
SGI,39,38,20,,
SHINE,38,8,50,,
SHINE,7,8,50,,
SHINE,13,8,100,,
SHINE,33,8,190,,
JBBL,16,37,194,,
JBBL,51,10,50,,
API,49,52,100,,
MLBL,7,50,560,,
SGI,39,38,20,,
SGI,39,38,20,,
SGI,39,38,10,,
SGI,39,55,10,,
RLFL,34,1,10,,
GFCL,28,17,405,,
GFCL,38,17,25,,
GFCL,49,17,55,,
GFCL,50,17,15,,
UMHL,45,21,200,,
AKPL,46,42,191,,
AKPL,46,58,100,,
AKPL,46,55,70,,
JBBL,51,57,50,,
LBL,36,26,500,,
VLBS,21,51,28,,
CFCL,14,58,20,,
LBL,34,42,60,,
MLBL,7,34,77,,
AKPL,21,49,40,,
AKPL,4,49,10,,
AKPL,19,49,200,,
HDL,47,8,10,,
SAHAS,55,28,10,,
SGI,39,55,20,,
SGI,39,55,20,,
EIC,43,21,45,,
EIC,21,21,55,,
SHPC,11,1,20,,
API,3,52,200,,
SFCL,45,22,50,,
SGI,39,55,20,,
SGI,39,55,20,,
SGI,39,55,20,,
NHPC,46,4,50,,
MLBL,34,58,51,,
HPPL,44,58,170,,
MLBL,47,58,149,,
CBL,22,44,100,,
CBL,36,44,20,,
CBL,57,44,100,,
CBL,48,44,500,,
CBL,33,44,500,,
CBL,7,44,1000,,
CBL,58,44,240,,
GFCL,50,45,130,,
MHNL,52,44,20,,
SGI,39,55,20,,
SGI,39,55,20,,
SWBBL,50,34,110,,
SWBBL,7,34,100,,
SWBBL,53,34,20,,
SWBBL,37,34,10,,
SAPDBL,34,58,100,,
UPCL,29,21,30,,
JOSHI,57,41,50,,
NHPC,51,4,80,,
ADBL,14,11,141,,
AHPC,42,48,100,,
JBBL,51,10,40,,
GLBSL,50,34,10,,
GFCL,50,16,145,,
CBL,58,45,760,,
CBL,17,45,240,,
MLBS,33,7,10,,
MLBS,33,45,10,,
MLBS,33,58,10,,
MLBS,33,38,10,,
MLBS,33,57,10,,
MLBS,33,8,10,,
MLBS,33,11,10,,
AKJCL,39,35,200,,
MLBS,33,25,10,,
SGI,39,55,20,,
SGI,39,55,20,,
MLBS,33,59,10,,
MLBS,33,42,10,,
SGI,39,55,20,,
MLBS,33,45,10,,
MLBS,33,35,10,,
MLBS,33,42,10,,
MLBS,33,58,10,,
MLBS,33,29,10,,
CHL,29,58,79,,
CBBL,32,14,10,,
CBBL,32,42,60,,
NHPC,29,3,113,,
NHPC,34,3,100,,
NHPC,19,3,200,,
NMFBS,44,4,50,,
RURU,49,48,10,,
RURU,49,34,20,,
TPC,58,50,10,,
PROFL,20,54,20,,
ALICL,7,45,11,,
ALICL,57,45,38,,
GBIME,5,52,22,,
ALICL,57,45,50,,
SGI,39,55,20,,
SGI,39,55,20,,
SGI,39,55,20,,
STC,57,34,10,,
NHPC,41,4,200,,
JBBL,36,37,351,,
GFCL,49,16,105,,
NMB,16,8,73,,
NMB,16,29,177,,
GFCL,58,16,10,,
SGI,39,55,20,,
SGI,39,55,20,,
AKJCL,17,35,280,,
AKJCL,17,57,500,,
AKJCL,17,33,220,,
SHPC,48,1,10,,
SHIVM,36,51,10,,
PCBL,59,48,50,,
PCBL,59,6,15,,
PCBL,59,49,140,,
NBL,58,18,100,,
STC,37,58,10,,
GRDBL,42,6,500,,
GBIME,49,32,30,,
NHPC,50,4,25,,
SGI,39,55,20,,
SGI,39,55,20,,
SGI,39,55,20,,
CHL,17,19,100,,
HDHPC,36,51,150,,
HDHPC,36,13,100,,
GBIME,5,38,244,,
GBIME,55,38,140,,
GBIME,51,38,500,,
GBIME,38,38,100,,
GBIME,48,38,340,,
ICFC,58,22,40,,
GHL,43,7,145,,
CHL,26,19,200,,
SGI,39,55,20,,
SGI,39,55,20,,
DDBL,55,11,67,,
DDBL,45,11,105,,
DDBL,45,11,55,,
DDBL,1,11,16,,
DDBL,49,11,50,,
DDBL,38,11,12,,
DDBL,21,11,10,,
HDL,1,8,18,,
HDL,1,59,40,,
BARUN,52,38,100,,
SGI,39,55,20,,
SGI,39,55,20,,
SGI,39,55,10,,
SGI,39,32,10,,
NABIL,16,52,5,,
NABIL,42,52,20,,
MLBL,11,34,100,,
AKJCL,6,33,100,,
NABIL,45,49,13,,
NTC,58,42,10,,
NTC,58,14,200,,
NABIL,21,49,30,,
NTC,58,13,40,,
GFCL,58,16,20,,
HIDCL,47,10,425,,
BARUN,14,45,48,,
BARUN,22,45,10,,
BARUN,42,45,100,,
SADBL,55,42,50,,
BARUN,57,45,30,,
BARUN,42,45,12,,
SGI,39,55,20,,
SGI,39,55,20,,
RMDC,34,52,190,,
RMDC,34,34,200,,
RMDC,34,38,30,,
NLICL,34,8,10,,
GBIME,48,21,97,,
GBIME,45,21,40,,
API,56,57,100,,
API,57,52,30,,
NRIC,48,11,115,,
GBIME,48,40,243,,
GBIME,4,40,20,,
GBIME,34,40,100,,
GBIME,51,40,22,,
GBIME,45,40,150,,
GBIME,58,40,15,,
GBIME,53,40,300,,
GBIME,20,40,250,,
GBIME,58,40,900,,
MLBL,8,34,55,,
MLBL,8,32,195,,
HIDCL,47,19,200,,
HIDCL,47,49,90,,
NHPC,50,4,1000,,
UPPER,38,19,30,,
LICN,17,58,20,,
AKPL,21,58,50,,
LICN,25,58,50,,
LICN,33,58,20,,
GFCL,28,16,25,,
NIL,1,21,20,,
SGI,39,55,20,,
SGI,39,55,20,,
NLG,25,45,10,,
JBBL,51,56,300,,
NRIC,32,11,85,,
NRIC,32,22,15,,
NHPC,53,4,10,,
MNBBL,14,42,80,,
GFCL,11,16,100,,
NIFRA,44,45,50,,
API,19,52,100,,
SHPC,57,55,200,,
MDB,38,52,100,,
KSBBL,20,38,100,,
API,56,52,100,,
HIDCL,21,49,20,,
ADBL,17,11,100,,
MLBS,59,38,10,,
MLBS,59,19,225,,
MLBS,59,47,30,,
BARUN,38,38,50,,
BARUN,49,38,20,,
BARUN,51,38,20,,
BARUN,53,38,50,,
BARUN,13,38,20,,
NRIC,7,22,25,,
SPDL,21,6,100,,
SPDL,49,6,145,,
SPDL,35,6,75,,
SPDL,40,6,50,,
SPDL,49,6,28,,
AHPC,50,48,10,,
NIFRA,34,45,50,,
API,45,52,15,,
PCBL,39,49,40,,
CHL,29,34,100,,
MNBBL,14,58,200,,
MNBBL,14,33,190,,
MNBBL,14,10,30,,
MDB,38,38,90,,
HIDCL,34,35,476,,
HIDCL,35,35,50,,
HIDCL,32,35,49,,
HIDCL,39,35,25,,
HPPL,13,37,200,,
LBBL,19,49,88,,
LBBL,55,49,100,,
AKJCL,26,33,50,,
AHPC,38,47,80,,
AHPC,45,47,100,,
AHPC,45,47,200,,
JBBL,51,47,25,,
AHPC,42,47,120,,
NLIC,45,39,43,,
SGI,39,55,20,,
ALICL,17,28,68,,
JBBL,51,56,98,,
CBL,17,41,125,,
NLIC,57,35,10,,
SAHAS,55,7,100,,
MHNL,49,49,10,,
MHNL,49,32,10,,
SPDL,49,49,12,,
NRIC,42,4,10,,
AHPC,58,48,15,,
UPPER,45,41,50,,
HIDCL,45,49,10,,
API,52,52,100,,
JFL,21,53,75,,
CHDC,18,21,10,,
CHDC,18,7,10,,
NHPC,14,4,50,,
NHPC,45,4,500,,
NHPC,53,4,200,,
NHPC,32,4,10,,
NHPC,53,4,200,,
KKHC,6,50,70,,
SAHAS,55,28,10,,
GBIME,57,32,355,,
GBIME,57,48,30,,
GBIME,57,26,115,,
NIFRA,57,45,155,,
NICA,25,54,300,,
NICA,25,37,65,,
KSBBL,25,53,20,,
AHPC,42,48,840,,
OHL,17,28,10,,
NGPL,58,57,12,,
JFL,51,53,100,,
JFL,6,53,79,,
KSBBL,7,53,100,,
SHINE,7,19,50,,
HIDCL,45,49,100,,
BPCL,29,44,38,,
BPCL,55,44,62,,
UPCL,29,52,30,,
NMFBS,45,4,100,,
UPCL,28,52,270,,
ADBL,19,11,20,,
UPCL,28,41,90,,
UPCL,28,47,500,,
UPCL,28,34,140,,
PROFL,44,54,30,,
PROFL,17,54,20,,
PROFL,46,54,260,,
PROFL,28,54,470,,
HIDCL,52,49,200,,
ICFC,58,42,50,,
AHPC,42,34,50,,
MLBBL,21,38,10,,
SHPC,57,1,10,,
GBBL,57,20,50,,
SHIVM,22,14,10,,
NBB,16,42,590,,
UPPER,38,29,70,,
NBB,43,42,50,,
NBB,37,42,1000,,
NBB,7,42,90,,
NHPC,53,35,10,,
KRBL,3,40,30,,
GFCL,3,16,10,,
AHPC,42,10,100,,
AKPL,49,52,50,,
AKJCL,57,52,40,,
UMRH,1,41,30,,
GILB,51,6,25,,
JFL,6,8,200,,
GBIME,8,26,100,,
SIFC,50,13,100,,
SHINE,45,19,80,,
JBBL,34,37,55,,
PLIC,59,21,50,,
PLIC,17,21,50,,
UPPER,48,29,30,,
NIFRA,48,45,75,,
NIFRA,48,55,50,,
KMCDB,52,40,10,,
NHPC,3,57,403,,
NHPC,3,58,97,,
NUBL,35,13,453,,
NUBL,35,25,24,,
SINDU,45,6,65,,
UPPER,52,41,50,,
SSHL,34,11,160,,
SSHL,34,34,80,,
SSHL,34,45,60,,
NRIC,34,11,200,,
API,54,52,100,,
GBIME,59,41,52,,
GBIME,59,41,43,,
GBIME,34,41,400,,
AKPL,21,41,70,,
GBIME,58,41,100,,
AKPL,5,41,130,,
GBIME,45,41,357,,
AHPC,42,58,10,,
NGPL,42,26,50,,
NGPL,48,26,100,,
NGPL,11,26,100,,
NGPL,34,26,10,,
PMHPL,45,33,50,,
PIC,45,19,50,,
AIL,21,42,10,,
HDHPC,42,21,300,,
HDHPC,48,21,128,,
JBLB,57,46,10,,
ADBL,26,41,10,,
MFIL,51,14,100,,
RHPL,26,48,54,,
RHPL,41,48,100,,
RHPL,44,48,51,,
RHPL,48,48,10,,
ADBL,49,11,10,,
TRH,43,19,30,,
API,19,52,50,,
PCBL,17,49,100,,
CFCL,56,58,150,,
MHNL,54,32,10,,
MHNL,34,32,30,,
EBL,38,36,25,,
EBL,35,36,50,,
EBL,1,36,25,,
LBBL,19,56,12,,
LBBL,55,56,188,,
AKJCL,21,52,100,,
AKJCL,47,52,120,,
AKJCL,13,52,30,,
AKJCL,44,52,10,,
SAHAS,57,47,230,,
SAHAS,57,7,10,,
SAHAS,57,34,10,,
SAHAS,57,22,10,,
SAHAS,57,17,10,,
SAHAS,57,44,20,,
SAHAS,57,35,10,,
BPCL,57,45,100,,
BFC,14,38,10,,
NABIL,36,58,10,,
NABIL,36,58,10,,
NABIL,35,58,25,,
NABIL,34,58,90,,
NHDL,22,40,80,,
NICA,4,45,128,,
NICA,10,45,72,,
RADHI,52,42,100,,
SJCL,58,49,200,,
SLI,37,33,10,,
API,49,52,30,,
API,54,52,200,,
API,56,52,48,,
API,42,52,106,,
API,34,52,200,,
API,36,52,100,,
API,41,52,50,,
API,26,52,210,,
API,45,52,26,,
API,54,52,35,,
API,22,52,100,,
API,41,52,100,,
API,38,52,100,,
SIC,21,10,20,,
AHPC,42,57,200,,
API,38,32,94,,
API,10,32,100,,
API,42,32,44,,
SADBL,58,42,70,,
SADBL,48,42,60,,
NHDL,11,45,50,,
MLBSL,38,51,10,,
GFCL,14,16,100,,
AKPL,5,20,70,,
API,42,45,16,,
API,59,45,200,,
API,42,45,10,,
SICL,52,26,10,,
KKHC,6,21,80,,
UPPER,57,41,62,,
UPPER,57,48,48,,
UPPER,57,22,90,,
NLBBL,17,57,88,,
NIFRA,34,38,25,,
NIFRA,48,38,25,,
NIFRA,35,38,50,,
SIFC,34,38,98,,
UMHL,45,13,172,,
UMHL,5,13,128,,
GLH,49,57,10,,
NMFBS,20,4,50,,
RLFL,48,1,87,,
MLBL,55,32,105,,
MLBL,55,47,25,,
MLBL,55,7,70,,
BARUN,58,43,45,,
JFL,6,56,221,,
JFL,41,56,29,,
SADBL,48,57,40,,
SHINE,45,1,20,,
EBL,55,56,150,,
PROFL,28,34,30,,
GBIME,57,26,35,,
IGI,48,25,10,,
NHDL,42,45,30,,
SFCL,43,4,40,,
NHPC,34,7,3830,,
NHPC,5,7,10,,
NHPC,56,7,50,,
NHPC,22,7,100,,
NHPC,34,7,480,,
NHPC,50,7,200,,
NHPC,26,7,100,,
NHPC,35,7,300,,
NHPC,57,7,200,,
NHPC,32,7,200,,
NHPC,6,7,40,,
CCBL,7,34,250,,
NHPC,47,7,490,,
GBIME,41,26,10,,
GBIME,38,26,40,,
PCBL,44,49,720,,
PCBL,44,7,280,,
BARUN,58,45,55,,
HIDCL,22,49,40,,
SINDU,28,22,20,,
NMB,17,47,40,,
MDB,14,38,30,,
RLI,3,38,10,,
JBBL,43,35,610,,
JBBL,43,38,45,,
NHPC,47,6,10,,
CHDC,3,5,10,,
NHPC,45,57,30,,
HIDCL,55,49,20,,
SANIMA,38,16,30,,
NUBL,11,49,6,,
NUBL,35,49,120,,
NUBL,35,43,200,,
NUBL,19,58,50,,
JOSHI,45,41,200,,
JOSHI,45,7,800,,
SAHAS,55,28,10,,
SAEF,7,6,8000,,
SAEF,7,6,2000,,
AKPL,5,4,15,,
UMHL,5,57,202,,
UMHL,5,50,70,,
LBL,21,45,39,,
LBL,11,45,50,,
LBL,58,45,11,,
EDBL,43,34,90,,
PMHPL,58,34,50,,
EDBL,29,34,10,,
PMHPL,38,34,100,,
UPCL,22,34,100,,
SGI,21,11,500,,
MLBL,34,58,125,,
SAHAS,55,19,350,,
CHL,22,21,10,,
SSHL,34,34,20,,
SSHL,34,34,10,,
SSHL,34,8,50,,
SSHL,34,49,220,,
LBBL,55,42,12,,
NRIC,55,42,10,,
NRIC,55,55,15,,
BOKL,43,36,420,,
BOKL,3,36,10,,
BOKL,8,36,500,,
BOKL,11,36,10,,
AKPL,36,4,85,,
AKPL,36,49,65,,
BOKL,40,36,10,,
AKPL,36,36,50,,
BOKL,41,36,60,,
UMHL,13,50,100,,
AHPC,16,58,140,,
AHPC,16,33,360,,
NTC,58,13,10,,
AKPL,21,47,270,,
AKPL,35,47,730,,
NLICL,10,21,50,,
NUBL,48,39,1,,
NUBL,21,39,25,,
NUBL,45,39,17,,
SAHAS,55,19,10,,
RLFL,48,14,13,,
UPCL,38,34,100,,
BOKL,35,36,60,,
SAHAS,55,35,10,,
NICA,58,37,25,,
NBL,34,49,405,,
NBL,41,49,200,,
NBL,7,49,50,,
NBL,28,49,200,,
NBL,14,49,10,,
ULI,29,33,70,,
NBL,14,49,40,,
ULI,22,33,170,,
NBL,57,49,15,,
NBL,46,49,110,,
NBL,58,49,20,,
NBL,17,49,200,,
NBL,44,49,10,,
NBL,35,49,10,,
BFC,58,38,10,,
NBL,59,49,180,,
NBL,7,49,50,,
DDBL,38,49,16,,
JBBL,16,8,22,,
JBBL,28,8,158,,
SICL,21,45,10,,
HIDCL,10,49,20,,
KPCL,32,4,320,,
BOKL,41,32,50,,
GLICL,11,41,100,,
ADBL,42,11,39,,
HPPL,11,48,15,,
GBLBS,32,16,140,,
HDHPC,48,50,12,,
NICA,20,37,60,,
CFCL,1,8,50,,
SANIMA,58,44,670,,
SANIMA,53,44,50,,
SANIMA,57,44,80,,
RMDC,26,45,30,,
UMHL,55,50,20,,
SHPC,32,25,30,,
AHPC,42,59,130,,
JLI,55,48,60,,
JLI,38,48,30,,
GBBL,58,20,145,,
GBBL,58,51,55,,
LBBL,4,42,20,,
LBBL,4,35,130,,
HPPL,11,8,45,,
SADBL,43,57,100,,
SADBL,50,57,10,,
SADBL,22,57,410,,
SADBL,28,57,50,,
API,17,34,200,,
UPCL,38,34,100,,
SSHL,46,49,150,,
NMB,49,47,100,,
KKHC,6,47,50,,
IGI,48,1,20,,
UPPER,45,53,150,,
SADBL,28,8,100,,
CBBL,25,57,76,,
NHDL,22,57,200,,
CBBL,59,57,24,,
AHPC,42,38,430,,
AHPC,42,56,120,,
UPPER,26,56,281,,
UPPER,38,56,15,,
UPPER,19,56,100,,
UPPER,57,56,200,,
UPPER,56,56,200,,
UPPER,59,56,25,,
UPPER,36,56,120,,
UPPER,59,56,24,,
UPPER,35,56,35,,
UPPER,35,38,40,,
SPDL,40,42,450,,
SABSL,36,58,14,,
AKJCL,44,49,90,,
CORBL,8,43,200,,
CORBL,3,43,249,,
CORBL,14,43,50,,
SBI,38,49,970,,
SBI,38,19,30,,
SBI,38,25,300,,
SBI,38,16,1000,,
SIFC,6,45,100,,
MNBBL,58,10,100,,
SSHL,46,45,20,,
SSHL,58,45,100,,
NLICL,57,21,100,,
NLICL,35,21,70,,
NLICL,41,21,10,,
NLICL,5,21,500,,
NLICL,53,21,20,,
NLICL,53,21,10,,
NLICL,26,21,10,,
SLI,37,52,10,,
SHINE,33,34,60,,
SHINE,19,34,40,,
TRH,43,42,150,,
KSBBL,42,53,70,,
NGPL,13,57,10,,
UMHL,35,50,10,,
UMHL,57,50,200,,
UMHL,5,50,100,,
AKPL,35,44,30,,
JSLBB,8,57,10,,
ALICL,7,49,10,,
UMHL,44,57,198,,
ADBL,28,11,50,,
SSHL,46,22,200,,
RSDC,34,16,10,,
LEC,32,29,200,,
USLB,44,26,30,,
USLB,49,26,20,,
NABIL,38,35,25,,
NABIL,34,35,100,,
KSBBL,35,53,10,,
NABIL,49,35,75,,
API,41,34,140,,
API,41,25,20,,
API,41,45,50,,
API,41,58,200,,
API,41,58,150,,
API,41,58,70,,
API,41,37,50,,
API,41,8,1350,,
API,41,28,100,,
API,41,44,240,,
API,41,35,200,,
SHIVM,22,32,100,,
API,41,32,150,,
API,41,58,920,,
API,41,8,360,,
MHNL,41,20,30,,
RLI,3,36,90,,
RLI,41,36,10,,
NABIL,45,52,25,,
NABIL,45,58,25,,
NABIL,45,45,50,,
NABIL,34,35,10,,
NABIL,26,35,20,,
MHNL,34,20,60,,
NABIL,22,35,70,,
CIT,21,50,30,,
KSBBL,20,17,30,,
KSBBL,49,17,70,,
AKPL,35,1,40,,
MFIL,35,54,100,,
RHPL,48,11,50,,
GBIME,42,32,50,,
GBIME,42,47,100,,
GBBL,32,13,204,,
GBBL,54,13,65,,
GBBL,7,13,100,,
GBBL,48,13,100,,
GBBL,41,13,101,,
GBBL,39,13,150,,
GBBL,38,13,10,,
NICA,10,4,28,,
NICA,49,4,32,,
NICA,51,4,50,,
NICA,38,4,100,,
NICA,57,4,50,,
NICA,11,4,50,,
NICA,33,4,300,,
NICA,57,4,10,,
NICA,25,4,10,,
NICA,57,4,10,,
NICA,58,4,20,,
NICA,34,4,25,,
NICA,42,4,40,,
NICA,16,4,30,,
NICA,28,4,200,,
NICA,48,4,60,,
KSBBL,50,32,10,,
NICA,17,4,50,,
NICA,46,4,100,,
NICA,58,4,50,,
NICA,34,4,24,,
NICA,6,4,100,,
NICA,44,4,50,,
NICA,41,4,396,,
PCBL,4,7,100,,
NICA,1,37,40,,
NIL,45,58,10,,
GBLBS,32,45,100,,
NLIC,57,45,200,,
UPPER,35,28,75,,
UPPER,49,28,10,,
UPPER,58,28,15,,
CBL,25,36,100,,
HIDCL,17,19,100,,
ALICL,7,38,29,,
ALICL,58,38,25,,
ALICL,7,38,68,,
ALICL,17,38,58,,
MNBBL,58,56,100,,
NICLBSL,7,58,10,,
NUBL,45,19,16,,
NUBL,45,46,87,,
MLBSL,45,40,15,,
NBB,21,35,20,,
UIC,39,34,25,,
MEGA,34,17,20,,
NMB,34,41,97,,
NMB,57,41,50,,
HDHPC,57,14,50,,
NMB,42,41,20,,
NMB,53,41,983,,
NMB,21,41,250,,
NMB,13,41,100,,
RLI,35,34,10,,
RLI,35,41,280,,
CHCL,42,6,20,,
CHCL,42,49,200,,
CHCL,42,48,100,,
CHCL,42,49,30,,
RLFL,6,16,61,,
RLFL,32,16,34,,
RLFL,53,16,50,,
RLFL,45,16,100,,
RLFL,36,16,50,,
RLFL,5,16,20,,
RLFL,13,16,185,,
SHINE,19,49,10,,
SHINE,57,49,140,,
AKJCL,58,49,10,,
NTC,58,42,50,,
AKJCL,54,49,20,,
CGH,56,35,20,,
CGH,21,35,10,,
SLICL,53,45,200,,
SLICL,53,45,100,,
SLICL,53,42,180,,
SLICL,53,49,13,,
CIT,50,49,43,,
CIT,6,49,10,,
CIT,25,49,25,,
CIT,45,49,50,,
CIT,43,49,20,,
CIT,38,49,150,,
CIT,17,49,1000,,
CIT,16,49,100,,
CIT,21,49,30,,
CIT,11,49,100,,
CIT,6,49,100,,
CIT,5,49,50,,
CIT,52,49,100,,
CIT,43,49,20,,
CIT,44,49,10,,
CIT,1,49,50,,
CIT,59,49,150,,
CIT,38,49,10,,
CIT,19,49,50,,
CIT,32,49,10,,
CIT,52,49,50,,
CIT,45,49,10,,
CIT,29,49,10,,
CIT,58,49,25,,
CIT,52,49,200,,
CIT,19,49,50,,
CIT,57,49,10,,
STC,32,49,10,,
CIT,38,49,35,,
NGPL,42,45,190,,
NGPL,13,45,10,,
HDL,16,58,15,,
JBBL,28,52,137,,
EBL,35,55,50,,
EBL,41,55,50,,
SCB,42,58,10,,
JOSHI,35,33,174,,
SLICL,26,49,15,,
SHPC,58,1,10,,
HIDCL,34,19,133,,
MKJC,16,34,10,,
HIDCL,34,4,132,,
SHIVM,52,48,500,,
BPCL,55,10,50,,
KSBBL,25,32,30,,
NMB,45,29,20,,
AKPL,1,16,100,,
AKPL,1,49,246,,
AKPL,58,49,51,,
CORBL,47,21,28,,
SINDU,28,45,150,,
AHPC,45,38,50,,
SICL,21,58,10,,
SICL,56,58,10,,
NABIL,22,45,50,,
NABIL,22,25,50,,
AHPC,32,38,120,,
AIL,19,42,20,,
LBBL,25,35,500,,
EBL,59,56,50,,
MLBL,49,7,20,,
MLBL,49,45,40,,
MFIL,45,13,60,,
LEC,47,28,100,,
NABIL,42,34,8,,
JLI,41,13,20,,
CBL,17,20,120,,
ALICL,17,35,10,,
CHDC,47,49,10,,
LBBL,37,47,422,,
LBBL,20,47,50,,
LBBL,35,47,50,,
LBBL,42,47,20,,
LBBL,28,47,100,,
LBBL,57,47,20,,
LBBL,45,47,200,,
LBBL,32,47,1000,,
LBBL,3,47,50,,
LBBL,57,47,50,,
LBBL,14,47,786,,
LBBL,57,47,300,,
LBBL,57,47,100,,
LBBL,48,47,100,,
LBBL,48,47,480,,
LBBL,34,47,90,,
NTC,59,52,40,,
NTC,34,52,60,,
HPPL,57,37,50,,
NICA,18,37,60,,
SLBSL,48,17,13,,
AKPL,5,1,750,,
AKPL,5,45,50,,
NRIC,1,21,200,,
MKJC,16,58,10,,
PROFL,46,36,740,,
PROFL,29,36,50,,
PROFL,48,36,200,,
PROFL,41,36,300,,
PROFL,47,36,50,,
BARUN,52,51,10,,
PROFL,48,36,10,,
SADBL,22,45,90,,
CBBL,59,17,11,,
LBBL,38,35,100,,
ICFC,28,16,490,,
SICL,1,26,15,,
GBIME,45,51,90,,
GBIME,59,51,300,,
HIDCL,44,4,20,,
ADBL,44,38,50,,
KSBBL,56,32,20,,
SFCL,39,4,10,,
NBB,7,35,10,,
NBB,49,35,90,,
NMB,45,16,20,,
SPDL,25,47,170,,
SPDL,25,43,60,,
SPDL,25,44,50,,
SPDL,25,21,110,,
SPDL,25,43,50,,
NABIL,42,25,20,,
NIFRA,35,59,25,,
NIFRA,44,59,50,,
ICFC,28,58,110,,
ICFC,28,25,370,,
KRBL,45,40,30,,
MBL,22,41,32,,
MBL,57,41,100,,
API,32,8,450,,
MBL,38,41,25,,
API,59,8,140,,
MBL,44,41,20,,
MBL,34,41,200,,
MBL,57,41,10,,
MBL,25,41,100,,
MBL,25,41,400,,
MBL,48,41,10,,
MBL,32,41,20,,
AKPL,25,45,10,,
MBL,7,41,500,,
MBL,34,41,83,,
CBBL,21,42,20,,
JBBL,28,34,30,,
ADBL,26,45,75,,
ADBL,49,45,25,,
MLBBL,14,38,10,,
NHPC,34,7,20,,
NHPC,56,7,100,,
NHPC,25,7,20,,
NHPC,57,7,60,,
NHPC,19,7,160,,
NHPC,19,7,340,,
NHPC,16,7,300,,
KPCL,22,7,300,,
AKPL,50,45,20,,
HIDCL,21,4,248,,
HIDCL,21,42,179,,
HIDCL,21,56,73,,
MKLB,4,58,10,,
MDB,42,38,100,,
CBL,40,36,78,,
API,59,49,10,,
SAPDBL,34,35,40,,
AKPL,57,45,20,,
BARUN,57,51,89,,
AKJCL,42,49,30,,
NTC,44,42,528,,
NTC,44,17,100,,
NTC,44,39,20,,
NTC,44,58,62,,
NTC,44,54,40,,
NTC,44,42,50,,
NTC,44,42,50,,
UPCL,45,34,20,,
UPCL,45,48,80,,
SPDL,14,20,50,,
LEC,47,57,175,,
NTC,34,38,40,,
HIDCL,45,56,35,,
HIDCL,8,56,192,,
AKPL,47,1,10,,
NHPC,34,57,200,,
NHPC,34,48,400,,
NHPC,34,22,200,,
JBBL,28,45,10,,
KBL,35,34,10,,
SLI,37,42,10,,
NMB,55,16,10,,
PICL,5,59,152,,
PICL,5,59,50,,
PICL,13,59,131,,
PICL,10,59,467,,
PICL,6,59,200,,
NRIC,1,56,30,,
SAHAS,55,26,10,,
SSHL,46,1,50,,
HDL,35,43,5,,
HIDCL,8,11,30,,
HDL,35,4,20,,
HDL,35,33,15,,
SHPC,32,59,100,,
SHPC,32,52,40,,
NICA,18,54,40,,
NBL,56,18,15,,
NBL,21,18,50,,
PMHPL,38,45,100,,
GFCL,14,58,50,,
GFCL,14,20,150,,
PMHPL,41,45,100,,
GBIME,45,19,398,,
GBIME,14,19,100,,
HIDCL,35,49,5,,
MEGA,34,50,150,,
GFCL,49,20,150,,
CHL,14,49,150,,
GFCL,49,45,50,,
CHL,53,49,50,,
SAHAS,55,57,50,,
EBL,45,54,482,,
UMHL,57,49,15,,
MNBBL,58,58,15,,
MNBBL,34,58,100,,
API,59,58,50,,
MNBBL,45,58,35,,
SHINE,57,59,20,,
GBIME,59,16,80,,
JBLB,51,35,10,,
NIL,37,21,50,,
NIL,37,45,50,,
KSBBL,49,6,30,,
BPCL,55,6,150,,
KSBBL,19,6,10,,
GFCL,45,45,20,,
NLBBL,17,51,122,,
API,59,42,300,,
UMHL,5,4,100,,
MHNL,44,21,100,,
GBIME,39,16,80,,
BPCL,55,34,178,,
FOWAD,13,41,80,,
SABSL,25,41,20,,
SABSL,57,41,50,,
SABSL,58,41,17,,
SABSL,1,41,10,,
JBLB,41,35,10,,
PMHPL,54,57,100,,
HPPL,11,58,140,,
MFIL,7,45,20,,
PROFL,48,19,100,,
UMHL,42,4,100,,
NMFBS,38,58,20,,
MLBL,38,45,10,,
HIDCL,33,35,100,,
HIDCL,35,35,50,,
HIDCL,57,35,100,,
HIDCL,57,35,50,,
HIDCL,1,35,100,,
HIDCL,42,35,125,,
HDL,42,35,100,,
HIDCL,34,35,50,,
NABIL,14,25,30,,
SBL,52,41,13,,
SBL,20,41,500,,
SBL,17,41,100,,
SBL,34,41,150,,
NLIC,57,34,29,,
SBL,41,41,110,,
SBL,18,41,200,,
HIDCL,57,42,100,,
SBL,34,41,100,,
SBL,26,41,100,,
SBL,52,41,200,,
SBL,34,41,27,,
NHPC,19,6,160,,
HIDCL,34,35,277,,
HIDCL,55,35,100,,
HIDCL,3,35,300,,
HIDCL,51,35,100,,
HIDCL,47,35,60,,
HIDCL,59,35,40,,
HIDCL,7,35,10,,
HIDCL,34,35,10,,
HIDCL,49,35,100,,
HIDCL,56,35,200,,
HIDCL,47,35,100,,
HIDCL,38,35,200,,
HIDCL,48,35,200,,
HIDCL,14,35,50,,
HIDCL,14,35,100,,
HIDCL,6,35,500,,
HIDCL,55,35,68,,
HIDCL,33,35,10,,
NRIC,1,58,10,,
AKPL,5,1,100,,
SICL,35,26,50,,
LEC,51,13,50,,
AKPL,58,13,449,,
AKPL,48,13,412,,
AKPL,46,13,139,,
JBBL,28,17,10,,
JBBL,28,42,100,,
JBBL,28,44,320,,
JBBL,28,34,235,,
KPCL,34,17,10,,
KPCL,34,32,180,,
KPCL,34,5,20,,
PRVU,18,45,100,,
JBBL,25,41,15,,
NMB,16,16,50,,
NHPC,25,6,130,,
NHPC,17,6,150,,
UMHL,51,53,50,,
CIT,38,35,10,,
MBL,34,34,17,,
MDB,48,38,50,,
NLIC,36,45,43,,
UPCL,57,34,230,,
ICFC,45,25,130,,
SRBL,38,17,40,,
NGPL,42,54,244,,
NGPL,41,54,256,,
TPC,19,58,10,,
AKPL,14,1,100,,
TPC,19,35,10,,
UPPER,44,53,230,,
CBL,40,52,500,,
SIC,17,10,50,,
LBBL,17,35,50,,
NABIL,41,17,50,,
AKPL,14,38,50,,
HIDCL,3,42,100,,
NTC,59,58,10,,
HPPL,7,37,20,,
NICA,41,4,104,,
NICA,50,4,76,,
NICA,1,4,40,,
NICA,32,4,206,,
NICA,43,4,30,,
NICA,42,4,25,,
NICA,25,4,19,,
SHINE,57,49,50,,
CFCL,14,35,10,,
NGPL,41,35,100,,
CFCL,34,35,30,,
CBL,40,35,20,,
CFCL,38,35,10,,
NICLBSL,17,55,10,,
NRIC,32,55,200,,
SKBBL,34,29,26,,
SKBBL,14,29,10,,
API,45,21,74,,
API,45,21,39,,
API,46,21,50,,
API,17,21,10,,
API,43,21,27,,
GFCL,28,28,61,,
UNHPL,57,38,100,,
UNHPL,57,26,100,,
SAHAS,55,42,10,,
CBBL,59,32,65,,
LBBL,58,35,20,,
MLBS,38,47,10,,
LBBL,22,35,20,,
NBL,21,39,50,,
NHPC,39,6,40,,
ADBL,53,38,49,,
ADBL,53,17,51,,
BOKL,41,41,90,,
DHPL,4,43,10,,
DHPL,4,43,40,,
PROFL,48,21,50,,
RURU,59,21,10,,
PCBL,49,7,20,,
PCBL,49,13,80,,
MMFDB,35,7,410,,
MMFDB,33,7,10,,
MMFDB,6,7,80,,
API,43,52,173,,
API,21,52,100,,
API,40,52,150,,
API,37,52,27,,
API,22,52,50,,
UMHL,17,4,100,,
MLBL,32,42,102,,
DHPL,54,43,10,,
AKPL,14,16,50,,
LBBL,26,35,200,,
UMHL,45,4,68,,
UMHL,49,4,32,,
NGPL,49,59,50,,
PCBL,44,13,20,,
AKPL,14,26,100,,
ULI,22,34,10,,
GBLBS,32,58,50,,
HPPL,35,37,200,,
NMB,59,16,1000,,
SHIVM,22,4,140,,
SHEL,41,51,20,,
SHEL,45,51,190,,
SHEL,11,51,40,,
SHEL,38,51,100,,
NRIC,48,55,50,,
SHINE,57,8,50,,
SHINE,41,8,50,,
NUBL,51,6,13,,
SIL,44,32,98,,
SIL,44,5,22,,
MEGA,42,20,5,,
MEGA,45,20,100,,
CZBIL,36,19,80,,
CZBIL,42,19,120,,
CZBIL,53,19,100,,
CGH,8,49,10,,
NLBBL,42,40,90,,
MNBBL,14,58,50,,
PLI,52,5,14,,
JBBL,25,56,210,,
JBBL,26,56,40,,
GILB,51,4,34,,
GILB,8,4,80,,
SAHAS,55,28,10,,
STC,55,49,10,,
STC,7,49,10,,
STC,22,49,10,,
STC,57,49,10,,
AHPC,45,38,200,,
AHPC,32,45,80,,
SJCL,57,21,10,,
SAHAS,55,58,10,,
HDL,42,41,30,,
KMCDB,25,6,10,,
JFL,41,19,71,,
JFL,42,19,100,,
JFL,21,19,29,,
AHPC,40,38,200,,
GBIME,36,16,27,,
TPC,21,51,10,,
TPC,21,39,10,,
TPC,21,22,10,,
TPC,21,52,10,,
MFIL,29,49,100,,
JBBL,26,45,60,,
HIDCL,42,17,475,,
HIDCL,21,17,30,,
HIDCL,45,17,100,,
HIDCL,38,17,250,,
HIDCL,36,17,50,,
HIDCL,51,17,50,,
HIDCL,13,17,10,,
HIDCL,59,17,15,,
HIDCL,42,17,1000,,
HIDCL,36,17,20,,
BPCL,55,48,60,,
NTC,45,21,15,,
NLIC,34,16,15,,
NLIC,34,35,15,,
NLIC,34,21,386,,
SHINE,34,22,40,,
SHINE,34,41,50,,
SHINE,34,52,200,,
SHINE,34,34,100,,
SHINE,34,58,500,,
NBB,49,59,10,,
NTC,45,58,50,,
IGI,54,58,400,,
CBBL,58,42,50,,
PROFL,48,50,200,,
UPCL,36,34,280,,
SAHAS,55,33,60,,
NABIL,38,17,42,,
NABIL,38,21,10,,
NABIL,38,55,23,,
NABIL,38,22,25,,
CHL,14,43,50,,
LGIL,22,35,400,,
NTC,45,49,360,,
NTC,45,28,368,,
NBL,45,41,860,,
NBL,40,41,10,,
NBL,28,41,100,,
NBL,47,41,30,,
AKPL,48,51,88,,
AKPL,21,51,44,,
AKPL,33,51,30,,
AKPL,35,51,500,,
AKPL,58,51,500,,
AKPL,57,51,500,,
AKPL,28,51,100,,
AKPL,35,51,35,,
AKPL,19,51,200,,
AKPL,16,51,500,,
AKPL,14,51,453,,
AKPL,17,51,50,,
JLI,38,34,10,,
JLI,43,34,20,,
JLI,40,34,10,,
JLI,29,34,200,,
JLI,26,34,50,,
JLI,22,34,25,,
JLI,17,34,100,,
JLI,56,34,15,,
JLI,11,34,200,,
JLI,14,34,360,,
JLI,45,34,10,,
CGH,34,49,10,,
BARUN,49,51,20,,
JBBL,52,34,70,,
MLBSL,38,40,20,,
NHPC,25,49,50,,
AKPL,14,46,10,,
SLBBL,33,38,10,,
SLBBL,33,50,20,,
SLBBL,33,38,10,,
MKLB,4,28,20,,
SHEL,38,34,10,,
KRBL,3,42,70,,
KRBL,49,42,30,,
MLBL,32,45,100,,
MLBL,32,48,275,,
SHL,46,35,400,,
CGH,45,49,200,,
BOKL,11,25,80,,
SPDL,14,58,11,,
NLIC,36,42,22,,
SAHAS,55,58,10,,
NMB,40,16,120,,
SAHAS,55,49,10,,
SAHAS,55,49,10,,
SAHAS,55,21,10,,
SAHAS,55,13,10,,
SAHAS,55,34,660,,
SAHAS,55,54,10,,
SAHAS,55,52,20,,
SAHAS,55,45,10,,
SAHAS,55,48,10,,
NTC,59,28,50,,
SAHAS,55,21,10,,
NTC,59,36,200,,
HIDCL,21,42,101,,
HIDCL,21,38,399,,
GBIME,45,57,155,,
GBIME,3,57,25,,
GBIME,55,57,85,,
GBIME,38,57,30,,
GBIME,59,57,85,,
GBIME,55,57,20,,
NABIL,38,55,12,,
NABIL,38,19,88,,
DHPL,8,43,50,,
GRDBL,26,54,10,,
MEGA,34,38,200,,
MEGA,34,14,285,,
NHPC,44,49,50,,
NIFRA,44,45,20,,
ULI,22,35,10,,
AKJCL,42,51,190,,
JLI,45,55,90,,
KBL,1,34,100,,
BPCL,34,28,100,,
SLI,37,52,10,,
UIC,18,49,20,,
MLBL,45,48,100,,
API,22,14,400,,
GBBL,13,51,15,,
KSBBL,4,32,140,,
RMDC,26,36,300,,
NLIC,36,45,35,,
PRVU,18,47,50,,
CHCL,58,49,40,,
UMHL,49,58,68,,
NLIC,18,45,60,,
NLIC,6,45,30,,
NLIC,1,45,85,,
NICLBSL,17,7,10,,
AKPL,35,51,39,,
AKPL,35,56,100,,
CHCL,58,6,10,,
UPPER,47,50,261,,
NBL,47,35,20,,
UPPER,47,45,239,,
SSHL,46,49,80,,
SSHL,16,49,300,,
SAHAS,49,41,10,,
SSHL,4,49,20,,
JBBL,35,57,100,,
JBBL,39,57,20,,
JBBL,53,57,20,,
JBBL,32,57,200,,
JBBL,4,57,15,,
JBBL,55,57,100,,
JBBL,50,57,20,,
JBBL,16,57,500,,
JBBL,14,57,25,,
BPCL,34,38,58,,
CBL,40,42,252,,
CBL,28,42,1500,,
CBL,33,42,148,,
MPFL,25,58,27,,
MPFL,25,38,23,,
UPCL,56,34,10,,
JBBL,14,45,50,,
SCB,41,17,10,,
NMFBS,38,44,10,,
KKHC,34,19,29,,
KKHC,5,19,20,,
KKHC,55,19,100,,
KKHC,11,19,41,,
KKHC,58,19,10,,
PPCL,48,21,100,,
LEC,51,54,50,,
MLBL,47,50,51,,
MLBL,59,50,50,,
MLBL,58,50,86,,
MLBL,45,50,113,,
API,22,21,50,,
NICLBSL,17,5,10,,
SHIVM,22,25,100,,
GBBL,34,57,50,,
GBBL,41,57,200,,
GBBL,21,57,50,,
GBBL,28,57,100,,
GBBL,52,57,30,,
CORBL,3,41,60,,
NHPC,17,58,564,,
NHPC,17,34,100,,
NHPC,17,33,50,,
NHPC,17,13,286,,
ADBL,13,17,49,,
SINDU,26,6,10,,
GBBL,52,39,170,,
GBBL,35,39,100,,
GBBL,49,39,50,,
GBBL,22,39,50,,
GBBL,45,39,100,,
GBBL,48,39,20,,
GBBL,54,39,500,,
GBBL,49,39,100,,
GBBL,45,39,200,,
GBBL,49,39,10,,
MEGA,46,14,10,,
SLI,37,28,10,,
MFIL,11,13,20,,
PCBL,28,57,60,,
GBBL,54,57,35,,
GBBL,46,57,20,,
GBBL,1,57,100,,
GBBL,41,57,65,,
GBBL,58,57,100,,
GBBL,13,57,10,,
GBBL,25,57,100,,
GBBL,52,57,50,,
GBBL,44,57,100,,
GBBL,53,57,100,,
GBBL,17,57,10,,
GBBL,55,57,30,,
GBBL,58,57,50,,
GBBL,58,57,500,,
GBBL,50,57,200,,
GBBL,4,57,50,,
GBBL,34,57,50,,
JLI,45,34,10,,
JBBL,34,34,195,,
JBBL,34,57,305,,
CHL,14,14,100,,
NUBL,44,52,26,,
SHPC,3,52,50,,
NUBL,47,52,24,,
LBBL,38,35,50,,
NABIL,25,19,10,,
NHPC,26,13,150,,
NHPC,53,13,50,,
NHPC,36,13,300,,
NHPC,21,13,200,,
NHPC,53,13,1000,,
NHPC,18,13,100,,
NHPC,51,13,40,,
NHPC,7,13,100,,
NHPC,59,13,10,,
NHPC,45,13,250,,
NHPC,36,13,225,,
NHPC,26,13,66,,
NHPC,49,13,23,,
NHPC,42,13,200,,
SHINE,32,34,50,,
SHINE,32,42,48,,
EIC,21,10,45,,
EIC,21,10,55,,
SHEL,38,57,10,,
SHL,26,41,100,,
SHL,49,41,200,,
KBL,58,34,78,,
KBL,58,49,22,,
PFL,45,16,100,,
ULI,43,50,10,,
PFL,48,16,93,,
SHEL,38,32,10,,
BFC,6,4,45,,
BFC,6,37,10,,
HDHPC,39,48,185,,
HDHPC,39,6,15,,
JLI,45,34,150,,
ICFC,45,53,50,,
CBBL,45,42,100,,
SANIMA,54,44,200,,
FMDBL,43,41,45,,
FMDBL,43,41,10,,
UMHL,41,58,15,,
PPCL,41,13,30,,
PPCL,7,13,30,,
SHIVM,52,40,50,,
NLIC,32,21,80,,
NLIC,32,26,20,,
NBL,45,51,137,,
NBL,46,51,33,,
NBL,34,51,30,,
CLBSL,18,45,80,,
AKPL,14,42,37,,
LBBL,38,35,100,,
AKPL,57,42,200,,
NMB,7,16,50,,
SFCL,39,26,90,,
CZBIL,32,49,100,,
SINDU,22,6,25,,
MHNL,45,20,10,,
MHNL,45,47,90,,
SHIVM,47,35,40,,
NBL,34,48,20,,
AHPC,28,33,40,,
AHPC,28,45,50,,
AHPC,28,59,40,,
AHPC,28,38,70,,
NIFRA,44,57,50,,
MLBL,17,48,50,,
NIL,37,38,50,,
NBL,58,48,10,,
SANIMA,26,16,25,,
SIL,53,5,20,,
SIL,25,5,20,,
SIL,40,5,78,,
UPPER,59,45,11,,
KMCDB,52,14,10,,
MNBBL,14,57,200,,
MLBL,45,41,287,,
MLBL,14,41,13,,
JBBL,43,57,60,,
PLIC,40,21,18,,
PLIC,13,21,12,,
NLIC,34,4,60,,
NLIC,54,4,40,,
SIL,46,32,72,,
FMDBL,43,57,15,,
MLBL,26,48,100,,
RSDC,59,1,160,,
RSDC,38,1,40,,
NABIL,49,45,100,,
HPPL,41,37,30,,
ULI,43,21,10,,
PRIN,39,11,197,,
ICFC,45,51,20,,
FMDBL,45,57,10,,
NHPC,26,7,34,,
NHPC,34,7,173,,
NHPC,50,7,200,,
NHPC,29,7,1700,,
NHPC,49,7,33,,
NHPC,49,7,30,,
NHPC,6,7,250,,
NHPC,51,7,500,,
NHPC,51,7,80,,
AHPC,43,38,40,,
NRIC,1,39,50,,
HDHPC,39,48,100,,
NRIC,45,55,31,,
JBBL,14,45,175,,
JBBL,58,45,25,,
JBBL,21,45,100,,
JBBL,36,45,10,,
JBBL,6,45,100,,
JBBL,47,45,25,,
JBBL,45,45,200,,
JBBL,49,45,215,,
JBBL,41,45,150,,
NMB,53,42,17,,
SAPDBL,26,58,10,,
UNHPL,35,58,15,,
AKPL,59,49,35,,
RLFL,32,34,20,,
RLFL,33,34,200,,
RLFL,29,34,80,,
NLIC,34,45,40,,
AIL,34,42,12,,
CBL,33,57,52,,
CBL,33,57,18,,
CBL,50,57,30,,
GBBL,21,56,200,,
UPPER,59,57,65,,
MLBS,38,47,77,,
NLG,4,34,20,,
NLG,42,34,30,,
NLG,55,34,50,,
MEGA,14,14,30,,
MEGA,26,14,100,,
MEGA,56,14,75,,
LICN,25,58,10,,
HDHPC,43,39,285,,
NRIC,1,55,50,,
JFL,21,57,21,,
JFL,38,57,50,,
JFL,14,57,500,,
JFL,39,57,10,,
JFL,14,57,25,,
JFL,36,57,20,,
SAHAS,10,57,10,,
JFL,48,57,10,,
JFL,52,57,50,,
JFL,11,57,34,,
JFL,28,57,280,,
CHDC,18,57,90,,
NABIL,42,19,130,,
NHPC,52,33,200,,
NHPC,52,14,200,,
SAHAS,34,48,20,,
AKJCL,57,51,200,,
RLFL,29,45,20,,
HPPL,52,37,20,,
JBBL,21,57,15,,
NHPC,51,6,20,,
STC,57,3,10,,
STC,25,3,10,,
SIL,40,42,22,,
RSDC,38,51,60,,
RSDC,38,51,40,,
NGPL,41,8,10,,
HIDCL,56,38,25,,
MSLB,18,39,12,,
HIDCL,57,38,10,,
SADBL,39,57,250,,
SADBL,58,57,30,,
SADBL,57,57,310,,
NICA,45,13,50,,
HDHPC,39,39,200,,
GRDBL,55,14,20,,
CFCL,29,7,122,,
CFCL,36,7,100,,
CFCL,58,7,85,,
CFCL,37,7,193,,
JBBL,16,57,20,,
JBBL,16,3,50,,
JBBL,16,45,130,,
HDHPC,45,39,300,,
HDHPC,43,39,200,,
HDHPC,55,39,200,,
HDHPC,43,39,15,,
SJCL,58,4,20,,
NABIL,49,57,200,,
NABIL,49,1,307,,
PRVU,21,28,70,,
PRVU,51,28,45,,
PRVU,57,28,500,,
PRVU,16,28,305,,
PRVU,25,28,50,,
PRVU,49,28,30,,
NLIC,32,45,150,,
CFCL,16,1,185,,
NRIC,57,55,10,,
NRIC,57,19,40,,
GBIME,59,38,215,,
NABBC,38,6,278,,
HDL,42,37,10,,
NABBC,38,32,100,,
HDHPC,17,48,239,,
HDL,42,48,20,,
NABBC,38,43,122,,
HDL,42,11,624,,
HDL,42,25,100,,
CBL,50,25,30,,
KPCL,17,32,14,,
KPCL,37,32,100,,
KPCL,38,32,50,,
KPCL,34,32,236,,
UPPER,6,57,10,,
UPPER,6,17,90,,
MLBS,34,49,10,,
SRBL,56,35,20,,
MEGA,56,45,100,,
MEGA,47,45,100,,
KSBBL,14,22,13,,
KSBBL,14,21,37,,
HIDCL,52,38,55,,
DHPL,8,43,30,,
DHPL,8,13,70,,
SADBL,57,32,300,,
DHPL,8,6,50,,
PICL,10,48,33,,
PICL,6,48,150,,
CHCL,58,17,50,,
SSHL,46,42,97,,
SSHL,46,19,103,,
SICL,36,26,20,,
SAHAS,20,28,10,,
CHL,22,14,50,,
HPPL,8,37,100,,
CFCL,37,58,110,,
NMB,58,16,100,,
UMRH,47,29,30,,
PMHPL,10,57,10,,
PMHPL,10,41,267,,
PMHPL,21,41,83,,
UPPER,56,1,300,,
UPPER,3,1,20,,
UPPER,38,1,50,,
UPPER,58,1,25,,
UPPER,17,1,97,,
SAHAS,20,58,10,,
TRH,43,39,440,,
TRH,20,39,60,,
DHPL,4,6,50,,
DHPL,41,6,150,,
DHPL,56,6,30,,
DHPL,26,6,20,,
SAHAS,20,11,10,,
JBBL,49,45,85,,
JBBL,49,45,50,,
NHPC,49,45,200,,
JBBL,42,45,15,,
NGPL,41,21,114,,
NGPL,41,41,20,,
GILB,8,17,10,,
GBBL,45,20,220,,
GBBL,10,20,50,,
MHNL,45,20,155,,
GBBL,6,20,30,,
RLI,4,32,10,,
HDHPC,39,48,200,,
HIDCL,22,38,500,,
NICLBSL,17,57,27,,
NIFRA,35,21,50,,
NIFRA,35,58,50,,
NIFRA,35,57,325,,
AKJCL,14,51,10,,
JBBL,25,45,20,,
CIT,16,50,20,,
CIT,49,50,20,,
CIT,49,50,20,,
CIT,8,50,25,,
CIT,58,50,20,,
CIT,28,50,50,,
CIT,14,50,50,,
CIT,5,50,10,,
CIT,45,50,50,,
CIT,7,50,40,,
CIT,38,50,20,,
CIT,3,50,20,,
TPC,19,34,10,,
NBB,37,6,233,,
KSBBL,57,22,10,,
SHEL,38,38,70,,
SHEL,25,38,100,,
SHEL,57,38,40,,
MFIL,45,13,40,,
SHEL,48,38,40,,
JFL,28,38,100,,
CBBL,54,42,50,,
GBLBS,10,28,10,,
NABIL,21,1,100,,
LGIL,39,32,105,,
CBBL,35,42,50,,
NBL,46,25,67,,
NBL,44,25,100,,
NBL,22,25,500,,
NBL,53,25,50,,
NBL,17,25,100,,
NBL,14,25,200,,
NBL,34,25,200,,
NBL,47,25,100,,
NBL,28,25,10,,
NBL,34,25,100,,
NBL,42,25,100,,
NBL,6,25,500,,
NBL,57,25,10,,
NBL,17,25,26,,
NBL,59,25,200,,
NBL,59,25,200,,
NBL,17,25,1604,,
NBL,42,25,50,,
NBL,5,25,124,,
NBL,48,25,10,,
NBL,51,25,200,,
NBL,42,25,30,,
NBL,55,25,100,,
NBL,58,25,90,,
NBL,48,25,332,,
NABIL,32,1,25,,
GFCL,6,45,80,,
GFCL,6,28,20,,
SBI,38,45,50,,
NABIL,45,1,50,,
GBLBS,32,7,66,,
GBLBS,34,7,10,,
AKPL,14,49,100,,
GBLBS,1,7,10,,
GBLBS,42,7,20,,
GBLBS,57,7,80,,
GBLBS,22,7,10,,
GBLBS,29,7,10,,
GBLBS,28,7,50,,
GBLBS,36,7,110,,
UPCL,50,34,450,,
SLICL,48,42,10,,
AHPC,33,49,417,,
AHPC,18,49,83,,
AHPC,33,49,1000,,
AKPL,18,49,10,,
NLIC,39,28,37,,
SHIVM,52,57,15,,
RSDC,38,32,10,,
UPCL,13,34,50,,
GBIME,55,26,15,,
GBIME,58,26,35,,
NGPL,34,25,35,,
NGPL,38,25,50,,
TPC,19,32,10,,
TPC,19,22,10,,
HIDCL,22,58,50,,
AKJCL,58,51,20,,
AKJCL,8,51,500,,
AKJCL,58,51,30,,
AKJCL,57,51,100,,
AKJCL,21,51,50,,
EICPO,6,28,198,,
EICPO,6,46,117,,
NICLBSL,17,58,10,,
BOKL,58,25,71,,
SICL,11,34,40,,
NLIC,39,38,20,,
CBBL,32,42,20,,
LEC,32,47,50,,
EBL,38,36,68,,
ADBL,13,51,51,,
SHINE,1,52,200,,
ADBL,52,51,54,,
ADBL,56,51,380,,
NRIC,57,19,50,,
ADBL,56,35,20,,
GBIME,58,44,15,,
CBL,50,3,60,,
AKPL,14,38,26,,
AKPL,38,38,49,,
AKPL,35,38,25,,
GBIME,1,44,650,,
API,47,8,50,,
SBL,34,32,48,,
NIBLPF,58,34,600,,
JFL,28,17,120,,
MFIL,45,38,60,,
MNBBL,6,42,70,,
MNBBL,13,42,30,,
JSLBB,33,38,24,,
JSLBB,42,38,12,,
AKPL,35,22,41,,
AKPL,35,52,400,,
AKPL,35,10,80,,
AKPL,35,37,434,,
JBBL,6,50,60,,
SIC,25,52,10,,
HDL,43,11,10,,
RURU,59,4,10,,
NIFRA,58,57,45,,
NLG,25,45,10,,
NLG,25,41,39,,
UMHL,49,58,28,,
UMHL,41,58,39,,
UMHL,46,58,300,,
UMHL,47,58,50,,
HDL,53,11,100,,
MEGA,56,53,825,,
MEGA,29,53,50,,
MEGA,13,53,100,,
MEGA,45,53,25,,
SBI,38,55,95,,
AKPL,14,26,170,,
AKPL,50,37,25,,
BFC,7,11,10,,
BFC,28,11,20,,
KSBBL,57,51,50,,
MMFDB,6,41,20,,
SAHAS,20,42,10,,
NIFRA,48,7,50,,
FMDBL,44,57,25,,
RMDC,26,38,100,,
ULI,43,58,10,,
GBIME,21,44,20,,
NTC,3,28,1500,,
NTC,3,33,500,,
HPPL,34,43,204,,
HPPL,32,43,200,,
HPPL,49,43,340,,
HPPL,57,43,200,,
HPPL,48,43,56,,
API,26,19,290,,
API,57,19,50,,
API,49,19,200,,
API,35,19,460,,
CBBL,34,42,120,,
CCBL,28,50,120,,
CCBL,28,3,100,,
CCBL,28,3,80,,
SAHAS,20,28,10,,
HDL,49,11,10,,
GBIME,57,44,100,,
UPPER,58,17,10,,
MEN,7,4,10,,
GBIME,53,44,100,,
GBIME,45,44,115,,
NICA,35,13,30,,
HDHPC,25,17,40,,
AKJCL,21,21,50,,
API,35,21,40,,
API,42,21,300,,
API,53,21,100,,
API,45,21,20,,
API,55,21,100,,
CFCL,37,1,30,,
NBB,37,19,200,,
ALBSL,58,45,10,,
ALBSL,41,45,100,,
NHPC,26,14,300,,
NHPC,34,7,327,,
NHPC,35,7,200,,
NHPC,57,7,973,,
NLIC,52,26,100,,
NLIC,25,42,10,,
GBBL,1,35,100,,
HDHPC,55,32,1000,,
PMHPL,32,41,500,,
CFCL,37,58,20,,
NHPC,57,57,27,,
NHPC,28,57,173,,
SANIMA,17,16,264,,
SANIMA,17,49,40,,
SANIMA,17,49,200,,
SANIMA,17,49,31,,
SANIMA,17,38,50,,
SANIMA,17,47,415,,
SHIVM,52,57,50,,
MLBL,14,25,17,,
MLBL,48,25,483,,
MKJC,16,21,10,,
JLI,14,4,10,,
RHPL,48,32,30,,
PFL,48,3,30,,
DHPL,26,14,50,,
NUBL,51,6,50,,
API,37,38,198,,
API,37,58,101,,
API,37,13,140,,
HDL,52,45,45,,
HDL,38,45,50,,
HDL,39,45,25,,
HDL,1,45,10,,
HDL,8,45,10,,
HDL,6,45,10,,
API,45,13,60,,
MLBL,54,48,50,,
NRIC,33,11,100,,
LBBL,29,49,85,,
KSBBL,1,36,950,,
KSBBL,47,36,50,,
KBL,55,49,50,,
RLFL,29,17,100,,
RLFL,46,17,100,,
JSLBB,54,58,10,,
AKPL,14,21,80,,
DHPL,1,13,10,,
BNT,57,22,10,,
BNT,39,22,10,,
BNT,50,22,100,,
BNT,38,22,19,,
BNT,4,22,10,,
EBL,38,19,32,,
NUBL,51,18,20,,
NUBL,51,22,50,,
NUBL,51,41,30,,
NGPL,36,21,86,,
NGPL,36,34,130,,
NGPL,36,21,50,,
NGPL,36,42,234,,
GBIME,45,57,20,,
GBIME,58,57,50,,
GBIME,57,57,80,,
GBIME,6,57,50,,
GBIME,56,57,110,,
GBIME,40,57,100,,
GBIME,51,57,100,,
GBIME,57,57,270,,
GBIME,22,57,20,,
GFCL,49,57,145,,
GBIME,33,57,200,,
MNBBL,3,42,200,,
MNBBL,1,42,100,,
NBL,48,52,115,,
NBL,49,52,50,,
MLBS,34,51,10,,
SAHAS,20,32,10,,
CGH,36,49,10,,
SLI,16,58,10,,
SGI,26,11,30,,
HPPL,57,37,200,,
MLBL,48,42,22,,
SIGS2,37,17,3700,,
SIGS2,6,17,5000,,
SIGS2,16,17,3000,,
SIGS2,59,17,10000,,
SIGS2,14,17,5000,,
SIGS2,41,17,10000,,
SIGS2,41,17,5000,,
SIGS2,11,17,2500,,
API,45,33,40,,
API,59,33,70,,
API,49,33,72,,
API,57,33,200,,
API,22,33,18,,
JBBL,42,50,150,,
JBBL,57,50,40,,
SMATA,17,25,200,,
SMATA,45,25,10,,
SMATA,35,25,50,,
SMATA,58,25,10,,
SMATA,42,25,20,,
KBL,10,34,50,,
RLI,4,4,10,,
OHL,17,5,16,,
SANIMA,56,47,50,,
CHCL,49,17,50,,
GBLBS,36,28,20,,
NHDL,46,45,25,,
UPPER,58,14,60,,
PCBL,17,38,100,,
SHIVM,48,57,100,,
NHPC,28,32,427,,
MKJC,28,33,100,,
NTC,18,28,70,,
NTC,18,7,30,,
CBBL,17,42,60,,
CBBL,25,42,20,,
CZBIL,42,49,30,,
CBBL,43,42,50,,
LBL,21,53,110,,
LBL,55,53,100,,
LBL,45,53,20,,
LBL,32,53,10,,
LBL,26,53,250,,
LBL,40,53,10,,
GILB,8,17,10,,
ULI,22,59,10,,
NUBL,44,4,35,,
UPPER,58,28,10,,
NMB,44,16,250,,
NUBL,44,21,100,,
SHPC,37,52,10,,
JFL,11,4,66,,
HIDCL,29,38,800,,
HIDCL,29,52,200,,
SAHAS,20,48,10,,
JBLB,5,45,10,,
ICFC,43,13,230,,
JBLB,42,35,15,,
SPDL,34,58,19,,
SPDL,34,13,181,,
AKPL,35,37,623,,
AKPL,35,35,74,,
AKPL,35,1,1000,,
NRIC,32,11,500,,
ADBL,49,58,25,,
ADBL,45,58,16,,
ADBL,58,58,20,,
ADBL,19,58,10,,
ADBL,35,58,100,,
ADBL,34,58,100,,
ADBL,14,58,150,,
ADBL,54,58,200,,
ADBL,28,58,17,,
ADBL,25,58,73,,
ADBL,43,58,25,,
SHINE,1,34,450,,
SHINE,45,34,120,,
AKJCL,51,33,50,,
SHINE,42,34,150,,
SHINE,57,34,30,,
SHINE,52,34,250,,
IGI,41,45,55,,
RLFL,34,57,58,,
NGPL,57,42,32,,
NIFRA,48,25,25,,
HDHPC,55,34,100,,
UPPER,58,34,20,,
HIDCL,29,38,72,,
CIT,35,33,10,,
SHINE,52,48,50,,
FMDBL,20,40,370,,
FMDBL,6,40,30,,
FMDBL,22,40,100,,
GBIME,40,16,1000,,
ICFC,43,42,50,,
NMB,29,25,42,,
CFCL,37,26,47,,
KKHC,22,49,10,,
KKHC,21,49,15,,
ICFC,28,7,350,,
ICFC,6,7,500,,
ICFC,6,7,50,,
ICFC,57,7,100,,
NLIC,39,8,20,,
HIDCL,55,51,132,,
HIDCL,5,51,30,,
HIDCL,10,51,30,,
HIDCL,38,51,30,,
HIDCL,41,51,50,,
HIDCL,36,51,16,,
HIDCL,7,51,22,,
HIDCL,58,51,90,,
AKPL,14,49,100,,
NMB,29,28,200,,
SAHAS,20,28,10,,
NMB,26,28,300,,
SLI,16,58,10,,
SFCL,17,51,50,,
SFCL,17,42,950,,
BFC,28,40,980,,
BFC,34,40,20,,
CBBL,34,21,75,,
UMHL,41,13,50,,
FMDBL,1,57,100,,
UMHL,41,56,111,,
PLIC,40,57,21,,
PLIC,22,57,100,,
PLIC,35,57,200,,
PLIC,13,57,79,,
CFCL,13,26,25,,
JBLB,38,32,40,,
MSLB,18,52,50,,
AHPC,48,59,50,,
AHPC,54,59,50,,
NGPL,11,42,100,,
NLBBL,42,51,53,,
NLBBL,42,6,22,,
NLBBL,42,13,75,,
AIL,58,42,25,,
NMFBS,49,7,10,,
JBBL,44,38,50,,
JBBL,38,38,125,,
JBBL,38,33,75,,
MLBL,48,54,20,,
NTC,43,21,50,,
NTC,43,57,100,,
NTC,43,40,20,,
NFS,34,45,95,,
NFS,34,37,10,,
KSBBL,47,6,150,,
PLI,35,45,40,,
AKPL,41,35,20,,
API,22,13,10,,
NHPC,7,32,28,,
UMHL,53,56,50,,
GBBL,45,59,80,,
GBBL,16,59,100,,
GBBL,44,59,50,,
GBBL,52,59,10,,
GBBL,14,59,1000,,
GBBL,4,59,20,,
GBBL,59,59,50,,
GBBL,28,59,1000,,
GBBL,32,59,500,,
GBBL,3,59,800,,
GBBL,42,59,50,,
GBBL,44,59,345,,
GBBL,44,59,50,,
GBBL,34,59,50,,
GBBL,38,59,120,,
GBBL,42,59,200,,
GBBL,25,59,300,,
GBBL,18,59,200,,
GBBL,5,59,75,,
KPCL,34,16,194,,
KPCL,34,16,100,,
KPCL,57,16,106,,
GBBL,5,28,50,,
SADBL,7,48,10,,
PCBL,7,3,500,,
MLBL,39,48,500,,
RHPL,48,4,50,,
NIFRA,58,25,35,,
HDL,42,11,20,,
HDL,45,11,50,,
HDL,58,11,20,,
HDL,48,11,50,,
HDL,32,11,116,,
SBL,6,32,10,,
UPCL,49,41,50,,
HPPL,45,37,30,,
PICL,19,48,15,,
PROFL,48,11,30,,
MLBL,51,48,200,,
NUBL,19,41,30,,
TPC,19,45,10,,
MERO,17,54,157,,
MERO,17,38,23,,
MERO,17,35,20,,
BOKL,28,25,250,,
BOKL,58,25,20,,
BOKL,11,25,10,,
BOKL,21,25,200,,
BOKL,28,25,100,,
BOKL,49,25,100,,
BOKL,48,25,50,,
BOKL,49,25,50,,
BOKL,17,25,200,,
BOKL,14,25,100,,
BOKL,58,25,100,,
BOKL,51,25,200,,
BOKL,4,25,60,,
BOKL,41,25,20,,
BOKL,4,25,250,,
BOKL,38,25,100,,
BOKL,54,25,100,,
BOKL,1,25,20,,
BOKL,58,25,35,,
BOKL,42,25,300,,
BOKL,52,25,40,,
BOKL,57,25,40,,
BOKL,5,25,30,,
BOKL,42,25,211,,
NHPC,36,32,50,,
NHPC,57,32,10,,
NHPC,46,32,100,,
NHPC,41,32,25,,
NHPC,14,32,30,,
NHPC,6,32,900,,
NHPC,59,32,500,,
NHPC,26,32,100,,
NHPC,14,32,80,,
SPDL,35,32,100,,
MLBL,57,48,50,,
NHPC,45,14,100,,
NIFRA,58,46,60,,
NIFRA,58,56,75,,
PROFL,48,22,70,,
PROFL,48,59,40,,
BNT,38,22,10,,
BNT,22,22,10,,
BNT,50,22,10,,
BNT,56,22,10,,
BNT,50,22,10,,
SAHAS,20,34,10,,
MBL,16,57,200,,
UMHL,20,56,20,,
HIDCL,42,38,50,,
SMATA,57,25,40,,
SMATA,13,25,20,,
SMATA,19,25,10,,
SMATA,11,25,27,,
PLI,47,45,20,,
UMHL,32,56,139,,
SLI,42,44,10,,
MLBL,28,48,100,,
MLBL,48,48,1575,,
SHIVM,54,57,50,,
HDL,32,33,30,,
HDL,1,33,250,,
NIBSF1,50,46,5000,,
CHL,34,19,10,,
CHL,34,43,90,,
HIDCL,42,38,20,,
MLBL,48,55,425,,
NRIC,58,34,80,,
NRIC,58,34,20,,
RHPL,48,54,70,,
CFCL,35,26,10,,
KSBBL,53,6,50,,
CFCL,54,26,18,,
CFCL,54,45,182,,
GBBL,5,57,175,,
HIDCL,58,34,30,,
SSHL,34,19,100,,
GBLBS,29,28,20,,
HIDCL,58,34,80,,
UPPER,58,6,100,,
MFIL,4,8,107,,
MFIL,35,8,43,,
NHPC,14,19,220,,
NHPC,43,19,30,,
NHPC,51,19,50,,
NHPC,33,19,100,,
NHPC,45,19,200,,
HIDCL,42,34,20,,
BNT,50,55,10,,
NABIL,59,21,10,,
NHPC,47,58,100,,
GBIME,49,16,40,,
NGPL,35,42,100,,
AKPL,14,6,121,,
PMHPL,17,41,150,,
PMHPL,17,26,150,,
PMHPL,17,37,1000,,
PMHPL,17,14,200,,
JOSHI,57,6,40,,
AKPL,29,6,50,,
AKPL,38,6,50,,
SANIMA,19,47,50,,
MLBSL,38,32,10,,
JBBL,6,33,10,,
NRIC,6,34,30,,
NRIC,6,41,30,,
MLBL,43,55,500,,
NIFRA,35,38,50,,
LICN,17,57,85,,
LICN,43,57,15,,
CBL,33,45,82,,
PLIC,13,45,21,,
SADBL,57,55,40,,
CLBSL,52,6,70,,
LBBL,48,38,20,,
LBBL,45,38,200,,
LBBL,55,38,100,,
LBBL,14,38,10,,
MKJC,16,34,296,,
MKJC,34,34,15,,
AKJCL,34,33,100,,
NGPL,57,42,24,,
NGPL,57,35,76,,
CGH,14,36,20,,
NIFRA,35,35,50,,
GBIME,48,22,320,,
PPCL,21,40,210,,
GBIME,7,22,150,,
GBIME,38,22,100,,
BPCL,58,47,16,,
GBIME,41,22,10,,
GBIME,58,22,134,,
GBIME,52,22,138,,
GBIME,42,22,20,,
GBIME,56,22,100,,
GBIME,52,22,49,,
GBIME,58,22,50,,
GBIME,38,22,100,,
GBIME,16,22,50,,
GBIME,58,22,260,,
GBIME,22,22,20,,
GBIME,1,22,200,,
GBIME,38,22,86,,
GBIME,52,22,10,,
SLBSL,44,22,60,,
GBIME,45,22,67,,
SLBSL,56,22,20,,
GBIME,1,22,300,,
SLBSL,58,22,10,,
GBIME,32,22,18,,
NLICL,47,8,59,,
NLICL,17,8,100,,
NLICL,35,8,30,,
NLICL,58,8,11,,
NLICL,5,8,500,,
NLICL,40,8,200,,
NLICL,26,8,100,,
NLICL,6,8,200,,
NLICL,43,8,100,,
JBBL,49,33,415,,
JBBL,49,45,135,,
SFCL,58,42,50,,
GBIME,32,40,12,,
GBIME,58,40,40,,
GBIME,45,40,10,,
GBIME,46,40,100,,
MNBBL,59,42,200,,
SBL,53,4,50,,
GILB,57,5,63,,
GILB,50,5,10,,
ILBS,53,32,12,,
MLBS,57,38,10,,
HIDCL,7,17,178,,
MFIL,35,14,57,,
MFIL,21,14,43,,
MLBL,48,44,250,,
RLFL,34,48,35,,
RLFL,8,48,115,,
SFCL,58,21,50,,
HDL,1,16,170,,
RADHI,57,4,15,,
HDL,16,16,10,,
HDL,58,16,20,,
HDL,56,16,50,,
HDL,50,16,40,,
HDL,17,16,10,,
NICA,25,35,20,,
NICA,25,49,61,,
NGPL,49,35,100,,
API,41,38,100,,
TPC,19,42,200,,
HDL,53,48,100,,
ALICL,50,38,40,,
NUBL,16,16,100,,
MLBL,46,55,25,,
ICFC,6,25,400,,
ICFC,21,25,100,,
NCCB,29,32,50,,
NCCB,8,32,20,,
NCCB,34,32,1000,,
SAHAS,20,28,10,,
MLBL,17,55,50,,
NIFRA,35,39,50,,
SADBL,57,33,250,,
NLICL,19,47,50,,
SPDL,35,3,25,,
MHNL,45,38,35,,
MHNL,45,49,10,,
JFL,52,7,245,,
JFL,25,7,155,,
JFL,20,7,100,,
MKLB,52,4,10,,
NFS,34,36,150,,
NFS,34,36,50,,
PRVU,58,54,54,,
NFS,34,44,38,,
NFS,34,28,200,,
NFS,34,7,300,,
NFS,34,21,257,,
AIL,57,34,45,,
MPFL,32,42,200,,
MPFL,32,38,700,,
UMRH,26,29,20,,
API,19,38,54,,
API,22,22,72,,
NICLBSL,7,4,10,,
MLBL,17,17,50,,
MBL,44,49,20,,
NGPL,58,35,100,,
NGPL,57,35,100,,
NGPL,45,35,200,,
NGPL,14,35,40,,
NGPL,49,35,100,,
NGPL,49,35,144,,
NGPL,38,35,100,,
NGPL,21,35,40,,
JBBL,38,39,40,,
JBBL,32,39,500,,
KKHC,45,6,100,,
JBBL,51,39,50,,
KKHC,58,6,15,,
JBBL,21,39,100,,
KKHC,58,6,10,,
JBBL,38,39,40,,
KKHC,19,6,10,,
JBBL,19,39,500,,
KKHC,42,6,100,,
JBBL,51,39,10,,
KKHC,49,6,50,,
JBBL,34,39,10,,
KKHC,20,6,10,,
JBBL,16,39,200,,
KKHC,58,6,50,,
JBBL,54,39,100,,
KKHC,11,6,100,,
JBBL,28,39,800,,
KKHC,22,6,40,,
JBBL,21,39,70,,
HIDCL,22,17,200,,
SADBL,57,32,100,,
GFCL,45,17,20,,
GFCL,36,17,100,,
GFCL,58,17,370,,
JBBL,42,39,35,,
JBBL,38,39,100,,
JBBL,28,39,100,,
JBBL,16,39,500,,
JBBL,38,39,100,,
JBBL,33,39,20,,
JBBL,38,39,200,,
JBBL,21,39,30,,
JBBL,41,39,300,,
JBBL,33,39,500,,
JBBL,17,39,200,,
JBBL,39,39,25,,
AKPL,14,52,500,,
JBBL,58,39,20,,
JBBL,38,39,50,,
NHPC,21,58,200,,
JBBL,25,39,50,,
KKHC,21,6,15,,
UMHL,32,48,195,,
UMHL,32,5,666,,
CBBL,51,53,20,,
SHEL,36,21,50,,
RLFL,8,44,85,,
NIFRA,35,49,270,,
NIFRA,17,49,90,,
NCCB,44,29,1190,,
SICL,45,34,10,,
GHL,58,47,25,,
KBL,49,34,66,,
KBL,49,34,434,,
STC,58,28,30,,
HIDCL,41,17,10,,
SCB,13,13,10,,
LEC,32,13,60,,
SCB,42,13,40,,
SHINE,57,42,210,,
SHINE,28,42,242,,
NMFBS,13,7,50,,
IGI,41,33,80,,
AHPC,18,45,217,,
AHPC,16,45,183,,
AHPC,16,42,17,,
AHPC,17,42,904,,
AHPC,32,42,79,,
AHPC,19,38,40,,
AHPC,19,32,60,,
AKJCL,21,48,100,,
NBL,48,6,50,,
NBL,42,6,50,,
NBL,47,6,50,,
AHPC,32,35,500,,
OHL,22,5,165,,
UMHL,44,11,30,,
MDB,13,38,30,,
JLI,14,19,30,,
JLI,50,19,20,,
GIMES1,48,17,190,,
BARUN,48,51,100,,
CBBL,51,19,10,,
SRBL,56,51,100,,
CBBL,33,19,10,,
JBLB,44,58,10,,
SINDU,28,34,100,,
DDBL,38,52,60,,
ALICL,7,38,10,,
JSLBB,38,4,100,,
JSLBB,45,4,10,,
JSLBB,13,4,10,,
JSLBB,7,4,19,,
JSLBB,45,4,10,,
NHPC,34,58,70,,
NHPC,34,55,150,,
NHPC,34,59,80,,
NHPC,34,55,100,,
UMRH,26,57,30,,
NABIL,45,1,200,,
NGPL,43,57,43,,
NGPL,43,34,50,,
NGPL,43,44,110,,
NEF,19,6,5000,,
NRIC,53,4,50,,
SFCL,35,38,100,,
AHPC,32,54,21,,
UMHL,44,7,100,,
MLBL,48,59,225,,
KBL,5,34,66,,
KBL,5,34,34,,
GBBL,48,17,10,,
SPDL,34,13,10,,
SPDL,34,21,50,,
SPDL,34,41,40,,
MBL,35,49,100,,
MBL,43,49,25,,
MBL,13,49,10,,
MBL,33,49,50,,
MBL,50,49,500,,
MBL,22,49,100,,
MBL,8,49,71,,
PIC,57,35,20,,
GBIME,45,45,10,,
ALICL,7,49,40,,
MNBBL,59,42,300,,
ALICL,49,49,10,,
NTC,3,28,400,,
ICFC,6,20,50,,
ICFC,6,20,350,,
KBL,42,34,40,,
GMFIL,17,21,97,,
LLBS,25,58,10,,
SIFC,26,41,120,,
MLBSL,38,22,10,,
RLFL,19,1,65,,
SLICL,1,25,86,,
HURJA,51,37,85,,
HIDCL,59,17,100,,
HIDCL,14,17,20,,
HIDCL,19,17,42,,
HIDCL,42,17,50,,
HIDCL,38,17,10,,
HIDCL,45,17,1000,,
HIDCL,45,17,500,,
HIDCL,32,17,10,,
HIDCL,38,17,200,,
HIDCL,22,17,200,,
HIDCL,35,17,300,,
HIDCL,51,17,300,,
HIDCL,51,17,896,,
HIDCL,34,17,30,,
HIDCL,49,17,100,,
NLG,59,41,100,,
HIDCL,42,17,25,,
NLG,52,41,10,,
HIDCL,42,17,500,,
NLG,29,41,250,,
HIDCL,42,17,100,,
NLG,48,41,40,,
HIDCL,56,17,100,,
HIDCL,21,17,50,,
HIDCL,21,17,65,,
HIDCL,52,17,25,,
HIDCL,38,17,350,,
HIDCL,34,17,100,,
HIDCL,45,17,50,,
HIDCL,39,17,100,,
HIDCL,34,17,10,,
HIDCL,55,17,100,,
HIDCL,35,17,20,,
HIDCL,5,17,30,,
HIDCL,51,17,19,,
HIDCL,41,17,30,,
HIDCL,45,17,30,,
HIDCL,49,17,95,,
HIDCL,49,17,10,,
HIDCL,58,17,10,,
HIDCL,34,17,50,,
HIDCL,17,17,100,,
HIDCL,21,17,100,,
HIDCL,45,17,1000,,
HIDCL,21,17,50,,
HIDCL,53,17,10,,
HIDCL,34,17,10,,
HIDCL,53,17,12,,
HIDCL,52,17,33,,
HIDCL,49,17,50,,
HIDCL,26,17,10,,
HIDCL,52,17,100,,
HIDCL,46,17,10,,
HIDCL,55,17,50,,
HIDCL,43,17,50,,
HIDCL,34,17,130,,
HIDCL,22,17,500,,
HIDCL,22,17,100,,
HIDCL,48,17,500,,
HIDCL,40,17,200,,
HIDCL,42,17,20,,
HIDCL,18,17,500,,
HIDCL,47,17,100,,
HIDCL,54,17,500,,
HIDCL,1,17,1500,,
HIDCL,38,17,1000,,
HIDCL,57,17,200,,
HIDCL,58,17,40,,
HIDCL,33,17,50,,
HIDCL,34,17,100,,
HIDCL,57,17,25,,
HIDCL,7,17,1500,,
HIDCL,54,17,150,,
HIDCL,43,17,15,,
HIDCL,48,17,100,,
HIDCL,39,17,100,,
HIDCL,39,17,70,,
NICLBSL,55,6,10,,
PCBL,28,3,80,,
CZBIL,7,49,10,,
PLIC,16,21,100,,
HIDCL,33,38,70,,
SAPDBL,34,5,53,,
NABIL,59,4,35,,
BOKL,48,13,300,,
HIDCL,29,58,580,,
HIDCL,29,35,500,,
HIDCL,29,1,659,,
HIDCL,29,49,261,,
UPPER,56,45,200,,
SHINE,28,14,208,,
SHINE,32,14,292,,
PCBL,22,3,200,,
SHIVM,54,49,50,,
HIDCL,33,19,150,,
HIDCL,33,13,780,,
SICL,36,25,33,,
SICL,58,25,67,,
HPPL,43,37,18,,
MLBL,14,59,75,,
AHPC,52,54,179,,
AHPC,52,45,265,,
SPDL,1,41,20,,
JBBL,28,45,200,,
SANIMA,58,49,10,,
KBL,17,34,350,,
LBBL,39,4,50,,
ICFC,6,25,150,,
ICFC,6,25,100,,
JBBL,25,45,30,,
NABIL,49,21,49,,
NABIL,49,1,20,,
NABIL,49,57,20,,
NABIL,49,32,225,,
KBL,38,34,76,,
KBL,38,50,10,,
NUBL,40,41,30,,
KBL,38,34,214,,
NABIL,43,32,20,,
NABIL,42,32,30,,
BFC,17,14,100,,
CZBIL,42,22,330,,
SAHAS,47,52,30,,
SAHAS,47,45,10,,
SAHAS,47,19,10,,
SAHAS,47,38,10,,
SAHAS,47,49,40,,
SAHAS,47,45,330,,
SAHAS,47,34,10,,
SAHAS,47,58,10,,
SAHAS,47,55,10,,
SAHAS,47,57,10,,
AKJCL,21,3,100,,
MBL,8,25,229,,
MBL,59,25,100,,
MBL,13,25,100,,
MBL,13,25,500,,
MBL,57,25,50,,
MBL,21,25,350,,
SLBBL,45,38,100,,
CZBIL,42,34,500,,
CZBIL,42,49,313,,
CZBIL,42,49,400,,
CZBIL,42,37,215,,
NLIC,39,17,20,,
NLIC,59,17,10,,
RLFL,8,44,15,,
MBL,21,33,150,,
SPDL,34,3,11,,
UMHL,57,5,80,,
DHPL,29,13,20,,
NIFRA,17,49,10,,
NIFRA,22,49,50,,
NIFRA,13,49,100,,
GFCL,58,54,30,,
UPPER,17,58,150,,
MERO,58,38,85,,
MLBL,43,59,100,,
MLBL,41,59,100,,
RURU,37,54,40,,
PFL,48,58,30,,
NUBL,10,22,50,,
API,38,38,48,,
API,38,42,325,,
API,38,13,27,,
HDL,21,59,30,,
HDL,28,59,20,,
SHPC,48,52,93,,
MPFL,7,47,25,,
ICFC,6,7,350,,
SHINE,32,56,150,,
SHINE,42,56,100,,
PROFL,34,59,100,,
AKJCL,36,33,80,,
AHPC,51,45,12,,
AHPC,51,57,10,,
KPCL,57,14,84,,
KPCL,28,14,100,,
KPCL,45,14,50,,
KPCL,53,14,16,,
ADBL,55,51,10,,
MNBBL,19,42,20,,
GHL,58,21,50,,
GBBL,44,40,655,,
GBBL,14,40,200,,
GBBL,36,40,105,,
GBBL,57,40,40,,
HDHPC,17,47,11,,
HDHPC,22,47,89,,
AKPL,8,35,10,,
MLBS,43,32,10,,
HIDCL,52,13,500,,
HIDCL,25,13,50,,
HIDCL,16,13,100,,
ICFC,6,58,50,,
HIDCL,49,55,60,,
UMHL,46,5,50,,
PLI,34,47,10,,
MSLB,18,47,20,,
NICA,21,42,10,,
SFCL,28,4,300,,
OHL,22,58,15,,
CHDC,58,57,10,,
NICLBSL,55,4,10,,
PROFL,34,59,50,,
ICFC,1,4,100,,
SPDL,34,57,200,,
HIDCL,49,32,500,,
PRVU,16,42,500,,
NHPC,42,59,300,,
SBL,28,32,200,,
SIFC,25,41,100,,
HDHPC,17,17,10,,
HDHPC,17,17,110,,
HDHPC,17,43,10,,
HDHPC,17,52,300,,
HDHPC,17,25,1000,,
HDHPC,17,49,70,,
MERO,34,21,10,,
NBL,48,34,10,,
SIFC,48,41,380,,
SIFC,37,41,200,,
SIFC,57,41,200,,
AHPC,17,19,150,,
AHPC,56,19,500,,
AHPC,53,19,100,,
MLBSL,19,52,25,,
KBL,1,34,50,,
NHPC,11,59,120,,
MNBBL,41,42,50,,
GMFIL,51,51,25,,
GMFIL,51,58,30,,
API,56,13,13,,
GMFIL,51,50,70,,
GMFIL,51,6,565,,
AKJCL,36,44,70,,
AKJCL,36,57,300,,
FOWAD,17,11,10,,
KBLPO,37,34,238640,,
MFIL,21,28,30,,
SWBBL,52,34,41,,
UMHL,53,5,300,,
HGI,33,4,203,,
GBIME,5,16,30,,
MLBL,41,36,100,,
UPPER,17,25,200,,
UPPER,17,4,53,,
NUBL,36,21,100,,
LBL,45,44,200,,
LBL,57,44,10,,
LBL,1,44,500,,
LBL,7,44,1000,,
LBL,6,44,40,,
LBL,7,44,1000,,
LBL,22,44,1500,,
LBL,57,44,100,,
LBL,58,44,51,,
LBL,28,44,200,,
LBL,10,44,20,,
LBL,38,44,500,,
LBL,47,44,180,,
LBL,14,44,400,,
LBL,47,44,46,,
NMB,13,25,200,,
AHPC,38,57,100,,
SAHAS,39,52,10,,
KSBBL,41,22,20,,
JBBL,34,45,505,,
JBBL,41,45,70,,
UMHL,6,5,200,,
UPCL,57,37,70,,
UPCL,52,37,30,,
UPCL,45,37,100,,
NABIL,43,57,20,,
UPCL,25,37,50,,
UPCL,39,37,50,,
NABIL,45,57,30,,
HPPL,43,32,300,,
UPPER,38,21,35,,
UPPER,14,21,100,,
DDBL,38,48,12,,
DDBL,38,48,40,,
DDBL,49,48,10,,
NBB,37,7,219,,
NBB,37,38,348,,
JBBL,41,59,30,,
GBIME,45,34,30,,
CIT,45,50,10,,
RHPL,48,42,50,,
MPFL,7,32,500,,
GBLBS,29,28,10,,
GBLBS,38,28,10,,
CZBIL,42,49,50,,
CBL,33,46,200,,
CBL,16,46,300,,
NRIC,8,34,100,,
MNBBL,21,42,20,,
AKJCL,35,57,200,,
AHPC,35,57,100,,
AHPC,35,45,200,,
SICL,58,34,208,,
SICL,26,34,102,,
RADHI,22,16,15,,
RADHI,58,16,58,,
RADHI,16,16,30,,
RADHI,22,16,33,,
NMB,21,25,100,,
FMDBL,20,57,100,,
SAHAS,49,58,10,,
BARUN,17,49,100,,
BARUN,42,49,10,,
SAHAS,39,38,190,,
CIT,40,50,50,,
CIT,40,50,10,,
SKBBL,8,29,31,,
NIFRA,38,56,25,,
NIFRA,38,52,15,,
PCBL,28,3,20,,
NLIC,59,38,10,,
HIDCL,49,39,100,,
HIDCL,49,21,50,,
HIDCL,49,21,100,,
HIDCL,49,33,190,,
UMHL,17,5,500,,
UNHPL,35,50,195,,
UNHPL,49,50,100,,
UNHPL,36,50,37,,
RHPL,50,5,25,,
UMHL,44,5,100,,
RLFL,48,57,30,,
AKJCL,57,44,230,,
AKJCL,57,41,70,,
API,39,55,52,,
MLBL,40,4,50,,
NUBL,19,58,10,,
GBBL,57,1,50,,
NIFRA,22,4,50,,
CCBL,16,56,1264,,
MNBBL,45,42,10,,
GBIME,45,26,50,,
HIDCL,28,33,20,,
CIT,14,50,50,,
NRN,21,57,10,,
NRN,21,34,10,,
NRN,21,42,10,,
JBLB,26,21,20,,
AHPC,38,45,200,,
NMB,26,4,200,,
NGPL,49,54,20,,
API,48,42,100,,
API,48,58,200,,
API,48,58,100,,
GBIME,45,34,80,,
NABIL,21,57,10,,
JLI,45,13,20,,
GBLBS,42,29,10,,
MLBL,34,38,10,,
MLBL,45,38,70,,
MLBL,55,38,100,,
MLBL,16,38,50,,
MLBL,38,38,50,,
SAHAS,49,58,10,,
AKJCL,21,52,105,,
AKJCL,42,52,100,,
AKJCL,43,52,25,,
AKJCL,42,52,50,,
AKJCL,3,52,10,,
AKJCL,59,52,10,,
AKJCL,53,52,200,,
NTC,59,28,100,,
NTC,59,58,50,,
NTC,59,51,50,,
NTC,59,34,50,,
NTC,59,42,18,,
NTC,59,33,375,,
LBBL,14,14,10,,
PMHPL,22,45,106,,
PPCL,4,58,20,,
MKLB,51,3,10,,
AHPC,17,26,300,,
AHPC,55,26,500,,
AHPC,35,26,200,,
CHL,7,34,100,,
NRIC,21,34,50,,
IGI,41,17,20,,
NLICL,49,50,10,,
NLICL,17,50,100,,
NLICL,19,50,20,,
NLICL,59,50,47,,
CFCL,44,58,100,,
AHPC,1,45,23,,
AHPC,1,55,30,,
AHPC,1,39,100,,
AHPC,1,35,100,,
AHPC,1,38,247,,
KBL,14,34,20,,
KBL,14,34,20,,
KBL,52,34,70,,
KBL,43,34,10,,
KBL,13,34,116,,
HIDCL,53,33,490,,
HIDCL,53,42,100,,
HIDCL,53,13,350,,
HIDCL,53,35,500,,
HIDCL,53,57,500,,
HIDCL,53,10,60,,
NUBL,42,46,63,,
PROFL,36,57,83,,
PROFL,7,57,25,,
PROFL,20,57,100,,
PROFL,20,57,10,,
PROFL,38,57,50,,
PROFL,28,57,10,,
AKPL,32,35,200,,
PMHPL,14,45,50,,
SLI,34,38,10,,
NICL,32,13,49,,
NICL,43,13,25,,
NCCB,38,36,200,,
NCCB,58,36,20,,
NCCB,19,36,20,,
NCCB,38,36,10,,
NCCB,57,36,10,,
NCCB,17,36,200,,
NCCB,57,36,100,,
NCCB,5,36,100,,
NCCB,25,36,100,,
UPPER,21,4,70,,
UPPER,21,11,130,,
AKJCL,53,17,100,,
AKPL,19,35,50,,
AKPL,48,35,146,,
AKPL,48,47,184,,
AKPL,57,47,23,,
HIDCL,33,10,100,,
SICL,26,39,48,,
SGI,26,45,20,,
PCBL,28,3,200,,
SSHL,17,19,400,,
SSHL,17,35,100,,
KKHC,22,1,10,,
KKHC,34,1,40,,
KKHC,14,1,100,,
KKHC,17,1,50,,
NHPC,58,48,93,,
NHPC,58,49,20,,
MDB,59,41,20,,
MDB,10,41,20,,
MDB,37,41,60,,
HDHPC,22,29,50,,
HDHPC,22,42,10,,
HDHPC,22,58,20,,
HDHPC,22,19,831,,
NIBSF1,39,46,5000,,
JLI,45,44,10,,
RSDC,59,4,173,,
NHPC,6,7,100,,
NHPC,32,7,100,,
NHPC,28,7,200,,
NHPC,37,7,100,,
SLICL,45,25,50,,
PPCL,4,35,30,,
SCB,42,48,10,,
HPPL,43,8,82,,
HPPL,43,8,108,,
HPPL,45,8,160,,
NRIC,53,45,11,,
NRIC,47,45,200,,
NRIC,21,45,10,,
NRIC,58,45,79,,
NRIC,39,45,10,,
NRIC,47,45,50,,
NRIC,22,45,50,,
CHL,35,13,40,,
NRIC,41,45,15,,
CHL,42,13,60,,
NBL,48,46,50,,
UMHL,40,5,32,,
PLI,34,5,20,,
NRN,21,37,10,,
STC,57,33,10,,
STC,45,33,10,,
STC,22,33,10,,
HIDCL,7,10,276,,
HIDCL,7,48,23,,
ADBL,14,51,25,,
ADBL,22,51,30,,
SAHAS,17,1,10,,
AKJCL,58,41,10,,
NIL,56,35,38,,
NBL,48,45,10,,
NBL,48,13,433,,
PLIC,8,42,20,,
PLIC,45,42,50,,
PLIC,33,42,1000,,
PLIC,45,42,100,,
PLIC,53,42,10,,
PLIC,55,42,382,,
PLIC,28,42,20,,
NFS,44,6,80,,
SIC,25,32,35,,
HDL,28,58,30,,
HDL,39,58,45,,
HDL,56,58,15,,
HDL,49,58,20,,
HDL,58,58,40,,
HDL,28,58,50,,
HDL,43,58,10,,
HDL,49,58,10,,
HDL,41,58,50,,
HDL,38,58,30,,
HDL,16,58,50,,
HDL,35,58,50,,
LBBL,57,4,50,,
MLBL,51,4,141,,
MLBL,51,44,59,,
HGI,40,4,50,,
HGI,59,4,50,,
SAHAS,25,58,10,,
NIFRA,22,58,50,,
ADBL,58,36,36,,
SPDL,34,3,100,,
ICFC,1,49,100,,
ULI,29,25,10,,
KMCDB,25,32,35,,
KBL,13,34,74,,
KBL,14,34,426,,
NHPC,33,21,74,,
NHPC,33,29,50,,
NHPC,33,58,76,,
SINDU,41,45,100,,
SLICL,14,25,30,,
SLICL,53,25,280,,
SLICL,26,25,30,,
SLICL,32,25,24,,
NIFRA,25,52,10,,
API,39,21,50,,
SHINE,32,38,300,,
SINDU,50,45,50,,
CZBIL,1,37,100,,
HIDCL,20,42,50,,
LBBL,57,4,50,,
UPCL,39,57,50,,
MLBL,38,17,30,,
MLBL,55,44,10,,
MNBBL,45,58,80,,
GMFBS,49,43,20,,
GMFBS,55,43,30,,
GMFBS,45,43,11,,
GMFBS,34,43,19,,
SAHAS,1,22,10,,
AHPC,32,38,100,,
SMATA,11,17,73,,
GBBL,57,33,100,,
GBBL,57,42,10,,
NBL,5,8,126,,
NBL,20,8,20,,
NBL,22,8,25,,
NGPL,49,42,280,,
NBL,52,8,106,,
NBL,42,8,100,,
NBL,57,8,100,,
NBL,55,8,20,,
SHPC,25,36,600,,
RHPL,48,45,380,,
RHPL,25,45,420,,
IGI,45,45,15,,
NGPL,34,42,400,,
UMHL,45,5,72,,
SHINE,35,38,100,,
SADBL,57,48,100,,
SADBL,49,48,20,,
SADBL,19,48,100,,
SADBL,42,48,100,,
SADBL,57,48,20,,
SADBL,55,48,1500,,
SADBL,47,48,50,,
SADBL,38,48,260,,
SADBL,38,48,260,,
SADBL,38,48,260,,
SADBL,41,48,200,,
SADBL,11,48,100,,
SADBL,56,48,100,,
SADBL,40,48,13,,
JFL,25,41,45,,
JFL,43,41,55,,
JFL,43,41,100,,
PROFL,42,59,10,,
GBBL,49,42,20,,
SHEL,36,58,240,,
SHEL,36,39,10,,
PRIN,35,42,19,,
MKLB,51,49,10,,
GLICL,11,21,300,,
NRIC,57,34,100,,
NIFRA,22,45,350,,
AHPC,38,38,200,,
NIFRA,17,45,50,,
LBBL,39,4,200,,
NBL,42,13,15,,
CHL,57,43,10,,
MEN,34,4,10,,
API,39,5,100,,
HIDCL,45,42,70,,
CGH,16,45,10,,
LBBL,21,44,36,,
PFL,48,58,27,,
PFL,48,7,20,,
UMHL,42,49,70,,
UMHL,42,25,30,,
SGI,17,55,40,,
SGI,17,46,10,,
RADHI,22,17,30,,
AIL,49,45,10,,
CLBSL,58,6,20,,
API,39,58,55,,
NTC,6,42,32,,
NTC,6,54,10,,
NTC,6,44,58,,
PLIC,6,39,10,,
CCBL,14,25,45,,
CCBL,51,25,15,,
CCBL,58,25,10,,
NGPL,22,42,100,,
SFCL,58,51,325,,
SFCL,4,51,175,,
KSBBL,58,34,230,,
KSBBL,40,34,20,,
KSBBL,46,34,50,,
KSBBL,48,34,200,,
KSBBL,45,34,150,,
KSBBL,59,34,100,,
KSBBL,49,34,100,,
KSBBL,54,34,50,,
KSBBL,43,34,100,,
LBBL,59,57,290,,
LBBL,59,10,500,,
TPC,19,45,10,,
AKPL,57,54,77,,
AKPL,59,54,28,,
PROFL,54,59,100,,
NLIC,11,57,15,,
NLIC,35,57,20,,
NLIC,43,57,10,,
NLIC,36,57,50,,
NLIC,5,57,10,,
NLIC,6,57,35,,
NCCB,38,29,1600,,
GHL,57,47,100,,
GBIME,35,16,35,,
UPPER,28,11,200,,
UPCL,25,49,50,,
UPCL,35,49,50,,
MNBBL,45,38,10,,
GBIME,45,38,33,,
ADBL,42,36,208,,
NHPC,46,58,100,,
NMB,45,25,50,,
PROFL,35,52,20,,
AKPL,39,7,68,,
NFS,57,21,10,,
NFS,36,21,33,,
JLI,45,58,10,,
TPC,19,58,10,,
NTC,43,44,20,,
NTC,43,25,100,,
NTC,43,22,255,,
NIFRA,17,49,100,,
NLG,13,52,52,,
AHPC,22,38,10,,
SADBL,40,32,27,,
SADBL,42,32,50,,
SADBL,13,32,50,,
SADBL,33,32,273,,
API,39,38,86,,
IGI,41,17,50,,
IGI,41,46,300,,
HDL,7,33,50,,
NBL,44,13,10,,
NBL,58,13,15,,
NBL,49,13,27,,
GBIME,51,38,20,,
GBIME,42,38,25,,
GBIME,51,38,200,,
GBIME,46,38,60,,
HIDCL,5,42,150,,
LEC,32,3,100,,
ALBSL,44,1,50,,
AKPL,39,47,75,,
STC,22,28,10,,
STC,58,28,10,,
STC,52,28,20,,
BARUN,42,49,90,,
BARUN,21,49,10,,
GRDBL,55,39,45,,
GRDBL,33,39,124,,
GRDBL,17,39,31,,
HIDCL,40,42,100,,
MLBL,1,44,31,,
MLBL,1,47,75,,
MLBL,1,59,394,,
BOKL,59,45,55,,
PMHPL,51,45,44,,
PMHPL,51,1,56,,
NICL,40,59,50,,
SAHAS,19,45,100,,
GBBL,36,16,95,,
GBBL,55,16,500,,
GBBL,21,16,250,,
GBBL,55,16,20,,
GBBL,57,16,50,,
GBBL,59,16,85,,
CFCL,52,8,43,,
NMB,58,25,50,,
SAHAS,55,49,10,,
RADHI,49,16,20,,
SHPC,55,32,43,,
KKHC,14,41,150,,
KKHC,42,41,400,,
KKHC,35,41,450,,
NIFRA,58,52,25,,
SCB,58,48,20,,
NIFRA,58,34,25,,
AKJCL,21,57,277,,
AKJCL,21,57,100,,
AKJCL,38,57,50,,
AKJCL,11,57,100,,
AKJCL,36,57,10,,
AKJCL,4,57,200,,
AKJCL,14,57,10,,
AKJCL,57,57,70,,
AKJCL,33,57,100,,
MSLB,18,35,20,,
AKJCL,6,57,63,,
AKJCL,57,57,220,,
MSLB,49,35,20,,
MSLB,11,35,10,,
NGPL,14,42,50,,
BBC,50,14,10,,
GBIME,22,16,225,,
GBIME,22,29,75,,
NLIC,6,8,40,,
JBLB,26,38,25,,
SHPC,55,52,107,,
UPPER,52,11,10,,
MEGA,44,20,50,,
BARUN,26,45,1000,,
GBIME,49,57,20,,
GBIME,42,57,200,,
GBIME,52,57,25,,
SSHL,50,39,405,,
SSHL,52,39,15,,
SSHL,55,39,60,,
SSHL,34,39,20,,
NIL,56,56,14,,
NIL,21,56,50,,
NMB,55,25,80,,
GLH,49,47,25,,
NTC,26,22,100,,
NBB,49,38,20,,
NBB,45,38,500,,
NBB,58,38,10,,
NBB,32,38,100,,
NBB,33,38,500,,
NBB,59,38,192,,
NBB,43,38,50,,
NBB,7,38,100,,
NBB,41,38,470,,
NBB,1,38,10,,
SHPC,19,32,15,,
SAHAS,55,44,10,,
SCB,13,48,170,,
SCB,13,41,30,,
AKPL,39,22,50,,
SLI,34,38,10,,
NABIL,37,32,200,,
UPPER,59,11,660,,
PRVU,16,4,195,,
PROFL,57,52,100,,
PROFL,13,52,75,,
PROFL,42,52,50,,
PROFL,19,52,100,,
PROFL,53,52,545,,
PROFL,47,52,20,,
DHPL,58,50,10,,
LBBL,21,7,50,,
GBIME,14,45,50,,
SADBL,33,43,20,,
NIFRA,17,49,150,,
NIFRA,32,49,150,,
CCBL,16,56,20,,
SICL,22,34,30,,
SICL,49,34,120,,
LEC,32,4,10,,
FOWAD,17,1,50,,
NLIC,37,48,20,,
AKJCL,57,28,30,,
AHPC,17,49,46,,
AHPC,19,49,200,,
AHPC,59,49,210,,
AKJCL,29,28,70,,
GBIME,29,29,100,,
LGIL,22,50,60,,
TPC,19,48,10,,
TPC,19,49,10,,
MEN,26,4,511,,
RMDC,34,19,200,,
SAHAS,55,43,10,,
PMHPL,58,13,70,,
RHPL,25,34,80,,
NTC,43,49,90,,
PFL,29,7,50,,
SADBL,33,32,207,,
SADBL,58,32,50,,
SADBL,36,32,10,,
SADBL,57,32,100,,
GBBL,59,1,15,,
GBBL,45,1,35,,
CCBL,16,50,430,,
AKJCL,6,45,437,,
AKJCL,21,45,20,,
AKJCL,52,45,200,,
AKJCL,39,45,150,,
AKJCL,57,45,30,,
AKJCL,58,45,10,,
AKJCL,58,45,10,,
AKJCL,42,45,100,,
AKJCL,52,45,10,,
AKJCL,58,45,100,,
AKJCL,58,45,100,,
AKJCL,45,45,50,,
AKJCL,16,45,20,,
AKJCL,58,45,100,,
AKJCL,42,45,103,,
AKJCL,57,45,50,,
AKJCL,47,45,10,,
SLI,34,43,10,,
HDL,45,33,50,,
HDL,45,33,30,,
HDL,7,33,40,,
HDL,53,33,50,,
MNBBL,54,7,100,,
EIC,32,7,422,,
EIC,45,7,15,,
MNBBL,14,7,200,,
PMHPL,58,3,90,,
PMHPL,28,3,10,,
AKJCL,55,28,200,,
FMDBL,20,6,283,,
FMDBL,48,6,97,,
FMDBL,17,6,120,,
SFCL,4,36,25,,
SFCL,47,36,50,,
SFCL,53,36,20,,
SFCL,33,36,55,,
OHL,22,58,20,,
SFMF,37,4,5000,,
SFMF,38,4,2500,,
NHPC,52,58,70,,
NHPC,52,54,30,,
NGPL,47,42,310,,
MLBL,45,59,100,,
SIC,25,35,10,,
NBL,49,57,23,,
MLBS,43,57,30,,
NBL,49,57,15,,
NBL,21,57,30,,
NBL,38,57,32,,
GIMES1,42,7,3528,,
NIFRA,32,49,50,,
GBIME,14,49,34,,
NIFRA,58,49,30,,
UNHPL,36,13,13,,
RHPL,48,3,150,,
UPPER,59,45,215,,
CHL,35,45,100,,
NGPL,59,42,10,,
BPCL,50,47,75,,
NABIL,46,21,10,,
NABIL,14,21,172,,
HIDCL,58,42,23,,
HIDCL,58,58,127,,
AHPC,38,38,100,,
UPCL,35,20,50,,
JFL,42,57,100,,
ICFC,45,57,23,,
ICFC,32,57,500,,
ICFC,50,57,150,,
ICFC,49,57,28,,
ICFC,49,57,200,,
ICFC,37,57,41,,
ICFC,32,57,100,,
ICFC,29,57,30,,
ICFC,28,57,100,,
BPCL,50,57,150,,
ICFC,25,57,428,,
UMHL,45,6,100,,
ULI,29,26,10,,
SADBL,57,43,100,,
NGPL,49,42,318,,
NGPL,49,35,330,,
GBBL,34,33,100,,
NIFRA,58,43,70,,
NIFRA,58,43,30,,
PRVU,16,48,100,,
CORBL,3,55,191,,
CORBL,58,55,200,,
RADHI,16,49,80,,
CCBL,39,50,20,,
NICL,32,6,45,,
PROFL,53,38,20,,
NBL,38,17,30,,
HDHPC,52,19,100,,
JLI,45,22,10,,
BOKL,42,25,29,,
BOKL,58,25,15,,
BOKL,58,25,50,,
BOKL,58,25,35,,
BOKL,58,25,100,,
BOKL,35,25,10,,
BOKL,52,25,1000,,
BOKL,20,25,50,,
BOKL,21,25,100,,
BOKL,53,25,500,,
BOKL,58,25,10,,
BOKL,58,25,100,,
BOKL,58,25,200,,
BOKL,45,25,100,,
BOKL,45,25,20,,
BOKL,32,25,50,,
BOKL,34,25,15,,
BOKL,58,25,22,,
BOKL,42,25,50,,
BOKL,39,25,10,,
BOKL,21,25,500,,
BOKL,41,25,50,,
BOKL,22,25,200,,
BOKL,13,25,300,,
BOKL,22,25,200,,
BOKL,58,25,62,,
BOKL,1,25,10,,
BOKL,48,25,200,,
BOKL,21,25,100,,
BOKL,42,25,450,,
BOKL,14,25,462,,
UPCL,3,41,87,,
UPCL,45,41,30,,
NIFRA,58,42,50,,
NLIC,6,57,25,,
NLIC,41,57,50,,
LBBL,21,7,114,,
AKPL,59,7,100,,
JLI,1,4,10,,
UPPER,59,52,50,,
RHPL,48,54,170,,
RHPL,32,54,300,,
RHPL,58,54,30,,
NGPL,44,35,50,,
NABIL,14,59,330,,
NABIL,59,59,50,,
NABIL,51,59,100,,
NABIL,8,59,20,,
NABIL,22,59,100,,
NABIL,50,59,100,,
NABIL,4,59,300,,
SINDU,8,45,50,,
NLBBL,20,54,50,,
BOKL,38,45,20,,
NLBBL,32,54,50,,
API,19,6,25,,
SIL,25,38,10,,
API,37,25,100,,
SJCL,58,3,150,,
UMHL,44,49,172,,
HIDCL,53,58,68,,
HIDCL,53,34,32,,
UPPER,13,57,25,,
PFL,11,7,40,,
PFL,20,7,10,,
PFL,7,7,25,,
SFCL,33,32,145,,
SFCL,42,32,230,,
SFCL,50,32,100,,
SFCL,52,32,25,,
NABIL,32,34,20,,
NABIL,47,34,42,,
NABIL,57,34,10,,
NABIL,45,34,20,,
JBBL,38,59,80,,
MLBS,43,4,10,,
UPPER,59,4,35,,
AKPL,59,59,100,,
NBL,38,28,138,,
NBL,26,28,100,,
NBL,42,28,105,,
NBL,20,28,557,,
MLBS,56,51,10,,
RADHI,16,6,50,,
PFL,7,16,70,,
ADBL,22,45,10,,
NRIC,55,34,15,,
JBBL,34,13,50,,
JBBL,55,13,50,,
JBBL,45,13,100,,
JBBL,57,59,100,,
SHL,22,35,200,,
TRH,17,1,100,,
MKJC,49,4,100,,
MKJC,4,4,100,,
MKJC,28,4,200,,
MKJC,34,4,100,,
MLBS,26,47,20,,
KSBBL,43,21,100,,
GFCL,45,7,120,,
GFCL,45,7,50,,
GFCL,45,7,705,,
GFCL,26,7,15,,
GFCL,36,7,10,,
GFCL,45,7,100,,
LBL,22,49,1292,,
NTC,43,49,20,,
SIFC,37,38,200,,
SICL,49,38,500,,
NICA,32,1,81,,
LBBL,38,7,50,,
ICFC,25,6,72,,
MNBBL,42,58,80,,
GHL,43,7,100,,
ICFC,7,6,28,,
PLIC,1,39,40,,
GBIME,14,49,13,,
GBIME,19,49,37,,
GLH,49,34,10,,
FOWAD,43,25,50,,
UIC,17,49,50,,
SHL,54,35,100,,
PROFL,47,45,40,,
MEGA,45,1,300,,
NUBL,42,6,37,,
NUBL,42,55,10,,
NUBL,42,45,50,,
NUBL,42,55,38,,
SLICL,48,42,10,,
NHPC,49,54,70,,
NHPC,49,57,130,,
NABIL,1,32,200,,
SAHAS,55,38,10,,
MLBL,47,59,50,,
SHINE,29,38,479,,
SHINE,29,43,20,,
SHINE,29,34,10,,
SHINE,29,45,191,,
UPCL,49,41,70,,
NABIL,4,32,300,,
ULI,35,43,50,,
CHDC,5,58,10,,
IGI,32,46,200,,
BNT,50,59,10,,
HIDCL,42,34,18,,
NIFRA,22,34,25,,
AKJCL,29,28,100,,
API,5,6,75,,
API,5,47,25,,
SHIVM,56,35,50,,
KSBBL,45,21,100,,
CFCL,44,8,100,,
LBL,42,49,10,,
CZBIL,36,34,189,,
CZBIL,53,34,40,,
CZBIL,28,34,19,,
AKPL,59,8,117,,
HDL,56,8,42,,
HDL,56,22,15,,
HDL,56,58,58,,
PROFL,53,47,100,,
SBL,51,32,25,,
PFL,56,58,40,,
PFL,56,48,120,,
HIDCL,38,51,100,,
UPCL,17,41,100,,
KBL,14,45,102,,
RHPL,58,54,170,,
RHPL,32,54,230,,
RHPL,57,54,100,,
UPCL,47,41,83,,
KBL,14,53,472,,
KBL,28,53,10,,
KBL,38,53,10,,
KBL,54,53,50,,
KBL,7,53,30,,
KBL,54,53,100,,
KBL,38,53,200,,
KBL,11,53,100,,
KBL,34,53,90,,
KBL,58,53,50,,
KBL,57,53,100,,
KBL,45,53,100,,
KBL,16,53,100,,
KBL,53,53,90,,
KBL,44,53,10,,
KBL,46,53,50,,
KBL,41,53,10,,
KBL,4,53,20,,
KBL,39,53,78,,
KBL,38,53,10,,
KBL,49,53,50,,
KBL,34,53,10,,
KBL,5,53,30,,
KBL,33,53,1000,,
KBL,58,53,20,,
KBL,13,53,210,,
LGIL,22,34,40,,
KRBL,11,29,100,,
GBIME,19,25,163,,
GBIME,22,25,100,,
GBIME,49,25,38,,
NLG,11,14,11,,
NLG,51,14,10,,
NLG,36,14,79,,
UMHL,44,49,28,,
SPDL,8,51,50,,
AKJCL,41,28,20,,
AKPL,59,52,740,,
AKPL,35,52,25,,
AKPL,19,52,30,,
AKPL,39,52,290,,
UMHL,44,50,300,,
KBL,50,17,40,,
AKJCL,4,28,80,,
CORBL,50,53,10,,
JFL,7,38,55,,
MNBBL,47,58,20,,
MNBBL,51,58,20,,
PROFL,58,45,50,,
AKPL,39,32,210,,
SBL,34,32,52,,
AKPL,39,32,290,,
SBL,45,32,25,,
JBBL,51,59,40,,
SBL,45,42,175,,
SHPC,21,32,142,,
JBBL,43,59,50,,
MEGA,45,1,200,,
SAHAS,55,34,10,,
PROFL,7,45,10,,
PROFL,7,57,10,,
NGPL,7,35,50,,
MLBL,38,58,20,,
NGPL,58,3,30,,
NFS,36,49,150,,
NLG,36,34,19,,
NHPC,37,57,70,,
NHPC,37,32,30,,
NHPC,37,10,400,,
SADBL,1,43,400,,
SGI,14,11,195,,
SGI,36,11,40,,
SGI,1,11,10,,
SGI,36,11,20,,
SGI,46,11,35,,
SGI,11,11,65,,
SGI,3,11,100,,
SGI,36,11,20,,
SGI,49,11,15,,
SINDU,28,3,200,,
AHPC,59,38,100,,
NICA,37,1,100,,
GIC,42,59,430,,
GIC,19,59,70,,
MLBSL,22,49,5,,
MLBSL,22,49,10,,
MLBSL,34,49,10,,
MLBSL,34,49,15,,
MLBSL,41,49,10,,
NICA,32,4,13,,
NICA,41,4,50,,
NICA,20,4,37,,
NLG,36,45,50,,
UPCL,37,41,100,,
NTC,43,42,15,,
NIL,57,50,52,,
NIL,36,50,30,,
NIL,42,50,18,,
RLFL,8,11,10,,
RLFL,36,11,90,,
JBBL,21,59,10,,
GBLBS,43,57,10,,
PROFL,53,57,335,,
PROFL,14,57,15,,
PROFL,38,57,50,,
PROFL,28,57,500,,
PROFL,59,57,100,,
CIT,38,50,10,,
PROFL,29,52,100,,
SSHL,34,53,20,,
GBIME,51,16,240,,
GBIME,51,48,600,,
GBIME,51,26,50,,
GBIME,51,42,110,,
LBBL,32,7,18,,
SRBL,41,38,500,,
AHPC,17,38,50,,
AHPC,17,20,50,,
HDHPC,28,19,69,,
HDHPC,28,41,931,,
KSBBL,57,21,20,,
FMDBL,19,57,10,,
NLG,32,52,15,,
HIDCL,56,35,100,,
HIDCL,58,35,100,,
HIDCL,33,35,50,,
STC,21,28,10,,
STC,34,28,20,,
STC,48,28,10,,
STC,49,28,10,,
STC,38,28,20,,
STC,46,28,10,,
STC,38,28,10,,
STC,45,28,10,,
PPCL,21,42,10,,
PPCL,53,42,20,,
PPCL,28,42,500,,
PPCL,28,42,370,,
UPPER,59,45,940,,
SAHAS,40,45,50,,
CBBL,34,25,17,,
KBL,13,38,390,,
KBL,37,38,50,,
KBL,47,38,110,,
KBL,14,38,100,,
KBL,29,38,50,,
SLBSL,48,22,10,,
SAPDBL,20,57,35,,
SAPDBL,32,57,345,,
SAPDBL,32,57,120,,
PFL,7,38,105,,
PFL,58,38,195,,
SLI,34,32,10,,
SBL,17,42,25,,
CFCL,45,8,250,,
UPCL,7,41,30,,
PLIC,43,48,200,,
API,58,47,475,,
API,58,45,25,,
PRVU,56,34,25,,
PRVU,33,34,200,,
HIDCL,16,17,14,,
DHPL,42,38,5,,
DHPL,50,38,25,,
DHPL,49,38,50,,
DHPL,50,38,20,,
JBLB,58,47,10,,
NRN,47,46,300,,
NABIL,43,32,75,,
NABIL,43,58,125,,
PFL,58,7,68,,
SADBL,46,44,250,,
SADBL,46,26,1750,,
CFCL,29,55,22,,
ADBL,29,36,15,,
MEGA,45,25,50,,
HIDCL,54,17,34,,
HIDCL,44,17,11,,
HIDCL,44,36,59,,
UPCL,7,56,285,,
SLI,16,42,10,,
SLI,16,28,10,,
SLI,16,58,10,,
SLI,16,38,10,,
SLI,16,5,10,,
SLI,16,21,10,,
SLI,16,4,10,,
SLI,16,42,10,,
SLI,16,41,10,,
SLI,16,26,10,,
SLI,16,49,95,,
SLI,16,49,10,,
SLI,16,10,10,,
SLI,16,1,60,,
SLI,16,44,10,,
SLI,16,4,10,,
CZBIL,28,17,81,,
CZBIL,44,17,10,,
CZBIL,25,17,40,,
CZBIL,41,17,10,,
CZBIL,21,17,15,,
CZBIL,57,17,30,,
CZBIL,4,17,200,,
CZBIL,52,17,100,,
CZBIL,33,17,50,,
CZBIL,57,17,100,,
CZBIL,1,17,200,,
CZBIL,52,17,100,,
CZBIL,55,17,50,,
CZBIL,42,17,100,,
CZBIL,26,17,100,,
CZBIL,57,17,64,,
NIFRA,58,17,20,,
SLI,34,13,10,,
SLI,48,6,10,,
MDB,10,53,30,,
MDB,10,53,100,,
MDB,51,53,20,,
KEF,47,57,100,,
TPC,56,38,10,,
MLBBL,54,49,24,,
MFIL,21,42,27,,
UPPER,59,45,1000,,
SHINE,38,34,42,,
HDHPC,32,41,69,,
HDHPC,32,4,31,,
MEGA,45,34,425,,
NBL,20,47,100,,
RADHI,58,16,447,,
RADHI,58,39,53,,
MLBS,21,45,10,,
JBBL,50,39,10,,
CCBL,22,50,50,,
RADHI,16,59,10,,
LBL,14,49,803,,
HDHPC,42,38,100,,
PRVU,32,48,200,,
MLBL,6,59,659,,
MLBL,6,50,41,,
ULI,29,41,10,,
GFCL,41,54,20,,
GFCL,41,54,30,,
NLICL,59,21,53,,
NLICL,59,21,37,,
NLICL,49,21,10,,
NTC,18,33,100,,
NTC,18,3,100,,
NBL,49,48,20,,
MHNL,5,34,30,,
UPCL,21,56,1000,,
NLG,1,52,55,,
NLG,1,58,175,,
SHINE,34,34,33,,
NCCB,32,29,500,,
NCCB,45,29,50,,
NCCB,14,29,100,,
NCCB,58,29,300,,
NCCB,1,29,200,,
NCCB,28,29,1000,,
NCCB,44,29,60,,
NRN,17,46,300,,
AKJCL,58,41,300,,
PRVU,57,21,538,,
AKPL,39,32,85,,
RHPL,32,41,20,,
AKJCL,44,41,820,,
AKJCL,44,35,180,,
HIDCL,14,36,20,,
SINDU,28,49,300,,
AKJCL,47,38,190,,
AKJCL,33,38,100,,
AKJCL,58,38,10,,
LBBL,56,7,16,,
LBBL,55,7,60,,
NLIC,53,56,30,,
NLIC,53,50,20,,
GUFL,53,36,80,,
NRN,21,17,55,,
NRN,5,17,500,,
NRN,53,17,75,,
NRN,6,17,70,,
NRN,53,17,200,,
NRN,51,17,50,,
NRN,29,17,50,,
MNBBL,51,25,80,,
MNBBL,53,25,10,,
MNBBL,11,25,10,,
AIL,45,59,10,,
SINDU,28,6,300,,
ULI,42,57,89,,
ULI,36,57,100,,
ULI,19,57,20,,
ULI,57,57,10,,
ULI,10,57,200,,
ULI,21,57,100,,
ULI,19,57,20,,
ULI,1,57,100,,
SCB,19,41,10,,
ULI,19,57,200,,
ULI,1,57,20,,
ULI,42,57,20,,
ULI,47,57,79,,
ULI,56,57,200,,
ULI,38,57,100,,
ULI,40,57,10,,
ULI,44,57,40,,
ULI,4,57,30,,
ULI,14,57,50,,
ULI,57,57,100,,
ULI,4,57,100,,
ULI,34,57,300,,
ULI,44,57,100,,
ULI,19,57,20,,
ULI,48,57,25,,
ULI,28,57,200,,
ULI,57,57,40,,
ULI,6,57,200,,
ULI,41,57,10,,
ULI,14,57,100,,
ULI,38,57,100,,
ULI,22,57,200,,
ULI,43,57,30,,
NHPC,57,32,50,,
UPCL,45,5,269,,
UPCL,7,5,100,,
NBL,20,29,20,,
UPCL,3,5,100,,
NRIC,55,45,10,,
NLIC,36,4,30,,
PBLD84,4,14,160,,
JBLB,58,21,50,,
UMHL,44,58,100,,
MEGA,58,34,25,,
UMHL,57,58,100,,
AHPC,59,6,20,,
SPDL,34,51,150,,
SPDL,39,51,145,,
JFL,39,38,10,,
JFL,57,38,100,,
JFL,25,38,135,,
KKHC,35,45,50,,
KKHC,5,45,50,,
KKHC,43,45,50,,
EBL,38,43,115,,
AKPL,39,18,125,,
DDBL,49,49,100,,
MLBSL,41,32,10,,
NGPL,34,35,10,,
NIFRA,35,57,20,,
LLBS,38,4,26,,
SAHAS,35,45,20,,
SSHL,41,19,100,,
AHPC,25,6,50,,
SAHAS,35,45,10,,
SAHAS,35,47,10,,
MLBL,17,29,40,,
PROFL,57,52,200,,
PROFL,19,52,100,,
PROFL,49,52,20,,
PROFL,13,52,150,,
PROFL,55,52,100,,
PROFL,47,52,100,,
CHDC,5,55,10,,
CFCL,34,55,50,,
GBIME,49,17,42,,
GBIME,57,17,500,,
NCCB,44,4,100,,
RLFL,36,4,100,,
NIL,58,34,80,,
MLBL,17,25,60,,
MLBL,37,25,50,,
MLBL,35,25,390,,
SBI,38,21,30,,
GILB,57,32,37,,
FOWAD,26,14,50,,
SAHAS,55,35,10,,
SAHAS,55,47,10,,
PROFL,55,38,100,,
AKJCL,57,35,20,,
NICA,49,1,55,,
NHPC,58,32,50,,
JBBL,8,39,35,,
JBBL,8,4,15,,
BBC,35,38,15,,
UPPER,48,45,60,,
NMB,22,25,200,,
RLI,39,41,70,,
NMFBS,28,33,20,,
NMFBS,36,33,25,,
NMFBS,28,33,30,,
NMFBS,17,33,10,,
NMFBS,35,33,10,,
NMFBS,41,33,20,,
NMFBS,29,33,84,,
CZBIL,57,34,36,,
CZBIL,32,34,20,,
CZBIL,38,34,374,,
CZBIL,56,34,20,,
CZBIL,56,34,50,,
NGPL,54,59,10,,
NGPL,43,59,35,,
NGPL,35,59,155,,
PPCL,58,58,21,,
PPCL,58,42,10,,
PPCL,58,36,50,,
NFS,36,58,37,,
SLI,34,14,10,,
BFC,49,21,275,,
JSLBB,45,21,25,,
JLI,57,34,80,,
JLI,7,34,10,,
JLI,16,34,910,,
PMHPL,26,1,328,,
PSF,32,36,2047,,
PSF,6,36,9000,,
PSF,48,36,10000,,
PSF,34,36,1000,,
PSF,33,36,5000,,
PSF,28,36,3800,,
NABIL,50,58,32,,
NABIL,14,58,10,,
NABIL,42,58,20,,
NABIL,21,58,50,,
CZBIL,17,37,50,,
UPPER,48,41,90,,
AIL,49,59,60,,
AIL,5,59,65,,
NABIL,21,58,100,,
GBBL,59,17,40,,
GBBL,59,51,10,,
KBL,29,14,850,,
KBL,29,14,150,,
CIT,57,50,10,,
NFS,36,49,200,,
NGPL,35,34,20,,
NGPL,35,29,25,,
UMHL,44,6,72,,
UMHL,55,6,428,,
CFCL,58,55,10,,
CFCL,11,55,168,,
UPCL,34,56,100,,
NABIL,57,19,20,,
UPPER,42,47,50,,
UPPER,49,47,50,,
UPPER,45,47,10,,
UPPER,51,47,20,,
UPPER,25,47,200,,
UPPER,49,47,50,,
UPPER,42,47,200,,
UPPER,45,47,1000,,
UPPER,44,47,116,,
UPPER,34,47,50,,
UPPER,43,47,150,,
UPPER,5,47,50,,
UPPER,41,47,60,,
UPPER,33,47,440,,
UPPER,43,47,100,,
UPPER,36,47,400,,
UPPER,55,47,100,,
UPPER,40,47,290,,
UPPER,26,47,898,,
UPPER,51,47,50,,
LBBL,55,47,40,,
SADBL,1,43,100,,
UPPER,39,47,165,,
UPPER,13,47,25,,
NRN,17,46,300,,
UPPER,59,41,110,,
GIMES1,42,17,74100,,
GIMES1,42,4,10000,,
GIMES1,42,47,200,,
GIMES1,42,4,4700,,
GIMES1,42,4,1000,,
NLG,36,43,10,,
HDHPC,53,4,200,,
UPPER,59,11,200,,
NABBC,49,43,60,,
UPCL,21,56,200,,
SPDL,39,58,65,,
NCCB,44,45,340,,
NCCB,8,45,50,,
NRIC,22,6,50,,
AKJCL,35,35,100,,
ICFC,17,57,15,,
MHNL,59,34,70,,
MHNL,59,45,30,,
SABSL,29,48,18,,
CZBIL,58,37,100,,
UPCL,7,56,110,,
UPCL,7,57,75,,
HDHPC,42,35,100,,
HDHPC,42,7,215,,
ULI,36,43,20,,
SICL,49,35,100,,
SICL,49,55,40,,
SICL,49,49,240,,
NGPL,38,29,100,,
AHPC,38,20,100,,
ALBSL,7,17,50,,
ALBSL,49,17,30,,
AHPC,22,20,50,,
RHPL,32,58,40,,
GBIME,58,42,37,,
GBIME,48,42,23,,
GBIME,49,42,40,,
NGPL,53,29,50,,
SAHAS,55,58,490,,
NTC,34,17,70,,
AKJCL,14,35,100,,
CIT,28,50,50,,
UMHL,22,48,50,,
ULI,35,21,10,,
ULI,35,8,40,,
SICL,35,49,40,,
NICA,25,1,50,,
NICA,57,1,20,,
NICA,49,1,94,,
DDBL,6,51,519,,
LBBL,25,47,200,,
NGPL,34,45,90,,
GUFL,59,45,15,,
NIL,36,45,70,,
AKJCL,56,35,70,,
JBBL,48,1,87,,
MBL,35,34,100,,
MEN,11,4,100,,
MEN,20,4,100,,
MEN,19,4,30,,
MEN,29,4,10,,
MEN,57,4,330,,
MEN,17,4,100,,
MNBBL,32,10,70,,
MNBBL,32,45,100,,
MNBBL,32,45,80,,
GBBL,29,51,50,,
GBIME,49,45,10,,
SFCL,52,47,25,,
NRIC,47,41,20,,
NRIC,47,38,30,,
GFCL,13,55,120,,
API,49,45,75,,
API,49,57,241,,
API,49,57,84,,
UPPER,59,49,190,,
SAPDBL,32,47,100,,
UPPER,13,49,10,,
JBBL,33,47,87,,
AKPL,56,49,47,,
AKPL,45,49,160,,
SHPC,43,25,1000,,
SHPC,34,25,300,,
SHPC,6,25,180,,
SHPC,29,25,20,,
RHPL,32,37,10,,
NUBL,44,55,12,,
MLBL,28,50,10,,
PRIN,53,11,200,,
HDHPC,50,7,25,,
NBB,1,19,90,,
NBB,49,19,10,,
NBB,58,19,50,,
NGPL,57,29,300,,
NBB,28,19,50,,
KKHC,43,34,10,,
NBB,13,19,200,,
LBBL,57,47,60,,
NBB,57,19,100,,
NGPL,49,29,25,,
PPCL,4,36,200,,
AHPC,17,35,50,,
KRBL,29,42,280,,
KBL,17,58,50,,
KSBBL,22,21,123,,
NRIC,13,38,140,,
NRIC,13,57,10,,
CIT,22,50,20,,
CIT,19,50,20,,
CIT,57,50,10,,
CIT,48,50,10,,
CIT,19,50,10,,
CIT,22,50,50,,
CIT,52,50,103,,
CIT,54,50,10,,
CIT,34,50,50,,
CIT,42,50,10,,
CIT,21,50,10,,
CIT,3,50,40,,
CIT,4,50,12,,
CIT,58,50,150,,
CIT,45,50,50,,
CIT,3,50,50,,
CIT,28,50,10,,
CIT,49,50,30,,
CIT,25,50,50,,
CIT,45,50,10,,
CIT,3,50,100,,
SHIVM,14,11,100,,
CIT,1,50,35,,
CIT,3,50,30,,
CIT,52,50,10,,
TPC,20,48,10,,
CIT,45,50,90,,
CIT,13,50,15,,
NHPC,16,32,30,,
KKHC,43,42,40,,
KKHC,20,42,10,,
UPPER,26,43,102,,
UPPER,36,43,500,,
UPPER,19,43,20,,
UPPER,28,43,16,,
UPPER,59,43,62,,
SRBL,38,29,40,,
NTC,59,17,230,,
ADBL,45,32,100,,
JBLB,51,58,12,,
JBLB,36,58,10,,
JBLB,57,58,15,,
JBLB,26,58,20,,
JBLB,25,58,10,,
JBLB,26,58,10,,
JBLB,43,58,20,,
JBLB,49,58,20,,
JBLB,26,58,50,,
JBLB,34,58,10,,
JBLB,21,58,100,,
JBLB,25,58,500,,
JBLB,39,58,20,,
JBLB,58,58,10,,
JBLB,55,58,50,,
JBLB,48,58,10,,
JBLB,26,58,112,,
JBLB,26,58,21,,
IGI,13,33,200,,
IGI,41,33,70,,
NABIL,17,1,20,,
LBBL,38,47,100,,
UPPER,59,45,10,,
AHPC,17,6,350,,
AHPC,54,6,150,,
BARUN,32,42,200,,
BARUN,42,42,50,,
BARUN,22,42,20,,
BARUN,42,42,200,,
BARUN,29,42,20,,
LBBL,32,48,214,,
CCBL,13,11,23,,
CCBL,11,11,100,,
CCBL,22,11,200,,
CCBL,45,11,77,,
CCBL,46,11,25,,
UPCL,58,57,10,,
MLBSL,58,58,16,,
AHPC,33,20,100,,
RADHI,16,29,200,,
EBL,45,58,18,,
EBL,41,58,100,,
EBL,39,58,50,,
EBL,26,58,200,,
EBL,37,58,32,,
EBL,28,58,100,,
CHDC,5,34,10,,
AKPL,34,42,52,,
NUBL,4,55,30,,
SICL,21,49,20,,
ADBL,45,36,300,,
NUBL,45,55,20,,
UPCL,29,57,100,,
SKBBL,58,22,200,,
SKBBL,57,22,20,,
MNBBL,58,45,10,,
PPCL,34,40,380,,
PPCL,50,40,100,,
NBL,14,59,10,,
UMHL,22,57,50,,
LBBL,32,47,600,,
LBBL,32,57,400,,
EBL,14,39,100,,
NRIC,48,57,10,,
SAHAS,57,58,10,,
NLG,36,35,100,,
CBL,16,35,400,,
GBIME,58,7,27,,
GBIME,6,7,50,,
GBIME,29,7,23,,
KBL,29,6,50,,
SAHAS,55,58,10,,
SAHAS,55,38,30,,
SAHAS,55,14,10,,
SAHAS,55,43,10,,
SHINE,57,38,215,,
PFL,58,45,37,,
PFL,47,45,308,,
PFL,49,45,50,,
PFL,56,45,100,,
PFL,49,45,15,,
GIMES1,42,4,3500,,
GIMES1,42,38,1000,,
GIMES1,42,7,8000,,
GIMES1,42,7,14000,,
GIMES1,42,44,872,,
GIMES1,42,35,2000,,
GIMES1,42,51,3000,,
GIMES1,42,7,14100,,
NABIL,39,19,20,,
NABIL,39,49,10,,
NTC,59,51,270,,
NTC,58,51,20,,
SAHAS,57,38,10,,
NTC,54,51,50,,
NTC,49,51,100,,
JFL,25,38,365,,
SAHAS,58,38,70,,
JFL,34,38,50,,
SAHAS,19,38,100,,
JFL,22,38,100,,
SAHAS,55,38,340,,
JFL,45,38,200,,
JFL,6,38,200,,
SAHAS,32,38,280,,
JFL,50,38,50,,
JFL,48,38,35,,
HIDCL,47,36,200,,
UPPER,59,13,15,,
HDHPC,33,7,760,,
SFCL,52,42,23,,
GBIME,29,11,150,,
JBBL,45,50,100,,
USLB,34,58,40,,
HDHPC,36,4,600,,
HDHPC,36,19,600,,
SRBL,38,29,160,,
SRBL,38,48,1000,,
SRBL,38,17,95,,
SRBL,38,29,100,,
SRBL,38,52,45,,
PMHPL,26,7,100,,
PMHPL,41,7,50,,
AKJCL,39,35,150,,
AKJCL,37,35,50,,
AKJCL,33,35,50,,
AKJCL,37,35,50,,
AKJCL,7,35,10,,
AKJCL,48,35,100,,
AKJCL,1,35,600,,
AKJCL,13,35,20,,
HURJA,29,58,50,,
CCBL,17,3,50,,
GBBL,45,13,15,,
GBBL,49,13,200,,
GBBL,14,13,200,,
GBBL,58,13,85,,
GBBL,6,13,50,,
GBBL,53,13,50,,
PLI,11,59,10,,
RLFL,36,34,10,,
RLFL,37,34,50,,
NHPC,16,28,50,,
NHPC,16,41,20,,
HGI,41,4,200,,
SHIVM,47,14,200,,
UMHL,35,57,30,,
GBBL,5,51,200,,
GBBL,57,51,50,,
GBBL,45,51,20,,
NIFRA,38,57,20,,
AKJCL,45,51,200,,
CHL,35,58,13,,
HIDCL,19,36,50,,
SAHAS,32,47,10,,
ALICL,7,16,48,,
SHPC,29,17,170,,
SHPC,29,1,10,,
UPPER,59,22,190,,
UPPER,59,38,100,,
UPPER,59,38,500,,
UPPER,59,10,123,,
PRVU,56,41,20,,
SANIMA,57,45,50,,
NICL,32,13,290,,
NICL,6,13,10,,
NICL,44,13,100,,
NICL,56,13,100,,
NICL,37,13,200,,
NIFRA,28,57,10,,
NIFRA,28,21,30,,
NIFRA,28,48,110,,
NABIL,33,49,60,,
SJCL,58,21,135,,
SJCL,58,58,20,,
SJCL,58,38,40,,
SJCL,58,6,15,,
SJCL,58,47,30,,
SJCL,58,36,40,,
SJCL,58,58,20,,
LGIL,22,58,60,,
PPCL,14,44,17,,
NMB,58,8,400,,
PPCL,14,29,43,,
SGI,49,42,65,,
SBL,34,35,10,,
UPPER,28,35,20,,
UMHL,19,57,100,,
UMHL,19,36,900,,
NBB,1,7,50,,
NRIC,40,57,50,,
NABIL,45,49,100,,
MFIL,45,21,55,,
MFIL,55,21,45,,
CFCL,11,49,232,,
CFCL,38,49,50,,
CFCL,28,49,50,,
CFCL,1,49,100,,
CFCL,13,49,68,,
JBLB,26,58,79,,
JBLB,47,58,50,,
JBLB,19,58,90,,
JBLB,14,58,30,,
JBLB,22,58,100,,
JBLB,57,58,10,,
JBLB,26,58,50,,
JBLB,39,58,100,,
JBLB,5,58,30,,
JBLB,58,58,20,,
JBLB,19,58,10,,
JBLB,17,58,50,,
JBLB,49,58,20,,
JBLB,35,58,10,,
JBLB,58,58,30,,
JBLB,35,58,10,,
JBLB,44,58,10,,
JBLB,55,58,50,,
JBLB,51,58,11,,
JBLB,6,58,10,,
JBLB,34,58,20,,
JBLB,51,58,40,,
JBLB,34,58,100,,
JBLB,55,58,50,,
JBLB,33,58,20,,
CFCL,26,8,50,,
SHINE,8,38,100,,
ACLBSL,59,45,10,,
JBLB,33,47,10,,
NIFRA,47,21,40,,
NIFRA,32,21,30,,
NRIC,32,57,100,,
API,57,57,146,,
API,57,38,54,,
KMCDB,25,32,10,,
CBL,17,42,50,,
DHPL,50,57,58,,
HIDCL,38,36,171,,
HIDCL,38,18,29,,
PROFL,20,22,15,,
UMHL,55,7,72,,
UMHL,43,7,500,,
UMHL,43,7,28,,
UPCL,11,56,435,,
UPCL,11,51,38,,
UPCL,11,21,27,,
AKPL,45,19,40,,
EDBL,29,5,190,,
EDBL,55,5,100,,
EDBL,37,5,60,,
EDBL,35,5,50,,
SLI,34,49,10,,
KBL,29,14,100,,
KBL,29,14,900,,
LBBL,32,17,200,,
GBIME,29,49,27,,
KBL,29,4,100,,
SAHAS,49,57,10,,
ULI,39,8,30,,
ULI,35,8,30,,
HDL,7,34,10,,
NMB,58,43,50,,
GBIME,6,46,1,,
JBBL,34,47,20,,
UIC,35,14,500,,
SLBBL,38,38,15,,
NHPC,47,41,100,,
NHPC,47,58,2960,,
NFS,36,17,80,,
NFS,32,17,200,,
NFS,44,17,100,,
EDBL,50,49,20,,
MDB,59,53,150,,
HIDCL,16,18,71,,
MLBL,38,59,100,,
MLBSL,22,38,20,,
MLBSL,38,38,20,,
JBBL,34,47,20,,
JBBL,55,47,300,,
JBBL,17,47,200,,
JBBL,7,47,140,,
JBBL,8,47,100,,
JBBL,49,47,133,,
MPFL,7,47,100,,
NTC,58,17,180,,
NTC,54,17,20,,
NLG,50,58,25,,
RADHI,16,54,15,,
RADHI,5,54,50,,
LBBL,55,48,100,,
HDHPC,33,39,40,,
HDHPC,47,39,460,,
AKPL,50,42,10,,
NRIC,53,57,100,,
PROFL,20,1,100,,
ULI,35,14,10,,
HDHPC,42,4,169,,
HDHPC,42,49,31,,
MMFDB,33,4,40,,
MMFDB,32,4,200,,
MMFDB,47,4,50,,
MMFDB,41,4,50,,
MMFDB,25,4,100,,
MMFDB,41,4,50,,
MMFDB,14,4,50,,
MMFDB,58,4,100,,
MMFDB,59,4,10,,
SAHAS,32,47,10,,
AKPL,56,34,953,,
AKPL,54,34,20,,
AKPL,56,34,17,,
AKPL,19,34,10,,
HIDCL,16,42,29,,
HIDCL,25,42,30,,
GBIME,25,45,10,,
RADHI,45,39,100,,
SLI,34,42,10,,
HPPL,42,42,20,,
HPPL,42,35,40,,
CHL,26,58,250,,
AKPL,14,52,450,,
AKPL,34,52,100,,
AKPL,45,52,103,,
AKPL,45,43,34,,
PFL,17,48,100,,
DHPL,38,57,20,,
KSBBL,21,21,30,,
SHINE,49,28,105,,
SHPC,16,1,10,,
NHPC,22,16,10,,
GBIME,35,49,13,,
GBIME,35,22,10,,
GBIME,35,38,177,,
UPPER,28,50,84,,
MEGA,58,34,50,,
SADBL,34,43,100,,
API,33,16,50,,
UMRH,38,29,75,,
HDHPC,28,49,200,,
HIDCL,54,42,30,,
NIL,21,34,20,,
NICA,49,43,206,,
NICA,21,43,50,,
NICA,53,43,430,,
NICA,33,43,100,,
SLICL,53,57,220,,
SLICL,45,57,10,,
SLICL,7,57,20,,
SLICL,13,57,38,,
SLICL,21,57,200,,
SLICL,20,57,12,,
SJCL,41,4,30,,
NRIC,7,57,20,,
UMHL,43,28,22,,
UMHL,53,28,100,,
UMHL,34,28,178,,
CFCL,52,8,57,,
JFL,48,41,15,,
JFL,14,41,35,,
NGPL,48,45,10,,
PROFL,45,38,30,,
LBBL,38,48,90,,
SHPC,14,1,80,,
AHPC,49,41,200,,
AHPC,49,49,80,,
NUBL,45,59,380,,
NUBL,41,59,20,,
JBLB,28,51,10,,
JBLB,28,51,40,,
JBLB,17,51,30,,
HIDCL,29,42,10,,
HIDCL,56,42,40,,
HIDCL,57,42,30,,
HIDCL,41,42,20,,
HIDCL,58,42,95,,
HIDCL,49,42,36,,
HIDCL,42,42,180,,
NLICL,13,50,100,,
SANIMA,43,49,180,,
SANIMA,43,41,20,,
SBL,34,43,50,,
SPDL,39,48,250,,
JBLB,17,34,30,,
CBBL,6,56,34,,
RLI,4,59,10,,
CFCL,52,45,100,,
KSBBL,22,59,40,,
KSBBL,22,39,87,,
GBIME,46,1,43,,
GBIME,38,1,100,,
GBIME,53,1,53,,
GBIME,36,1,20,,
GBIME,22,1,100,,
GBIME,19,1,45,,
GBIME,58,1,38,,
GBIME,41,1,40,,
GBIME,49,1,15,,
RLI,4,55,100,,
GRDBL,17,57,69,,
GRDBL,17,41,100,,
SIL,45,58,10,,
SHINE,33,28,50,,
HPPL,45,25,40,,
BARUN,25,52,101,,
GHL,45,42,290,,
ALICL,49,16,20,,
GFCL,13,45,20,,
SADBL,26,21,200,,
NTC,58,17,300,,
SHINE,34,44,60,,
PSF,28,57,200,,
NBL,44,59,150,,
AKJCL,49,14,355,,
NHPC,45,58,40,,
NHPC,45,47,60,,
GIC,39,47,10,,
SADBL,43,26,250,,
SADBL,43,58,50,,
KBL,17,58,189,,
KBL,17,19,750,,
KBL,17,34,61,,
ALICL,38,16,30,,
ALICL,7,16,50,,
AHPC,45,51,200,,
SHIVM,25,43,100,,
SHIVM,10,43,50,,
SHIVM,32,43,50,,
API,26,17,500,,
GMFIL,8,6,150,,
NHPC,53,47,100,,
LBBL,38,49,10,,
SHPC,14,38,90,,
SHPC,14,38,100,,
GBIME,45,38,23,,
GBIME,45,42,204,,
GBIME,45,19,100,,
AKPL,45,21,330,,
GBIME,45,13,173,,
LBBL,55,6,100,,
SAHAS,55,47,10,,
KRBL,58,42,50,,
CMF1,35,17,1981,,
KRBL,45,42,150,,
CMF1,42,17,1350,,
KRBL,21,42,20,,
CMF1,34,17,1000,,
CMF1,32,17,1000,,
CMF1,28,17,1000,,
CMF1,59,17,2669,,
CMF1,42,17,1000,,
AKJCL,49,34,145,,
AKJCL,28,34,115,,
SAHAS,55,35,10,,
ICFC,37,34,109,,
ICFC,17,34,131,,
ICFC,28,34,50,,
HDL,45,34,10,,
BPCL,34,49,50,,
NICA,58,43,100,,
CHCL,55,42,600,,
GBIME,6,13,72,,
PLIC,38,45,10,,
GFCL,49,45,100,,
GFCL,11,45,100,,
GFCL,22,45,30,,
GFCL,21,45,150,,
GFCL,21,45,100,,
NABIL,48,47,10,,
NABIL,36,47,20,,
NABIL,4,47,19,,
JBBL,6,4,10,,
FMDBL,44,1,50,,
FMDBL,58,1,20,,
FMDBL,50,1,180,,
ADBL,25,19,27,,
ADBL,29,19,10,,
ADBL,28,19,20,,
ADBL,58,19,43,,
RMDC,26,53,100,,
API,13,16,10,,
MEGA,38,20,45,,
MEGA,38,43,50,,
MEGA,38,21,40,,
MEGA,38,38,65,,
JBLB,17,45,30,,
STC,38,13,12,,
CIT,57,11,90,,
USLB,55,58,10,,
NICA,53,43,70,,
NICA,34,43,100,,
NICA,22,43,30,,
NICA,44,43,200,,
CZBIL,56,48,450,,
CZBIL,47,48,150,,
CZBIL,53,48,100,,
JLI,16,40,10,,
NBL,58,20,50,,
NBL,44,47,100,,
GIC,39,46,10,,
SLI,34,35,10,,
LBBL,56,56,194,,
TPC,43,49,10,,
TPC,3,49,60,,
SLBSL,57,45,10,,
PFL,25,48,100,,
LBBL,45,49,90,,
LBBL,45,41,10,,
NMB,42,25,40,,
API,37,16,10,,
API,17,16,100,,
UMHL,34,48,50,,
MDB,59,6,50,,
JLI,16,4,100,,
PFL,49,58,60,,
SSHL,21,19,48,,
SSHL,21,22,200,,
SSHL,21,34,52,,
SHPC,16,38,10,,
SAHAS,55,34,10,,
NIFRA,22,57,50,,
EBL,28,13,50,,
CBL,16,39,300,,
CBL,32,39,200,,
MEGA,39,38,20,,
NRN,57,8,200,,
MLBL,1,34,100,,
GLH,49,46,10,,
GLH,49,34,46,,
UPCL,16,26,150,,
UPCL,3,26,100,,
GBIME,19,13,10,,
LBL,14,38,197,,
LBL,45,38,300,,
LBL,58,38,65,,
LBL,32,38,100,,
LBL,41,38,100,,
LBL,44,38,238,,
GIC,39,45,10,,
BFC,49,47,100,,
MKJC,34,55,10,,
NRIC,55,57,10,,
NRIC,55,29,15,,
GBIME,57,11,110,,
GBIME,48,11,40,,
MNBBL,11,35,20,,
KBL,48,34,10,,
KBL,19,34,29,,
NMBMF,38,58,50,,
MLBL,45,14,280,,
AKPL,14,18,125,,
MLBL,57,14,25,,
API,17,21,150,,
NICL,21,59,10,,
CBL,32,7,300,,
JOSHI,51,7,48,,
PRVU,52,39,100,,
HIDCL,49,42,10,,
JBLB,17,21,10,,
GILB,45,55,11,,
SHINE,40,28,32,,
SHINE,40,48,68,,
SRBL,41,53,500,,
AKPL,14,35,200,,
NLBBL,13,4,500,,
SPDL,39,26,100,,
SPDL,39,57,283,,
JBBL,49,58,67,,
JBBL,42,58,33,,
AKJCL,28,47,50,,
AKJCL,28,4,335,,
NHPC,34,47,340,,
KSBBL,22,39,100,,
KSBBL,58,39,23,,
NBB,42,7,20,,
BFC,49,57,200,,
KBL,19,57,71,,
PROFL,58,38,100,,
PROFL,59,38,50,,
HIDCL,49,14,220,,
HIDCL,35,14,50,,
HIDCL,42,14,20,,
HIDCL,42,14,60,,
HIDCL,22,14,50,,
HIDCL,56,14,100,,
GBLBS,57,7,10,,
GBLBS,41,7,100,,
GBLBS,38,7,59,,
UMHL,34,57,72,,
MLBS,13,38,10,,
SAPDBL,32,41,10,,
BFC,49,45,128,,
BFC,20,45,72,,
GLH,57,35,10,,
NMB,49,25,500,,
ULI,58,1,10,,
GBLBS,38,58,41,,
GBLBS,46,58,85,,
SFCL,50,58,10,,
CGH,36,42,827,,
CGH,49,42,10,,
CGH,48,42,100,,
CGH,39,42,10,,
CGH,7,42,10,,
CGH,36,42,15,,
CGH,39,42,10,,
CGH,57,42,10,,
CGH,39,42,10,,
CGH,25,42,100,,
CGH,57,42,30,,
CGH,39,42,100,,
CGH,35,42,50,,
CGH,10,42,30,,
CGH,4,42,200,,
CGH,48,42,50,,
CGH,6,42,125,,
CGH,48,42,50,,
CGH,59,42,10,,
CGH,21,42,20,,
CGH,58,42,20,,
CGH,51,42,10,,
CGH,48,42,200,,
CGH,41,42,20,,
CGH,28,42,712,,
CGH,39,42,10,,
CGH,7,42,30,,
CGH,41,42,25,,
CGH,34,42,20,,
CGH,16,42,1000,,
CGH,3,42,100,,
CGH,22,42,50,,
CGH,36,42,11,,
CGH,21,42,25,,
SPDL,39,43,157,,
SPDL,5,43,343,,
MLBL,16,34,50,,
HIDCL,32,1,50,,
NABIL,4,22,25,,
HGI,34,41,50,,
NIFRA,21,57,200,,
HDHPC,45,58,100,,
IGI,41,17,30,,
NIFRA,46,48,100,,
GBBL,45,3,40,,
GBBL,48,3,10,,
GBBL,51,3,50,,
NUBL,47,49,118,,
NUBL,58,49,50,,
NUBL,51,49,31,,
NUBL,26,49,801,,
AKPL,52,21,10,,
MPFL,54,38,500,,
JFL,17,17,100,,
AKJCL,14,4,10,,
ULI,33,46,10,,
ULI,33,44,10,,
ULI,33,48,10,,
ULI,33,4,10,,
ULI,33,7,10,,
BPCL,34,50,120,,
BPCL,39,50,20,,
BPCL,54,50,60,,
CZBIL,32,37,180,,
AKPL,52,21,10,,
JBLB,28,57,10,,
JBLB,28,57,50,,
SANIMA,58,32,1000,,
NHPC,34,38,160,,
NHPC,36,38,80,,
NHPC,36,58,20,,
NHPC,47,58,30,,
NMFBS,29,44,16,,
NMFBS,32,44,34,,
NICLBSL,17,16,30,,
SLBBL,38,26,20,,
NHPC,47,19,220,,
KSBBL,47,51,335,,
AKJCL,47,4,100,,
AKJCL,49,4,15,,
AKJCL,21,4,100,,
AKJCL,49,4,100,,
AKJCL,59,4,80,,
AKJCL,3,4,100,,
AKJCL,45,4,100,,
AKJCL,45,4,50,,
AKJCL,20,4,50,,
AKJCL,52,4,80,,
AKJCL,45,4,100,,
AKJCL,58,4,100,,
AKJCL,55,4,100,,
AKJCL,32,4,100,,
AKJCL,34,4,500,,
AKJCL,38,4,580,,
AKJCL,47,4,400,,
MDB,49,49,20,,
SHINE,36,48,25,,
PRVU,52,49,50,,
KSBBL,58,56,112,,
KSBBL,7,56,10,,
KSBBL,41,56,20,,
KSBBL,47,56,50,,
KSBBL,49,56,10,,
KSBBL,41,56,100,,
KSBBL,21,56,30,,
KSBBL,49,56,37,,
KSBBL,43,56,30,,
KPCL,53,35,100,,
HDHPC,47,35,240,,
HDHPC,20,35,760,,
GLH,57,47,10,,
NABIL,4,43,156,,
NABIL,39,43,44,,
MKJC,34,34,10,,
SIL,26,32,50,,
UMHL,6,57,428,,
UMHL,6,47,450,,
SHINE,41,48,50,,
LGIL,37,57,70,,
SRBL,7,52,300,,
SRBL,43,52,20,,
SRBL,11,52,35,,
PFL,41,48,100,,
PFL,53,48,50,,
HDHPC,20,49,240,,
NUBL,38,49,47,,
AKPL,14,38,100,,
NICLBSL,17,21,50,,
NLIC,7,45,15,,
NLIC,39,45,10,,
GLH,42,34,100,,
SBI,38,54,10,,
SBI,38,14,100,,
GBLBS,46,41,15,,
SBI,38,41,100,,
GBLBS,34,41,35,,
GBIME,45,13,745,,
GBIME,45,32,150,,
CHL,36,58,12,,
GBIME,45,4,30,,
GBIME,45,22,75,,
SHINE,34,11,288,,
SICL,46,55,30,,
SICL,17,55,30,,
KBL,19,8,50,,
PSF,21,36,5000,,
CFCL,13,58,32,,
CFCL,10,58,125,,
CHCL,22,34,215,,
CHCL,22,58,45,,
CHCL,22,14,69,,
PRIN,34,11,155,,
RHPL,17,17,80,,
NABIL,39,49,100,,
JBLB,21,57,10,,
EDBL,11,49,10,,
EDBL,49,49,10,,
EDBL,43,49,150,,
API,45,7,111,,
API,39,7,100,,
MEGA,58,38,16,,
API,45,7,200,,
API,17,7,30,,
API,49,7,209,,
API,17,7,150,,
AKPL,57,21,50,,
MLBL,7,34,28,,
MLBL,57,34,17,,
PPCL,14,29,100,,
PPCL,14,34,100,,
BFC,20,51,128,,
BFC,11,51,40,,
BFC,28,51,32,,
EDBL,43,49,12,,
GHL,48,7,100,,
AKJCL,47,48,100,,
RMDC,26,57,100,,
SHL,57,4,250,,
PRVU,52,17,275,,
PRVU,21,17,175,,
AIL,5,17,10,,
PRVU,45,17,500,,
PRVU,8,17,50,,
UPCL,45,21,10,,
UPCL,16,21,40,,
MLBL,33,59,50,,
SBL,34,48,30,,
AKPL,14,8,50,,
NUBL,38,49,98,,
NUBL,32,49,50,,
NUBL,57,49,20,,
NUBL,58,49,10,,
NUBL,50,49,50,,
NUBL,47,49,50,,
NUBL,57,49,66,,
RADHI,16,41,100,,
SABSL,43,48,10,,
SABSL,14,48,20,,
SABSL,3,48,60,,
SABSL,54,48,12,,
SABSL,44,48,30,,
UMHL,17,47,100,,
MNBBL,11,49,90,,
MMFDB,47,17,10,,
JBBL,17,4,250,,
SAHAS,26,57,30,,
NFS,35,53,10,,
NFS,32,53,20,,
NFS,49,53,10,,
NFS,25,53,50,,
NFS,35,53,10,,
PMHPL,26,45,72,,
PMHPL,5,45,20,,
PMHPL,25,45,100,,
PMHPL,41,45,100,,
PMHPL,41,45,68,,
SHPC,42,38,50,,
KSBBL,48,16,50,,
PCBL,42,35,300,,
AHPC,52,49,20,,
NABIL,39,57,51,,
NABIL,39,35,70,,
NABIL,39,37,35,,
UPCL,41,56,90,,
UMHL,57,47,100,,
NEF,7,6,2414,,
BPCL,34,49,100,,
AKJCL,21,48,100,,
AKJCL,21,34,100,,
JOSHI,45,7,80,,
KKHC,20,35,90,,
KKHC,41,35,50,,
KKHC,26,35,60,,
SLI,34,34,30,,
CFCL,58,58,33,,
CFCL,58,38,100,,
CFCL,58,25,27,,
PRVU,58,21,10,,
GIC,39,35,10,,
JBLB,5,42,48,,
GBIME,50,22,20,,
HIDCL,56,4,100,,
SFCL,50,4,90,,
SFCL,41,4,20,,
SFCL,21,4,90,,
SLBBL,38,26,30,,
AHPC,45,38,150,,
MPFL,7,32,199,,
MPFL,39,32,151,,
AKPL,14,45,75,,
AKPL,42,45,200,,
AKPL,21,45,50,,
AKPL,38,45,94,,
AKPL,50,45,13,,
AKPL,50,45,568,,
UPCL,45,56,100,,
KSBBL,29,51,165,,
RADHI,16,45,15,,
SABSL,49,35,20,,
JBBL,42,51,166,,
JBBL,34,51,34,,
JBBL,36,51,300,,
AKPL,50,45,175,,
MNBBL,57,49,10,,
CBBL,6,34,45,,
CBBL,5,34,30,,
SAPDBL,32,34,70,,
ULI,22,8,10,,
ULI,6,8,25,,
ULI,6,8,25,,
ULI,6,8,25,,
ULI,6,8,25,,
ULI,3,8,10,,
ULI,18,8,20,,
ULI,49,8,59,,
NMFBS,53,4,30,,
NMFBS,33,4,50,,
NMFBS,43,4,10,,
NMFBS,35,4,30,,
NMFBS,26,4,100,,
NMFBS,21,4,30,,
NMFBS,38,4,20,,
NMFBS,44,4,10,,
NMFBS,35,4,50,,
NMFBS,38,4,10,,
NMFBS,55,4,50,,
NBB,13,53,360,,
NLIC,7,22,13,,
NBB,54,53,100,,
GBBL,22,17,10,,
KKHC,26,11,100,,
NTC,54,51,50,,
NTC,58,51,10,,
NHPC,42,42,460,,
NHPC,34,42,300,,
NHPC,41,42,30,,
NHPC,58,42,15000,,
NHPC,41,42,10,,
NHPC,51,42,2000,,
NHPC,44,42,50,,
NHPC,41,42,150,,
NHPC,21,42,500,,
NHPC,17,42,520,,
JBBL,17,4,250,,
KPCL,53,26,10,,
AKPL,50,6,100,,
GBIME,45,22,100,,
JLI,16,47,10,,
NHPC,13,42,500,,
NHPC,41,42,170,,
NHPC,22,42,400,,
NHPC,4,42,1000,,
NHPC,14,42,50,,
NHPC,55,42,200,,
NHPC,41,42,200,,
NHPC,19,42,20,,
NHPC,33,42,300,,
NHPC,14,42,200,,
NHPC,45,42,50,,
NHPC,44,42,500,,
NHPC,14,42,100,,
NHPC,26,42,200,,
NHPC,52,42,400,,
NHPC,45,42,400,,
NHPC,19,42,125,,
NHPC,29,42,500,,
NHPC,11,42,30,,
NHPC,53,42,500,,
NHPC,11,42,50,,
NHPC,47,42,200,,
NHPC,34,42,410,,
NHPC,34,42,1000,,
NHPC,34,42,500,,
NHPC,16,42,2600,,
NHPC,42,42,50,,
NHPC,44,42,400,,
NHPC,40,42,10,,
NHPC,34,42,500,,
NHPC,51,42,10,,
NHPC,17,42,100,,
NHPC,4,42,40,,
NHPC,26,42,1000,,
NHPC,28,42,500,,
NHPC,32,42,100,,
NHPC,36,42,50,,
NHPC,38,42,100,,
NHPC,59,42,100,,
NHPC,44,42,300,,
NHPC,49,42,1000,,
NHPC,45,42,50,,
NHPC,57,42,300,,
NHPC,39,42,500,,
NHPC,33,42,100,,
NHPC,33,42,200,,
NHPC,58,42,113,,
NHPC,28,42,160,,
NHPC,14,42,500,,
NHPC,49,42,100,,
NHPC,35,42,200,,
BOKL,14,38,38,,
NHPC,47,42,200,,
BOKL,37,38,150,,
NHPC,45,42,300,,
BOKL,57,38,100,,
NHPC,34,42,500,,
BOKL,13,38,100,,
NHPC,49,42,1000,,
BOKL,42,38,100,,
NHPC,35,42,100,,
BOKL,14,38,500,,
NHPC,47,42,487,,
BOKL,34,38,300,,
NHPC,57,42,100,,
BOKL,45,38,35,,
NHPC,42,42,50,,
BOKL,45,38,117,,
NHPC,11,42,50,,
NHPC,42,42,100,,
NHPC,36,42,8000,,
NHPC,33,42,100,,
NHPC,57,42,250,,
NHPC,16,42,500,,
NHPC,39,42,100,,
NHPC,57,42,100,,
NHPC,26,42,200,,
NHPC,33,42,300,,
NHPC,57,42,100,,
NHPC,33,42,100,,
NHPC,21,42,500,,
NHPC,28,42,1000,,
NHPC,51,42,1000,,
NHPC,28,42,1000,,
NHPC,34,42,500,,
NHPC,58,42,125,,
NHPC,34,42,250,,
NHPC,42,42,500,,
NHPC,35,42,20,,
NHPC,1,42,65,,
NHPC,45,42,200,,
NHPC,25,42,500,,
NHPC,19,42,100,,
NHPC,49,42,25,,
NHPC,14,42,50,,
NHPC,56,42,100,,
NHPC,40,42,200,,
NHPC,29,42,20,,
NHPC,34,42,5000,,
NHPC,13,42,100,,
API,17,32,100,,
CBL,21,42,1000,,
NIL,42,56,20,,
UPPER,40,6,150,,
PIC,56,48,10,,
AHPC,17,4,200,,
AHPC,13,4,50,,
AHPC,19,4,50,,
AHPC,8,4,200,,
NGPL,20,53,50,,
AKJCL,33,48,100,,
RADHI,58,19,142,,
RADHI,42,19,80,,
MLBS,33,13,10,,
BARUN,25,42,660,,
GBIME,41,47,100,,
NBL,44,35,250,,
LLBS,38,33,100,,
KBL,19,49,350,,
KBL,4,49,150,,
NTC,29,14,100,,
NTC,26,14,100,,
NTC,34,14,100,,
LBBL,14,41,10,,
LBBL,14,58,10,,
GHL,58,7,60,,
GLICL,7,49,50,,
AKPL,50,59,157,,
AKPL,35,59,43,,
RMDC,26,45,100,,
LBBL,32,58,68,,
HDL,38,58,10,,
LBBL,55,58,32,,
GFCL,5,17,500,,
SAHAS,26,1,10,,
NABIL,53,37,50,,
PMHPL,41,6,200,,
API,52,57,20,,
JOSHI,56,7,170,,
NUBL,44,49,310,,
AHPC,3,38,1000,,
GBLBS,34,19,20,,
LGIL,44,57,30,,
NRN,58,8,20,,
NRN,6,8,100,,
SHPC,52,38,150,,
TPC,3,45,10,,
ICFC,17,17,869,,
ICFC,49,17,25,,
ICFC,49,17,20,,
ICFC,51,17,16,,
ICFC,57,17,70,,
JSLBB,34,25,10,,
KBL,49,19,250,,
NICA,22,7,100,,
NHDL,32,45,10,,
JBBL,50,4,25,,
PRVU,58,21,50,,
PRVU,52,21,15,,
PRVU,49,21,70,,
PRVU,45,21,100,,
PRVU,45,21,50,,
PRVU,57,21,12,,
PRVU,59,21,125,,
PRVU,48,21,103,,
PRVU,39,21,100,,
PRVU,51,21,16,,
PRVU,38,21,11,,
SCB,28,25,205,,
SCB,28,45,35,,
SCB,28,18,200,,
SCB,28,45,60,,
PCBL,42,29,100,,
PCBL,45,29,130,,
PCBL,40,29,10,,
PCBL,3,29,100,,
PCBL,35,29,100,,
PCBL,38,29,10,,
PCBL,11,29,100,,
PCBL,22,29,10,,
PCBL,28,29,50,,
PCBL,58,29,200,,
PCBL,21,29,30,,
SAHAS,26,45,10,,
API,49,57,39,,
CMF1,59,17,2331,,
CMF1,4,17,17669,,
UPPER,40,4,60,,
DHPL,4,57,10,,
MLBSL,14,32,20,,
NUBL,52,49,200,,
NUBL,42,49,285,,
JBBL,34,38,46,,
AHPC,28,38,143,,
AKPL,35,26,57,,
NRIC,57,7,40,,
PSF,47,36,1000,,
API,49,14,100,,
API,49,8,251,,
API,49,3,10,,
API,49,47,100,,
SSHL,41,34,20,,
LBBL,55,29,23,,
SICL,40,56,5,,
SICL,14,56,100,,
SICL,41,56,35,,
SICL,26,56,20,,
CZBIL,3,37,355,,
CZBIL,3,57,105,,
SHINE,17,48,200,,
GBIME,34,22,17,,
GBIME,34,46,33,,
CBL,58,42,50,,
CBL,49,42,30,,
CBL,51,42,10000,,
CBL,28,42,5000,,
CBL,35,42,56,,
CBL,10,42,1000,,
CBL,32,42,20,,
CBL,28,42,10,,
CBL,4,42,100,,
CBL,41,42,260,,
GBIME,48,46,138,,
GBIME,48,7,35,,
GBIME,48,38,27,,
KBL,4,40,250,,
SAHAS,26,22,10,,
SAHAS,26,25,10,,
PLI,35,52,10,,
CHL,36,38,38,,
CHL,11,38,100,,
CHL,35,38,163,,
CHL,57,38,50,,
SHINE,34,43,119,,
SHINE,13,43,50,,
SHINE,34,43,200,,
SHINE,45,43,300,,
SHINE,55,43,21,,
SHINE,4,43,20,,
SHINE,42,43,90,,
CFCL,10,56,80,,
CFCL,34,56,170,,
JBLB,5,57,10,,
NBB,1,7,100,,
NMB,42,25,150,,
NMB,45,25,52,,
NMB,42,25,100,,
NMB,22,25,50,,
UMHL,52,47,50,,
NMB,16,25,100,,
NMB,51,25,1500,,
NMB,47,25,50,,
NMB,34,25,100,,
NMB,22,25,50,,
NMB,8,25,10,,
NMB,21,25,450,,
NMB,45,25,200,,
NMB,32,25,500,,
NMB,42,25,100,,
NMB,37,25,500,,
NMB,5,25,100,,
NMB,34,25,19,,
NMB,51,25,35,,
NMB,29,25,100,,
NMB,53,25,100,,
NMB,6,25,30,,
NMB,1,25,40,,
PCBL,21,19,50,,
MLBL,26,59,125,,
PIC,10,14,16,,
PIC,10,34,84,,
SPDL,5,16,50,,
RSDC,57,4,200,,
RSDC,10,4,20,,
RSDC,10,4,200,,
RSDC,40,4,10,,
RSDC,48,4,10,,
RSDC,34,4,10,,
RSDC,33,4,20,,
RSDC,4,4,10,,
NHPC,47,38,300,,
NTC,34,1,30,,
AHPC,28,7,357,,
AHPC,39,7,43,,
SGI,49,42,10,,
TPC,3,45,10,,
PROFL,47,45,125,,
LLBS,38,19,162,,
UPPER,17,38,100,,
SLI,34,21,10,,
JBLB,5,47,10,,
NABIL,14,47,200,,
SIFC,52,57,1400,,
SIFC,21,57,300,,
SIFC,51,57,250,,
SIFC,45,57,50,,
MLBL,1,59,100,,
MLBL,35,59,105,,
NGPL,43,42,197,,
SPDL,5,56,300,,
AHPC,3,32,40,,
UNHPL,49,13,16,,
AKJCL,38,4,420,,
AKJCL,34,4,10,,
AKJCL,32,4,200,,
AKJCL,59,4,370,,
NLIC,36,25,100,,
UPCL,16,14,400,,
GBIME,19,13,40,,
GBIME,14,13,20,,
GBIME,52,13,10,,
GILB,45,40,17,,
GILB,43,40,10,,
KMCDB,38,6,51,,
KMCDB,26,6,60,,
KMCDB,45,6,19,,
MEGA,51,38,200,,
MEGA,19,38,200,,
MEGA,58,38,300,,
MEGA,6,38,149,,
GBIME,1,38,90,,
GBIME,1,46,110,,
GRDBL,17,41,100,,
GRDBL,36,41,100,,
GRDBL,41,41,200,,
BOKL,45,55,15,,
MEGA,39,21,10,,
SAHAS,55,58,10,,
SJCL,41,4,20,,
UPCL,16,38,40,,
CBBL,5,45,20,,
CBBL,55,45,10,,
CBBL,13,45,10,,
CBBL,26,45,10,,
SCB,46,45,20,,
CBL,46,40,500,,
CBL,4,40,4128,,
CBL,40,40,680,,
CBL,40,40,140,,
CBL,17,40,15,,
SAHAS,55,58,10,,
BPCL,34,26,100,,
NLIC,26,6,100,,
JLI,16,38,200,,
LBL,44,38,428,,
GHL,58,25,40,,
MERO,58,54,10,,
LBBL,55,14,10,,
MEGA,42,17,25,,
NGPL,42,52,10,,
NABIL,49,37,15,,
NABIL,49,7,35,,
MBL,43,4,75,,
MBL,34,4,50,,
MBL,26,4,175,,
NBB,21,7,20,,
NBB,19,7,91,,
GLICL,7,35,46,,
NLIC,36,34,20,,
SINDU,28,47,100,,
NICA,49,43,50,,
NICA,37,43,64,,
HPPL,26,58,10,,
AKJCL,35,14,25,,
AKJCL,35,39,951,,
MLBL,35,39,200,,
NBL,20,45,223,,
NABIL,47,7,40,,
MNBBL,45,56,10,,
GBBL,7,17,90,,
RADHI,58,39,12,,
NLIC,22,34,180,,
NBL,43,22,100,,
UPCL,6,56,50,,
UPCL,6,55,120,,
UPCL,6,57,30,,
KPCL,53,49,44,,
KPCL,53,5,30,,
SAHAS,55,7,10,,
GBIME,52,45,20,,
NGPL,3,42,100,,
SADBL,34,26,20,,
SADBL,34,38,480,,
SLI,34,21,10,,
NGPL,46,42,30,,
HURJA,39,58,20,,
GFCL,43,17,10,,
ICFC,57,57,45,,
UPCL,16,5,1980,,
UPCL,35,5,200,,
UPCL,34,5,500,,
UPCL,21,5,60,,
UPCL,10,5,100,,
UPCL,33,5,100,,
UPCL,57,5,10,,
UPCL,26,5,50,,
HIDCL,51,14,104,,
HIDCL,52,14,50,,
HIDCL,57,14,30,,
HIDCL,42,14,76,,
HIDCL,47,14,130,,
HIDCL,21,14,100,,
HIDCL,59,14,1000,,
HIDCL,13,14,120,,
HIDCL,57,14,100,,
HIDCL,41,14,200,,
HIDCL,14,14,50,,
BARUN,5,45,200,,
HIDCL,59,14,20,,
HIDCL,4,14,20,,
PROFL,4,45,90,,
RMDC,26,57,300,,
RMDC,58,57,100,,
UPPER,51,38,10,,
JFL,46,49,20,,
UPCL,3,16,50,,
HDHPC,47,58,300,,
NTC,25,28,12,,
RADHI,7,39,10,,
GMFIL,51,6,50,,
SAPDBL,32,34,155,,
AKPL,34,45,48,,
SAPDBL,49,34,25,,
JBBL,34,19,120,,
JBBL,40,19,200,,
JBBL,51,19,79,,
SAHAS,55,57,10,,
SAHAS,55,32,10,,
SAHAS,55,34,10,,
SAHAS,55,53,500,,
NGPL,56,42,30,,
GBIME,26,38,50,,
API,49,35,131,,
API,48,35,10,,
API,34,35,59,,
CHDC,18,40,40,,
SABSL,44,22,50,,
SABSL,44,48,20,,
STC,58,42,22,,
HIDCL,55,1,91,,
HIDCL,55,22,100,,
HIDCL,55,48,142,,
SIFC,45,57,50,,
SIFC,57,57,10,,
SIFC,34,57,40,,
SIFC,14,57,100,,
SIFC,38,57,1000,,
SIFC,55,57,50,,
SIFC,51,57,100,,
SIFC,7,57,100,,
SIFC,57,57,150,,
SIFC,36,57,400,,
SPC,14,49,1,,
SHPC,8,47,48,,
SHPC,41,47,100,,
SHPC,57,47,20,,
SHPC,55,47,32,,
KBL,50,28,46,,
NIFRA,49,42,50,,
NMB,57,8,300,,
NIFRA,22,42,30,,
NMB,57,8,30,,
NIFRA,42,42,500,,
NMB,45,8,16,,
NIFRA,43,42,92,,
NMB,52,8,50,,
NIFRA,36,42,50,,
NMB,52,8,50,,
NIFRA,53,42,50,,
NIFRA,8,42,324,,
NIFRA,34,42,50,,
NIFRA,1,42,100,,
NIFRA,4,42,200,,
NIFRA,16,42,50,,
NIFRA,16,42,100,,
NIFRA,45,42,20,,
AHPC,3,46,15,,
NIFRA,36,42,100,,
AHPC,3,49,30,,
NIFRA,57,42,200,,
NIFRA,57,42,100,,
NIFRA,14,42,30,,
NIFRA,43,42,200,,
NIFRA,56,42,300,,
NIFRA,34,42,200,,
NIFRA,32,42,100,,
BPCL,16,57,50,,
AHPC,3,58,15,,
TPC,4,53,10,,
NMB,57,8,300,,
NMB,29,8,1000,,
NMB,19,8,20,,
GHL,55,45,400,,
NMB,41,8,100,,
NMB,57,8,100,,
NMB,37,8,800,,
NIFRA,57,42,158,,
NMB,41,8,50,,
NIFRA,41,42,2000,,
NIFRA,20,42,200,,
NIFRA,34,42,200,,
NIFRA,58,42,25,,
NIFRA,38,42,192,,
NIFRA,45,42,500,,
NIFRA,48,42,50,,
NIFRA,52,42,13,,
NIFRA,14,42,30,,
NIFRA,48,42,50,,
NIFRA,21,42,100,,
NIFRA,41,42,100,,
NIFRA,46,42,100,,
NIFRA,58,42,200,,
NIFRA,1,42,50,,
NIFRA,45,42,30,,
NIFRA,42,42,25,,
NIFRA,38,42,2000,,
NIFRA,26,42,200,,
NIFRA,55,42,50,,
NIFRA,10,42,200,,
NIFRA,33,42,20,,
NIFRA,7,42,10,,
NIFRA,32,42,100,,
NIFRA,8,42,40,,
NIFRA,22,42,50,,
NIFRA,38,42,10,,
NIFRA,57,42,200,,
NIFRA,44,42,315,,
NIFRA,7,42,50,,
NIFRA,11,42,500,,
NIFRA,22,42,50,,
NIFRA,32,42,54,,
NIFRA,25,42,100,,
NIFRA,34,42,50,,
NIFRA,57,42,10,,
NIFRA,38,42,10,,
NIFRA,16,42,50,,
NIFRA,51,42,10,,
NIFRA,58,42,45,,
NIFRA,45,42,10,,
NIFRA,52,42,200,,
NIFRA,7,42,20,,
NIFRA,55,42,50,,
NIFRA,21,42,30,,
NIFRA,45,42,5000,,
NIFRA,45,42,50,,
NIFRA,22,42,50,,
NIFRA,56,42,100,,
NIFRA,49,42,10,,
NIFRA,38,42,3000,,
NIFRA,7,42,50,,
NIFRA,47,42,100,,
NIFRA,47,42,500,,
NIFRA,42,42,50,,
NIFRA,41,42,500,,
NIFRA,43,42,300,,
NIFRA,59,42,20,,
NIFRA,34,42,10,,
NIFRA,29,42,50,,
NIFRA,38,42,500,,
NIFRA,13,42,200,,
NIFRA,45,42,230,,
NIFRA,58,42,50,,
NIFRA,45,42,100,,
NIFRA,49,42,10,,
NIFRA,38,42,10,,
NIFRA,49,42,200,,
NIFRA,5,42,30,,
NIFRA,19,42,25,,
NIFRA,53,42,50,,
NIFRA,11,42,1000,,
NIFRA,58,42,50,,
NIFRA,32,42,10,,
NIFRA,7,42,10,,
NIFRA,29,42,500,,
NIFRA,51,42,100,,
NIFRA,19,42,300,,
NIFRA,4,42,290,,
NIFRA,49,42,10,,
NIFRA,26,42,50,,
NIFRA,42,42,500,,
NIFRA,19,42,20,,
NIFRA,14,42,20,,
NIFRA,58,42,100,,
NIFRA,21,42,10,,
NIFRA,21,42,70,,
NIFRA,17,42,10,,
NIFRA,42,42,200,,
NIFRA,40,42,100,,
NIFRA,39,42,140,,
NIFRA,36,42,500,,
NIFRA,45,42,100,,
NIFRA,38,42,55,,
NIFRA,5,42,30,,
NIFRA,42,42,50,,
NIFRA,57,42,140,,
NIFRA,58,42,150,,
NIFRA,42,42,312,,
NIFRA,57,42,84,,
SLI,34,29,10,,
NLIC,17,42,190,,
NLIC,17,7,100,,
SHPC,26,58,931,,
SHPC,26,16,39,,
SHPC,26,1,30,,
JLI,16,49,10,,
UMHL,19,47,50,,
SINDU,28,47,100,,
BOKL,45,29,856,,
FMDBL,58,48,80,,
HIDCL,38,28,20,,
UPCL,3,6,50,,
NHPC,58,39,670,,
UPPER,42,10,77,,
UPPER,42,50,13,,
MLBL,35,50,100,,
LBBL,55,45,35,,
LBBL,58,45,15,,
NHPC,58,39,100,,
NHPC,58,59,420,,
API,5,47,100,,
NIFRA,34,57,40,,
SHINE,42,56,110,,
SHINE,1,56,100,,
MLBS,33,19,10,,
RADHI,42,39,10,,
NHPC,52,41,100,,
PCBL,49,43,10,,
PCBL,41,43,10,,
PCBL,45,43,25,,
NICLBSL,17,58,10,,
NABIL,58,7,25,,
AHPC,39,11,37,,
AHPC,19,11,50,,
AHPC,58,11,13,,
AHPC,6,11,150,,
SLBBL,38,37,15,,
HIDCL,7,28,100,,
GBBL,3,20,300,,
GBBL,3,42,29,,
GBBL,7,44,80,,
GBBL,36,44,100,,
GBBL,41,44,100,,
GBBL,14,44,20,,
MLBL,35,34,100,,
MLBL,35,43,250,,
MLBL,35,42,245,,
MLBS,33,22,10,,
LBL,44,21,40,,
AKJCL,59,41,300,,
GLH,48,34,50,,
MLBL,45,42,175,,
MLBL,45,28,100,,
MLBL,45,26,575,,
SWBBL,58,34,10,,
UIC,7,39,1000,,
UIC,5,39,500,,
CBL,4,42,1510,,
CBL,4,11,740,,
CBL,4,55,15,,
CBL,4,14,435,,
CBL,4,36,100,,
CBL,4,18,600,,
CBL,4,36,100,,
CBL,4,45,500,,
HIDCL,26,28,300,,
HIDCL,26,28,300,,
HIDCL,14,28,20,,
HIDCL,51,28,10,,
HIDCL,51,28,250,,
AKPL,13,3,50,,
ALICL,50,20,226,,
ALICL,14,20,100,,
ALICL,55,20,300,,
ALICL,43,20,25,,
ALICL,17,20,100,,
SHL,57,1,168,,
SHL,7,1,100,,
SHL,4,1,750,,
NBF2,6,53,13515,,
NBF2,37,53,5050,,
NBF2,32,53,500,,
NBF2,1,53,935,,
GHL,49,7,100,,
HIDCL,42,43,8,,
HIDCL,42,50,640,,
NICLBSL,17,43,10,,
RSDC,36,47,20,,
RSDC,29,47,20,,
RSDC,45,47,56,,
GBIME,57,38,151,,
GBIME,57,45,849,,
BFC,28,38,100,,
AHPC,6,43,50,,
AHPC,49,43,66,,
AHPC,56,43,500,,
AHPC,45,43,500,,
AHPC,34,43,10,,
AHPC,34,43,10,,
AHPC,6,43,300,,
AHPC,33,43,25,,
AHPC,36,43,100,,
AHPC,3,43,30,,
AHPC,29,43,200,,
AHPC,43,43,25,,
AHPC,45,43,500,,
AHPC,57,43,84,,
AHPC,44,43,100,,
GBIME,48,45,10,,
MLBL,41,26,225,,
MLBL,41,26,200,,
PROFL,4,1,10,,
CHDC,47,40,50,,
CHDC,57,40,20,,
FMDBL,49,48,100,,
SHPC,14,1,90,,
SHPC,33,1,10,,
NUBL,42,49,49,,
NUBL,42,13,30,,
NUBL,42,48,36,,
NLIC,22,25,20,,
SAHAS,55,3,10,,
KRBL,19,47,20,,
KRBL,34,47,80,,
HIDCL,42,57,712,,
HIDCL,34,57,100,,
HIDCL,58,57,50,,
HIDCL,1,57,138,,
DHPL,51,57,12,,
BFC,29,48,40,,
BFC,29,8,10,,
BFC,28,25,99,,
SANIMA,56,20,944,,
SANIMA,41,20,500,,
SANIMA,22,20,10,,
SANIMA,47,20,100,,
SANIMA,44,20,50,,
KSBBL,36,21,90,,
SHPC,49,16,200,,
SANIMA,35,20,20,,
SANIMA,21,20,50,,
SANIMA,13,20,20,,
SANIMA,14,20,10,,
SANIMA,42,20,100,,
SANIMA,6,20,20,,
SANIMA,7,20,500,,
SANIMA,56,20,100,,
SANIMA,39,20,100,,
SANIMA,38,20,100,,
SANIMA,26,20,100,,
SANIMA,16,20,50,,
SANIMA,49,20,226,,
HGI,35,42,42,,
HGI,29,42,100,,
HGI,40,42,10,,
HGI,34,42,100,,
HGI,52,42,300,,
HGI,11,42,50,,
HGI,11,42,100,,
HGI,5,42,100,,
HGI,44,42,40,,
HGI,10,42,10,,
HGI,37,42,100,,
HGI,40,42,250,,
HGI,39,42,240,,
HGI,13,42,200,,
HGI,52,42,50,,
MLBSL,17,14,20,,
NIFRA,14,57,290,,
NIFRA,14,41,10,,
NLBBL,49,13,40,,
RLI,4,4,10,,
PROFL,4,58,100,,
HDHPC,37,58,100,,
PROFL,57,58,100,,
SLI,34,42,10,,
JFL,14,43,165,,
JFL,38,43,30,,
ADBL,28,45,180,,
API,34,42,141,,
API,32,42,1000,,
API,53,42,300,,
API,51,42,60,,
API,58,42,50,,
API,38,42,100,,
API,58,42,50,,
API,33,42,200,,
API,57,42,40,,
API,22,42,50,,
API,26,42,449,,
API,52,42,100,,
API,14,42,1000,,
API,5,42,500,,
API,57,42,20,,
API,28,42,500,,
API,34,42,90,,
API,44,42,160,,
API,35,42,190,,
NCCB,44,17,30,,
NCCB,44,43,123,,
UPPER,34,50,12,,
NMB,58,26,30,,
MNBBL,45,42,287,,
MNBBL,39,42,25,,
MNBBL,55,42,100,,
MLBL,10,42,580,,
MLBL,10,32,100,,
MLBL,10,34,720,,
MLBL,10,45,100,,
CIT,13,11,100,,
JBLB,5,38,10,,
MFIL,55,39,100,,
SICL,26,7,10,,
NHPC,47,41,200,,
NICLBSL,17,47,10,,
SLI,34,49,10,,
LBBL,58,29,23,,
BARUN,25,55,200,,
PLI,55,8,40,,
NABIL,14,35,10,,
LLBS,21,19,18,,
BFC,28,18,40,,
KSBBL,57,53,100,,
NICLBSL,17,50,10,,
NICLBSL,17,43,300,,
NICLBSL,17,34,10,,
NICLBSL,17,55,10,,
NICLBSL,17,58,10,,
NICLBSL,17,39,50,,
SANIMA,47,20,300,,
SANIMA,16,20,200,,
SANIMA,57,20,50,,
SANIMA,52,20,212,,
SANIMA,52,20,50,,
SANIMA,49,20,20,,
SANIMA,42,20,100,,
SANIMA,44,20,250,,
SANIMA,44,20,184,,
NLG,36,35,242,,
NLG,41,35,90,,
NLG,13,35,170,,
NLG,1,35,100,,
NLG,13,35,10,,
NLG,57,35,50,,
NLG,42,35,30,,
NLG,5,35,50,,
NLG,34,35,49,,
HDL,38,39,30,,
NGPL,16,42,50,,
SHINE,34,48,500,,
SHINE,3,48,41,,
SANIMA,49,20,49,,
SANIMA,58,20,10,,
SANIMA,54,20,100,,
SANIMA,45,20,50,,
SANIMA,14,20,400,,
SANIMA,51,20,25,,
HIDCL,1,49,110,,
DHPL,51,38,188,,
DHPL,44,38,100,,
DHPL,10,38,100,,
DHPL,19,38,12,,
NTC,25,38,20,,
UMHL,57,47,50,,
HDHPC,34,49,100,,
SHEL,42,58,80,,
SPDL,5,7,307,,
SPDL,56,7,30,,
SPDL,45,7,200,,
SPDL,34,7,13,,
UPPER,59,50,25,,
NHPC,48,59,80,,
NHPC,48,36,20,,
NHPC,22,17,50,,
NHPC,33,17,500,,
NHPC,56,17,100,,
NHPC,49,17,50,,
NHPC,52,17,100,,
NHPC,57,17,300,,
NHPC,11,17,50,,
NHPC,44,17,100,,
NHPC,14,17,145,,
NHPC,38,17,200,,
NHPC,42,17,100,,
NHPC,29,17,40,,
NHPC,57,17,25,,
NHPC,59,17,3348,,
BPCL,58,56,50,,
AKPL,26,45,15,,
HIDCL,1,45,295,,
AKPL,14,45,137,,
MBL,1,25,100,,
SHEL,42,49,20,,
JBLB,41,49,100,,
UPCL,3,58,100,,
NHPC,35,36,50,,
UPPER,59,4,200,,
UPPER,59,38,275,,
CBBL,59,52,50,,
SFCL,21,36,10,,
UPCL,35,57,280,,
UPCL,35,5,20,,
SFCL,59,36,90,,
GFCL,43,5,40,,
GFCL,43,25,40,,
SSHL,18,34,28,,
UPCL,17,5,100,,
UPCL,34,5,100,,
UPCL,17,5,250,,
HDL,35,43,10,,
SABSL,54,34,88,,
UMHL,55,47,50,,
RHPL,48,4,40,,
AKPL,56,42,33,,
AKPL,56,25,117,,
NCCB,32,32,300,,
NCCB,4,32,650,,
NCCB,47,32,300,,
NCCB,25,32,610,,
LBBL,58,45,250,,
LBBL,58,47,212,,
MLBL,38,34,50,,
KSBBL,36,44,100,,
NUBL,57,48,100,,
NUBL,50,48,14,,
GRDBL,1,49,25,,
NLG,34,29,11,,
NLICL,59,16,50,,
NLICL,22,16,50,,
HIDCL,1,47,457,,
HIDCL,57,47,13,,
MBL,26,49,325,,
MBL,58,49,100,,
MBL,26,49,10,,
SFCL,59,51,110,,
HIDCL,57,48,199,,
JBLB,17,46,10,,
NTC,34,19,370,,
NTC,59,19,10,,
NTC,41,19,20,,
MLBS,35,36,10,,
SJCL,14,57,225,,
SJCL,11,57,100,,
SJCL,35,57,20,,
SJCL,41,57,500,,
SJCL,16,57,155,,
JOSHI,57,7,40,,
JOSHI,57,6,10,,
JOSHI,57,58,50,,
JBLB,17,38,10,,
JBLB,17,50,230,,
MLBL,4,34,10,,
JBBL,51,56,21,,
JBBL,41,56,200,,
JBBL,37,56,100,,
JBBL,6,56,105,,
SAPDBL,7,34,10,,
SAPDBL,48,34,20,,
FMDBL,11,48,20,,
SINDU,28,58,50,,
CFCL,49,25,28,,
RLFL,38,1,100,,
API,35,35,10,,
MLBL,14,34,60,,
MLBL,14,48,140,,
UMHL,1,47,30,,
PCBL,49,49,101,,
PCBL,49,51,250,,
PCBL,49,42,100,,
PCBL,49,14,170,,
MLBL,26,48,100,,
PRVU,38,58,321,,
NMB,22,47,200,,
EIC,32,38,20,,
EIC,55,38,30,,
NBL,59,25,1000,,
NBL,51,25,10,,
NBL,7,25,200,,
NBL,26,25,10,,
NBL,1,25,50,,
NBL,25,25,100,,
NBL,52,25,100,,
NBL,47,25,500,,
NBL,44,25,100,,
NBL,45,25,2927,,
SANIMA,47,42,70,,
RLI,4,8,10,,
LBBL,26,47,1000,,
NIFRA,49,41,10,,
NIFRA,49,4,40,,
NGPL,7,42,10,,
PRVU,59,44,875,,
PRVU,1,44,25,,
PRVU,26,44,50,,
PRVU,45,44,500,,
PRVU,58,44,30,,
PRVU,41,44,100,,
PRVU,58,44,10,,
PRVU,34,44,50,,
PRVU,32,44,50,,
PRVU,59,44,10,,
PRVU,52,44,100,,
PRVU,19,44,100,,
PRVU,45,44,100,,
SHL,4,14,500,,
SHL,44,14,100,,
SHL,7,14,100,,
SHPC,33,48,10,,
SHPC,33,53,80,,
MLBS,35,45,10,,
CFCL,34,44,330,,
CFCL,21,44,20,,
CFCL,3,44,50,,
MDB,14,49,30,,
CIT,35,11,20,,
MEGA,42,17,60,,
MEGA,1,17,100,,
MEGA,58,17,100,,
SBL,28,45,26,,
NEF,48,6,500,,
JFL,38,43,50,,
UPCL,56,5,200,,
UPCL,5,5,80,,
API,28,21,240,,
API,28,21,234,,
KPCL,57,58,10,,
HIDCL,57,41,55,,
SFCL,6,41,50,,
UPCL,5,37,20,,
JOSHI,56,6,80,,
JOSHI,52,6,100,,
JOSHI,58,6,20,,
HDL,57,39,20,,
HDL,57,42,10,,
GILB,38,5,22,,
KBL,17,28,10,,
KBL,35,28,20,,
KBL,42,28,50,,
KBL,56,28,74,,
CHDC,18,58,50,,
JBBL,52,4,150,,
API,22,47,221,,
AKPL,14,43,100,,
KSBBL,57,53,35,,
KSBBL,57,58,65,,
KBL,56,26,75,,
JBBL,49,38,96,,
JBLB,5,38,10,,
GHL,3,7,100,,
GHL,34,7,60,,
GHL,1,7,200,,
RLFL,32,48,100,,
RHPL,26,34,450,,
NMB,26,25,500,,
NRIC,17,4,40,,
LBBL,14,38,214,,
LBBL,38,38,100,,
SICL,40,58,15,,
HIDCL,58,48,20,,
GBIME,58,38,20,,
SICL,19,58,10,,
CLBSL,18,59,18,,
CLBSL,33,59,100,,
CLBSL,43,59,65,,
CLBSL,35,59,10,,
CLBSL,11,59,20,,
CLBSL,22,59,37,,
NHPC,44,36,50,,
NHPC,44,17,50,,
LBBL,51,47,67,,
EDBL,43,6,388,,
EDBL,16,6,50,,
GIC,42,42,10,,
MLBS,40,13,10,,
NICA,37,28,36,,
NICA,44,28,14,,
NICA,44,28,50,,
MLBS,33,4,10,,
LBL,44,22,294,,
LBL,40,22,1000,,
NGPL,35,42,50,,
JLI,33,16,10,,
MEGA,58,58,30,,
NIFRA,57,42,16,,
NIFRA,4,42,50,,
NIFRA,6,42,10,,
NIFRA,34,42,10,,
NIFRA,14,42,10,,
NIFRA,53,42,20,,
NIFRA,46,42,100,,
SJCL,16,36,150,,
NIFRA,56,42,34,,
SJCL,45,36,740,,
NIFRA,38,42,400,,
UPPER,57,38,25,,
UMHL,57,47,100,,
MLBL,34,48,50,,
SLI,34,38,10,,
HDHPC,50,49,150,,
RLI,7,3,10,,
SHPC,55,56,68,,
SFCL,58,48,15,,
NABIL,14,1,30,,
SRBL,11,38,65,,
SRBL,56,38,10,,
SRBL,42,38,25,,
SRBL,22,38,900,,
MHNL,57,42,376,,
MHNL,26,42,50,,
MHNL,57,42,1000,,
MHNL,57,42,1000,,
MHNL,25,42,100,,
MHNL,36,42,50,,
MHNL,57,42,100,,
MHNL,57,42,1000,,
MHNL,28,42,1000,,
MHNL,4,42,1000,,
MHNL,35,42,500,,
MHNL,57,42,500,,
MHNL,33,42,100,,
MHNL,21,42,50,,
MHNL,43,42,100,,
MHNL,13,42,100,,
MHNL,1,42,3000,,
MHNL,51,42,25,,
MHNL,26,42,50,,
MHNL,22,42,20,,
NTC,59,58,1990,,
MHNL,44,42,30,,
NTC,32,58,10,,
MHNL,6,42,50,,
MHNL,32,42,1000,,
MHNL,6,42,100,,
MHNL,34,42,100,,
MHNL,48,42,100,,
MHNL,54,42,50,,
MHNL,6,42,30,,
MHNL,26,42,100,,
MHNL,26,42,100,,
MHNL,11,42,100,,
MHNL,32,42,200,,
MHNL,28,42,100,,
MHNL,36,42,50,,
MHNL,14,42,50,,
MHNL,3,42,110,,
MHNL,17,42,3000,,
MHNL,20,42,500,,
MHNL,20,42,50,,
MHNL,41,42,50,,
MHNL,34,42,500,,
MHNL,43,42,100,,
MHNL,32,42,500,,
MHNL,36,42,50,,
MHNL,57,42,200,,
MHNL,25,42,100,,
MHNL,6,42,200,,
MHNL,52,42,50,,
MHNL,49,42,290,,
MHNL,22,42,30,,
MHNL,38,42,100,,
MHNL,39,42,25,,
MHNL,48,42,200,,
MHNL,28,42,50,,
MHNL,57,42,200,,
MHNL,25,42,100,,
MHNL,6,42,500,,
MHNL,51,42,100,,
MHNL,47,42,200,,
HIDCL,57,53,32,,
HIDCL,1,53,50,,
HIDCL,45,53,30,,
HIDCL,13,53,100,,
HIDCL,49,53,88,,
LBBL,21,47,20,,
LBBL,14,47,50,,
JBBL,6,49,25,,
AKJCL,41,39,10,,
BARUN,25,42,30,,
SLBBL,44,35,46,,
SLBBL,44,35,24,,
CHCL,54,14,300,,
GBIME,46,43,50,,
RADHI,17,39,15,,
MLBL,28,48,100,,
LBBL,38,47,100,,
TPC,3,50,10,,
CFCL,32,25,50,,
PMHPL,41,14,232,,
PMHPL,32,14,268,,
KSBBL,36,49,50,,
SLI,7,42,10,,
SLI,7,55,10,,
SLI,7,34,10,,
SLI,7,46,10,,
SLI,7,54,50,,
SLI,7,28,50,,
SHPC,34,56,50,,
SHPC,26,56,102,,
SHINE,19,38,100,,
JBLB,53,53,10,,
SLI,34,17,10,,
DHPL,19,41,10,,
SHPC,26,25,98,,
SHPC,14,25,200,,
SHPC,10,25,702,,
RLI,16,38,20,,
RLI,16,39,80,,
AHPC,57,20,16,,
AHPC,42,20,100,,
AHPC,53,20,100,,
AHPC,45,20,500,,
AHPC,17,20,10,,
AHPC,14,20,50,,
AHPC,58,20,1000,,
AHPC,17,20,200,,
AHPC,41,20,300,,
AHPC,29,20,20,,
AHPC,41,20,50,,
AHPC,32,20,574,,
AHPC,43,20,50,,
AHPC,28,20,450,,
NBL,45,17,15,,
NBL,1,17,25,,
NBL,41,17,10,,
PSF,48,36,10000,,
PSF,48,36,5000,,
PSF,47,36,900,,
PSF,11,36,400,,
PSF,34,36,2600,,
PSF,52,36,300,,
MHNL,58,57,100,,
AHPC,43,20,150,,
AHPC,14,20,30,,
AHPC,47,20,50,,
AHPC,41,20,50,,
AHPC,34,20,100,,
AHPC,21,20,500,,
AHPC,42,20,50,,
AHPC,58,20,50,,
AHPC,35,20,100,,
AHPC,6,20,500,,
NBF2,1,53,4065,,
NBF2,8,53,1935,,
NBF2,26,53,4000,,
NBF2,53,53,10000,,
ULI,49,17,10,,
KBL,56,38,351,,
KBL,47,38,100,,
ALICL,7,56,50,,
ALICL,48,56,50,,
SADBL,36,44,190,,
SADBL,52,44,10,,
SADBL,8,44,50,,
SADBL,59,44,100,,
SADBL,32,44,1150,,
FMDBL,13,48,200,,
NHPC,59,28,50,,
NHPC,59,42,32,,
NHPC,59,41,100,,
NHPC,59,59,470,,
GBIME,22,38,23,,
NUBL,49,19,20,,
RLFL,3,21,300,,
SAHAS,55,58,10,,
AHPC,28,47,50,,
AHPC,55,47,100,,
GILB,48,40,33,,
JFL,45,34,100,,
PRVU,6,4,100,,
NABIL,14,10,190,,
NABIL,11,10,10,,
NABIL,49,10,50,,
MLBL,57,48,100,,
NHDL,39,8,35,,
NHDL,29,8,100,,
NHDL,41,8,20,,
NUBL,43,19,10,,
UPPER,28,38,200,,
MPFL,32,42,200,,
UPCL,7,5,30,,
UPCL,29,5,1000,,
UPCL,40,5,450,,
RHPL,45,41,182,,
RHPL,36,41,20,,
LBBL,34,47,300,,
ICFC,57,20,35,,
ICFC,14,20,300,,
ICFC,48,20,10,,
ICFC,26,20,30,,
ICFC,42,20,100,,
ICFC,22,20,30,,
ICFC,14,20,100,,
ICFC,56,20,100,,
ICFC,17,20,100,,
ICFC,41,20,80,,
ICFC,28,20,165,,
GBIME,46,28,701,,
NIFRA,3,4,20,,
KRBL,38,22,15,,
SHPC,37,53,20,,
CCBL,58,3,10,,
LEC,29,6,130,,
MNBBL,57,33,100,,
LBBL,20,47,30,,
LBBL,14,47,200,,
LBBL,58,47,260,,
PLIC,7,48,100,,
AHPC,4,49,20,,
AKJCL,49,39,16,,
PROFL,57,58,200,,
PROFL,58,58,100,,
AHPC,55,47,100,,
PRVU,49,1,50,,
PRVU,35,1,44,,
KBL,5,58,100,,
JLI,33,58,10,,
HDHPC,43,49,50,,
HDHPC,1,49,469,,
AKPL,14,52,228,,
AKPL,33,52,250,,
UPCL,14,55,80,,
ULI,49,7,10,,
GHL,1,38,300,,
GHL,1,38,20,,
MLBL,10,48,200,,
JBBL,6,47,10,,
JBBL,49,47,40,,
HDHPC,1,56,31,,
HDHPC,38,56,69,,
ICFC,28,42,175,,
SFCL,42,51,390,,
SFCL,42,34,10,,
SAPDBL,11,34,10,,
SAPDBL,7,34,10,,
PIC,38,13,11,,
GBIME,42,28,30,,
SAPDBL,38,34,30,,
SAPDBL,4,34,50,,
NCCB,56,43,377,,
KSBBL,29,14,170,,
LBBL,58,11,500,,
JBBL,13,4,150,,
HDHPC,38,21,250,,
GBIME,21,28,28,,
BOKL,45,39,12,,
BOKL,4,39,112,,
BOKL,14,39,76,,
NICL,25,59,14,,
NICL,25,54,136,,
NICLBSL,41,4,10,,
RLFL,33,1,100,,
NABIL,49,36,10,,
NBL,3,17,100,,
AKPL,53,49,20,,
UMHL,49,47,707,,
BARUN,41,52,25,,
NUBL,44,19,70,,
SIFC,57,48,150,,
SIFC,58,48,50,,
SIFC,29,48,100,,
NHPC,46,59,30,,
NHPC,46,56,80,,
HIDCL,49,34,77,,
LBL,7,49,30,,
ULI,49,25,10,,
HDHPC,38,57,40,,
HIDCL,57,34,65,,
PROFL,33,14,100,,
LBBL,58,56,240,,
LBBL,45,56,50,,
LBBL,6,56,100,,
LBBL,48,56,100,,
LBBL,38,56,100,,
LBBL,36,56,100,,
LBBL,45,56,100,,
LBBL,58,56,100,,
LBBL,49,56,10,,
LBBL,56,56,100,,
HIDCL,36,34,50,,
HIDCL,45,34,100,,
HIDCL,35,34,300,,
HIDCL,52,34,100,,
HIDCL,57,34,65,,
HIDCL,43,34,200,,
HIDCL,36,34,90,,
HIDCL,36,34,500,,
HIDCL,38,34,100,,
HIDCL,51,34,65,,
HIDCL,14,34,50,,
HIDCL,47,34,100,,
HIDCL,59,34,100,,
HIDCL,44,34,10,,
HIDCL,21,34,28,,
CCBL,39,50,15,,
SAHAS,55,35,10,,
NTC,54,49,50,,
SAHAS,55,38,10,,
NTC,29,49,50,,
NTC,1,49,40,,
KRBL,34,41,120,,
PMHPL,32,56,232,,
PMHPL,53,56,200,,
PMHPL,39,56,25,,
PMHPL,58,56,43,,
API,44,21,23,,
UPCL,40,47,50,,
UPCL,34,47,50,,
NUBL,48,49,20,,
UPCL,33,55,150,,
NCCB,56,43,440,,
NABIL,14,11,18,,
HIDCL,51,48,210,,
MLBL,8,48,500,,
NLBBL,45,13,50,,
SADBL,32,45,20,,
MBL,4,25,100,,
JBBL,49,49,60,,
BFC,28,38,200,,
NBL,3,17,35,,
MDB,51,49,10,,
UPCL,34,6,300,,
NICLBSL,41,4,20,,
SLI,34,35,10,,
GLICL,59,35,100,,
GLICL,13,35,300,,
GLICL,45,35,27,,
NIFRA,50,55,10,,
NIFRA,50,43,50,,
NIFRA,50,35,40,,
JBBL,14,49,200,,
MSLB,29,6,10,,
MDB,49,1,30,,
MDB,45,1,20,,
GBIME,17,28,100,,
NBL,57,17,100,,
MBL,34,25,30,,
NRIC,58,25,21,,
NRIC,58,53,40,,
NRIC,58,47,10,,
NRIC,58,55,14,,
NRIC,58,41,15,,
GFCL,43,25,50,,
PCBL,49,14,10,,
HDL,46,49,10,,
MBL,57,25,50,,
MBL,48,25,10,,
MBL,33,25,50,,
MBL,46,25,50,,
MBL,1,25,200,,
MBL,45,25,200,,
MBL,42,25,75,,
MBL,13,25,206,,
MBL,14,25,100,,
MBL,16,25,1000,,
MBL,38,25,500,,
MBL,54,25,30,,
MBL,32,25,10,,
MBL,37,25,30,,
MBL,34,25,500,,
MBL,32,25,330,,
MBL,41,25,100,,
UPCL,34,44,150,,
UPCL,38,44,100,,
UPCL,43,44,50,,
ULI,16,34,10,,
UMHL,38,47,313,,
NBB,19,1,19,,
CFCL,14,25,10,,
CFCL,32,25,85,,
SJCL,45,54,40,,
GLICL,45,45,46,,
SHINE,54,38,106,,
ICFC,28,38,100,,
PROFL,16,42,90,,
PROFL,16,26,110,,
JBBL,6,57,10,,
JBBL,34,57,100,,
JBBL,28,57,50,,
SAHAS,39,57,10,,
JBBL,22,57,40,,
NMB,47,47,1,,
SANIMA,44,20,66,,
SANIMA,38,20,2000,,
SANIMA,42,20,20,,
SANIMA,57,20,200,,
SANIMA,57,20,250,,
SANIMA,42,20,500,,
SANIMA,45,20,20,,
SANIMA,52,20,80,,
SANIMA,58,20,10,,
SANIMA,58,20,990,,
SANIMA,3,20,25,,
SANIMA,17,20,70,,
SANIMA,49,20,10,,
SANIMA,28,20,300,,
SANIMA,18,20,50,,
SANIMA,34,20,109,,
SANIMA,33,20,50,,
SANIMA,16,20,200,,
SANIMA,57,20,50,,
MNBBL,55,34,150,,
MNBBL,55,47,386,,
MEGA,6,52,44,,
MEGA,17,52,100,,
MEGA,11,52,30,,
MEGA,3,52,15,,
MEGA,19,52,331,,
MEGA,28,52,500,,
MEGA,14,52,20,,
UMHL,43,25,30,,
HIDCL,21,5,50,,
KMCDB,25,32,10,,
LBBL,59,6,90,,
ICFC,28,38,60,,
AKPL,14,22,255,,
AKPL,39,22,590,,
AKPL,43,22,25,,
AKPL,22,22,100,,
AKPL,45,22,30,,
CCBL,58,43,50,,
CBBL,36,21,10,,
PROFL,33,14,279,,
PROFL,43,14,30,,
PROFL,29,14,100,,
MLBS,33,53,10,,
KSBBL,39,43,240,,
MNBBL,56,47,100,,
MHNL,58,7,180,,
MLBL,33,40,50,,
MHNL,28,7,100,,
MHNL,44,7,20,,
SBI,38,49,973,,
SFCL,49,34,50,,
SBI,39,49,27,,
KEF,47,49,388,,
NHPC,33,56,50,,
GBBL,56,42,71,,
GBBL,56,14,140,,
GBBL,56,45,189,,
MLBSL,50,44,11,,
MLBSL,49,44,19,,
GBLBS,34,34,90,,
GBLBS,3,34,10,,
SANIMA,43,4,50,,
NBB,19,5,390,,
NBB,34,5,200,,
NBB,7,5,20,,
NBB,19,5,100,,
NBB,37,5,1000,,
NBB,45,5,10,,
NBB,58,5,50,,
NBB,48,5,230,,
API,41,21,50,,
DHPL,19,57,13,,
DHPL,52,57,50,,
PRVU,35,36,37,,
PRVU,14,36,63,,
SMB,39,4,150,,
SMB,35,4,100,,
SMB,59,4,50,,
SMB,16,4,50,,
SMB,26,4,10,,
SMB,52,4,25,,
SMB,45,4,10,,
SMB,47,4,20,,
SMB,36,4,30,,
HPPL,34,42,23,,
HPPL,52,42,10,,
HPPL,37,42,300,,
HPPL,41,42,50,,
HPPL,58,42,500,,
HPPL,49,42,300,,
HPPL,29,42,300,,
HPPL,52,42,20,,
HPPL,52,42,30,,
HPPL,28,42,1000,,
HPPL,7,42,50,,
HPPL,46,42,350,,
HPPL,34,42,500,,
HPPL,56,42,10,,
HPPL,48,42,200,,
HPPL,34,42,1000,,
HPPL,11,42,10,,
HPPL,58,42,10,,
HPPL,57,42,100,,
HPPL,37,42,2000,,
HPPL,57,42,500,,
HPPL,22,42,50,,
HPPL,35,42,50,,
HPPL,50,42,250,,
HPPL,49,42,100,,
HPPL,7,42,500,,
HPPL,42,42,35,,
HPPL,58,42,92,,
HPPL,5,42,500,,
HPPL,35,42,500,,
HPPL,22,42,50,,
HPPL,13,42,150,,
HPPL,55,42,400,,
HPPL,45,42,10,,
HPPL,50,42,15,,
HPPL,7,42,35,,
HPPL,7,57,165,,
HPPL,19,57,35,,
JBBL,49,49,10,,
SHINE,42,38,50,,
SHINE,41,38,100,,
SHINE,34,38,200,,
SHINE,34,38,200,,
JBLB,5,43,10,,
NBF2,26,53,6000,,
NBF2,57,53,5000,,
NBF2,45,53,2000,,
NBF2,28,53,1000,,
NBF2,6,53,1500,,
PCBL,43,17,198,,
PCBL,13,17,20,,
PCBL,47,17,400,,
PCBL,22,17,100,,
PCBL,1,17,12,,
PCBL,39,17,200,,
PCBL,22,17,40,,
PCBL,35,17,10,,
PCBL,21,17,20,,
NLBBL,32,13,10,,
CZBIL,32,25,25,,
CZBIL,42,25,64,,
CZBIL,5,25,100,,
CZBIL,8,25,25,,
CZBIL,7,25,150,,
CZBIL,33,25,50,,
CZBIL,22,25,100,,
CZBIL,17,25,100,,
CZBIL,17,25,1000,,
CZBIL,25,25,1000,,
CZBIL,52,25,365,,
CZBIL,28,25,100,,
CZBIL,39,25,50,,
CZBIL,50,25,50,,
CZBIL,14,25,400,,
CZBIL,22,25,200,,
CZBIL,13,25,300,,
CZBIL,11,25,400,,
CZBIL,38,25,150,,
CZBIL,48,25,25,,
CZBIL,38,25,100,,
CZBIL,38,25,100,,
RHPL,45,22,10,,
RHPL,19,22,10,,
RHPL,32,22,50,,
SLI,34,41,10,,
CZBIL,38,25,126,,
CZBIL,26,25,20,,
JBBL,22,59,260,,
JBBL,20,59,100,,
JBBL,47,49,30,,
JBBL,47,38,20,,
SAHAS,39,58,10,,
API,26,21,93,,
MLBL,45,38,150,,
CORBL,38,7,30,,
CORBL,8,7,200,,
CLBSL,22,17,13,,
CLBSL,58,17,10,,
MHNL,44,41,80,,
MHNL,28,41,70,,
JBBL,33,38,100,,
GFCL,59,44,30,,
GFCL,59,44,100,,
GFCL,49,44,100,,
PLIC,55,57,100,,
MDB,21,49,40,,
CBBL,14,21,15,,
MLBS,13,6,10,,
SBL,28,29,74,,
NHPC,42,38,100,,
SLI,34,52,10,,
BOKL,14,19,380,,
BOKL,13,19,100,,
BOKL,55,19,150,,
BOKL,17,19,120,,
BOKL,17,19,50,,
DDBL,6,58,75,,
API,26,13,196,,
NTC,1,14,10,,
GBIME,32,28,25,,
GBIME,42,28,50,,
GBIME,7,28,19,,
GBIME,25,28,400,,
GBIME,20,28,10,,
GBIME,22,28,12,,
GBIME,56,28,43,,
GBIME,8,28,85,,
GBIME,3,28,50,,
GBIME,49,28,127,,
GBIME,39,28,20,,
GBIME,34,28,100,,
MLBL,48,38,800,,
SRBL,22,56,100,,
MEGA,14,36,250,,
UPCL,18,55,500,,
KSBBL,29,38,165,,
HIDCL,21,48,200,,
HIDCL,21,13,122,,
HIDCL,38,13,10,,
HIDCL,48,13,168,,
NABIL,48,22,200,,
NGPL,42,58,70,,
NGPL,55,58,10,,
NICL,58,13,10,,
SHINE,53,11,12,,
CHDC,5,45,175,,
CHDC,5,59,89,,
NBL,28,17,55,,
HPPL,28,58,20,,
CHDC,5,39,10,,
AKJCL,45,34,40,,
HIDCL,48,22,182,,
HIDCL,28,22,818,,
MLBL,48,49,200,,
GBBL,17,45,11,,
KRBL,34,14,100,,
KRBL,21,14,200,,
KRBL,1,14,200,,
NFS,58,59,10,,
HDL,46,4,30,,
GIC,42,34,50,,
SHINE,34,43,100,,
SHINE,32,43,500,,
NABIL,14,38,50,,
HDHPC,38,21,91,,
SAPDBL,34,54,417,,
SAPDBL,34,1,10,,
SAPDBL,34,57,13,,
SAPDBL,34,34,60,,
GMFIL,17,36,200,,
NTC,58,14,50,,
NRIC,17,53,30,,
SHPC,10,45,100,,
AHPC,42,38,200,,
PRVU,14,1,100,,
RMF1,48,5,600,,
UMRH,38,37,10,,
UMHL,38,44,187,,
PIC,34,14,70,,
NCCB,56,13,183,,
NCCB,49,13,300,,
NCCB,44,13,500,,
NCCB,54,13,340,,
NCCB,28,13,557,,
NCCB,47,13,50,,
NCCB,46,13,70,,
LEC,32,4,10,,
ULI,16,51,10,,
KSBBL,41,38,35,,
HIDCL,28,48,10,,
SHPC,10,51,50,,
UMRH,38,29,15,,
UMRH,53,29,35,,
TPC,3,14,10,,
GBIME,58,38,12,,
KRBL,36,22,20,,
KRBL,36,21,50,,
DHPL,59,58,20,,
NBL,45,17,10,,
JBBL,45,38,20,,
NMB,36,25,20,,
NMB,16,25,200,,
NMB,58,25,30,,
NMB,13,25,50,,
NMB,16,25,250,,
NMB,50,25,25,,
NMB,21,25,10,,
NMB,48,25,10,,
NMB,47,25,10,,
NMB,22,25,10,,
NMB,58,25,200,,
NMB,57,25,10,,
NMB,1,25,50,,
NMB,58,25,50,,
NMB,48,25,10,,
NMB,18,25,200,,
NMB,47,25,50,,
NMB,49,25,10,,
NMB,33,25,100,,
NMB,56,25,15,,
NMB,41,25,16,,
NMB,7,25,25,,
NMB,25,25,50,,
NMB,58,25,52,,
NMB,49,25,37,,
NMB,34,25,500,,
NMB,38,25,130,,
NMB,25,25,20,,
NMB,38,25,100,,
NMB,45,25,30,,
NMB,1,25,200,,
NMB,5,25,30,,
NMB,38,25,200,,
NMB,6,25,100,,
NMB,36,25,500,,
NMB,58,25,150,,
NMB,45,25,10,,
NMB,42,25,32,,
NMB,47,25,160,,
NMB,58,25,250,,
GHL,26,7,100,,
NGPL,42,42,73,,
NHPC,51,56,50,,
CCBL,58,40,40,,
NBL,35,1,50,,
CHDC,6,58,10,,
NHPC,42,41,100,,
NUBL,44,17,15,,
NUBL,44,34,15,,
UMHL,6,28,122,,
CGH,28,42,288,,
CGH,14,42,300,,
CGH,48,42,140,,
CGH,53,42,50,,
CGH,42,42,10,,
CGH,14,42,20,,
CGH,36,42,1000,,
CGH,6,42,20,,
CGH,32,42,50,,
CGH,7,42,50,,
CGH,26,42,10,,
CGH,47,42,20,,
CGH,45,42,50,,
CGH,45,42,10,,
CGH,26,42,10,,
CGH,7,42,200,,
CGH,49,42,10,,
CGH,49,42,10,,
CGH,38,42,150,,
CGH,38,42,50,,
CGH,8,42,100,,
CGH,58,42,50,,
CGH,51,42,10,,
CGH,55,42,50,,
CGH,7,42,100,,
CGH,14,42,100,,
CGH,45,42,200,,
CGH,46,42,20,,
CGH,21,42,20,,
CGH,34,42,20,,
CGH,55,42,50,,
CGH,51,42,20,,
CGH,44,42,20,,
CGH,34,42,100,,
CGH,50,42,20,,
CGH,37,42,100,,
CGH,14,42,10,,
CGH,45,42,50,,
CGH,19,42,100,,
CGH,57,42,55,,
CGH,45,42,20,,
CGH,6,42,10,,
CGH,6,42,10,,
CGH,45,42,100,,
CGH,14,42,50,,
CGH,16,42,300,,
CGH,39,42,50,,
CGH,57,42,20,,
CGH,19,42,200,,
CGH,13,42,20,,
CGH,41,42,62,,
CGH,33,42,10,,
CGH,29,42,20,,
CGH,16,42,300,,
CGH,10,42,50,,
CGH,3,42,50,,
FOWAD,41,50,95,,
CGH,45,42,200,,
CGH,41,42,100,,
FOWAD,38,50,200,,
CGH,54,42,50,,
FOWAD,33,50,300,,
CGH,7,42,260,,
FOWAD,44,50,25,,
CGH,36,42,20,,
NABIL,38,38,10,,
FOWAD,14,50,100,,
CGH,21,42,10,,
NABIL,4,38,10,,
FOWAD,16,50,100,,
CGH,39,42,10,,
NABIL,1,38,10,,
FOWAD,3,50,10,,
CGH,45,42,200,,
NABIL,19,38,20,,
FOWAD,21,50,50,,
CGH,16,42,50,,
FOWAD,22,50,20,,
CGH,53,42,50,,
CGH,45,42,200,,
CGH,14,42,10,,
CGH,45,42,200,,
CGH,42,42,10,,
CGH,10,42,20,,
CGH,46,42,60,,
CGH,45,42,10,,
CGH,51,42,20,,
CGH,35,42,10,,
CGH,41,42,100,,
CGH,41,42,50,,
CGH,13,42,10,,
CGH,41,42,60,,
CGH,34,42,10,,
CGH,21,42,25,,
CGH,41,42,10,,
CGH,21,42,10,,
CGH,53,42,50,,
CGH,37,42,50,,
CGH,57,42,10,,
CGH,16,42,300,,
CGH,17,42,100,,
CGH,57,42,10,,
CGH,21,42,10,,
CGH,54,42,100,,
CGH,57,42,10,,
CGH,13,42,30,,
CGH,36,42,500,,
CGH,34,42,50,,
CGH,16,42,1910,,
CGH,7,42,100,,
CGH,34,42,20,,
CGH,7,42,20,,
CGH,10,42,50,,
UMHL,54,44,300,,
AKJCL,45,44,50,,
HIDCL,49,48,219,,
CLBSL,42,6,10,,
SLI,34,51,10,,
BARUN,52,52,24,,
NABIL,36,35,10,,
HDHPC,33,6,250,,
MLBL,48,44,1000,,
GMFIL,17,38,50,,
NABIL,38,1,5,,
NABIL,34,1,10,,
GFCL,3,25,10,,
MLBL,14,58,10,,
DDBL,6,34,57,,
DDBL,6,4,40,,
DDBL,6,42,100,,
DDBL,6,58,50,,
DDBL,6,38,80,,
DDBL,6,1,63,,
BOKL,17,45,20,,
UPPER,16,38,40,,
NCCB,46,29,20,,
PPCL,34,51,500,,
JLI,16,4,10,,
SHINE,39,48,25,,
OHL,48,5,92,,
SLI,34,49,10,,
API,26,42,42,,
CBL,46,14,65,,
CBL,46,49,66,,
CBL,46,57,50,,
CBL,46,32,200,,
CBL,46,38,20,,
CBL,46,1,99,,
BFC,28,48,29,,
GBIME,7,45,50,,
HIDCL,49,25,281,,
NLIC,13,42,20,,
NLIC,38,42,100,,
NLIC,55,42,30,,
NLIC,13,42,100,,
NLIC,58,42,10,,
NLIC,26,42,50,,
NLIC,51,42,25,,
NLIC,14,42,50,,
NLIC,14,42,100,,
NUBL,26,58,199,,
NLIC,45,42,10,,
NUBL,26,58,1000,,
NLIC,34,42,100,,
NUBL,26,58,157,,
NLIC,44,42,49,,
NLIC,59,42,100,,
NUBL,38,58,40,,
NLIC,47,42,10,,
NUBL,40,58,90,,
UMHL,8,39,500,,
MFIL,55,29,55,,
NLIC,13,42,100,,
NLIC,47,42,100,,
NLIC,6,42,50,,
NLIC,47,42,200,,
NLIC,50,42,100,,
NLIC,45,42,50,,
NLIC,38,42,100,,
NLIC,38,42,50,,
NLIC,57,42,100,,
NLIC,20,42,10,,
NLIC,36,42,50,,
NLIC,28,42,300,,
NLIC,49,42,10,,
NLIC,6,42,50,,
NLIC,17,42,20,,
NLIC,13,42,25,,
NLIC,45,42,300,,
NLIC,32,42,100,,
NLIC,38,42,20,,
NLIC,54,42,20,,
NLIC,35,42,50,,
NLIC,48,42,100,,
NLIC,58,42,25,,
NLIC,56,42,100,,
NLIC,57,42,50,,
NLIC,52,42,100,,
NLIC,14,42,50,,
NLIC,11,42,50,,
NLIC,29,42,100,,
NLIC,38,42,10,,
NLIC,42,42,20,,
NLIC,21,42,100,,
NLIC,49,42,40,,
NLIC,34,42,50,,
NLIC,45,42,10,,
NLIC,34,42,100,,
NLIC,41,42,20,,
NLIC,11,42,10,,
NLIC,46,42,50,,
NLIC,57,42,100,,
NLIC,14,42,200,,
NHPC,58,56,100,,
NUBL,14,58,16,,
NLIC,53,42,10,,
GBBL,17,46,39,,
NLIC,19,42,20,,
NLIC,41,42,10,,
GBBL,38,46,161,,
NLIC,29,42,100,,
NRN,53,56,80,,
MSLB,29,17,37,,
NLIC,39,42,100,,
NLIC,10,42,2937,,
NLIC,7,42,300,,
NLIC,34,42,10,,
NLIC,28,42,100,,
NLIC,35,42,50,,
NLIC,57,42,50,,
NLIC,48,42,100,,
NLIC,49,42,50,,
NLIC,38,42,100,,
NLIC,29,42,10,,
NLIC,52,42,20,,
NLIC,22,42,150,,
NLIC,13,42,100,,
NLIC,16,42,50,,
NLIC,34,42,60,,
NLIC,56,42,42,,
NLIC,21,42,100,,
NLIC,6,42,50,,
NLIC,49,42,100,,
NLIC,46,42,99,,
NLIC,48,42,10,,
NLIC,26,42,20,,
NLIC,21,42,20,,
NLIC,13,42,300,,
SJCL,17,17,30,,
NLIC,4,42,50,,
NLIC,6,42,25,,
NLIC,58,42,100,,
NLIC,57,42,100,,
NLIC,45,42,500,,
NLIC,20,42,50,,
NHPC,41,56,20,,
NLIC,21,42,10,,
NLIC,14,42,100,,
NLIC,58,42,100,,
NLIC,57,42,40,,
ADBL,4,43,100,,
NLIC,39,42,20,,
NLIC,47,42,100,,
NLIC,19,42,50,,
NLIC,6,42,15,,
NLIC,34,42,50,,
NLIC,10,42,100,,
ADBL,45,43,50,,
NLIC,59,42,50,,
NLIC,58,42,62,,
NLIC,22,42,20,,
NLIC,34,42,50,,
NLIC,42,42,10,,
NLIC,47,42,50,,
NLIC,42,42,100,,
NLIC,17,42,10,,
NLIC,36,42,50,,
NLIC,42,42,20,,
NLIC,40,42,5000,,
NLIC,21,42,500,,
NLIC,7,42,20,,
NLIC,45,42,100,,
NLIC,20,42,10,,
NLIC,10,42,100,,
NLIC,51,42,50,,
NLIC,49,42,50,,
NLIC,55,42,50,,
NLIC,38,42,50,,
NLIC,42,42,20,,
NLIC,58,42,152,,
NLIC,14,42,120,,
NLIC,13,42,12,,
NLIC,57,42,200,,
NLIC,46,42,10,,
NLIC,14,42,100,,
NLIC,49,42,10,,
NLIC,26,42,50,,
NLIC,7,42,50,,
NLIC,58,42,50,,
NLIC,22,42,10,,
NLIC,14,42,20,,
NLIC,28,42,30,,
NLIC,41,42,50,,
NLIC,6,42,25,,
NLIC,20,42,10,,
NLIC,37,42,100,,
NLIC,26,42,50,,
NLIC,34,42,100,,
NLIC,34,42,200,,
NLIC,6,42,50,,
NLIC,49,42,10,,
NLIC,45,42,500,,
NLIC,48,42,20,,
NLIC,45,42,100,,
NLIC,35,42,50,,
NLIC,22,42,10,,
NLIC,13,42,70,,
NLIC,42,42,50,,
NLIC,32,42,100,,
NLIC,32,42,50,,
NLIC,29,42,10,,
NLIC,22,42,55,,
NLIC,38,42,50,,
NLIC,16,42,50,,
NLIC,46,42,200,,
NLIC,16,42,100,,
NLIC,58,42,50,,
NLIC,28,42,50,,
NLIC,17,42,30,,
NLIC,46,42,10,,
NLIC,26,42,100,,
NLIC,32,42,50,,
NLIC,14,42,10,,
NLIC,44,42,50,,
NLIC,44,42,50,,
NLIC,39,42,10,,
NLIC,58,42,200,,
NLIC,28,42,100,,
NLIC,38,42,15,,
NLIC,49,42,20,,
NLIC,38,42,10,,
NLIC,17,42,15,,
NLIC,35,42,50,,
NLIC,57,42,50,,
NLIC,51,42,30,,
NLIC,45,42,60,,
NLIC,57,42,50,,
NLIC,21,42,40,,
NLIC,1,42,10,,
NLIC,58,42,100,,
NLIC,51,42,340,,
NLIC,21,42,50,,
NLIC,53,42,10,,
NLIC,41,42,200,,
NLIC,41,42,50,,
NLIC,4,42,25,,
NLIC,16,42,20,,
NLIC,41,42,100,,
NLIC,55,42,200,,
NLIC,28,42,200,,
NLIC,53,42,250,,
NLIC,6,42,10,,
NLIC,38,42,100,,
NLIC,38,42,50,,
NLIC,22,42,10,,
NLIC,44,42,10,,
NLIC,49,42,100,,
NLIC,14,42,200,,
NLIC,42,42,100,,
NLIC,47,42,120,,
NLIC,51,42,33,,
NLIC,53,42,200,,
NLIC,44,42,100,,
NLIC,26,42,100,,
NLIC,44,42,100,,
NLIC,8,42,100,,
NLIC,22,42,10,,
NLIC,17,42,50,,
NLIC,6,42,10,,
NLIC,45,42,80,,
NLIC,53,42,50,,
NLIC,44,42,95,,
NLIC,47,42,50,,
NLIC,45,42,100,,
NLIC,32,42,20,,
NLIC,52,42,411,,
NLIC,51,42,50,,
NLIC,58,42,10,,
NLIC,25,42,50,,
NLIC,47,42,100,,
NLIC,52,42,50,,
NLIC,26,42,30,,
NLIC,38,42,50,,
NLIC,42,42,15,,
NLIC,26,42,200,,
NLIC,35,42,40,,
NLIC,49,42,50,,
NLIC,58,42,18,,
NLIC,38,42,20,,
NLIC,46,42,30,,
NLIC,16,42,20,,
NLIC,50,42,10,,
NLIC,56,42,50,,
NLIC,1,42,110,,
NLIC,1,42,100,,
NLIC,58,42,50,,
NLIC,48,42,200,,
NLIC,43,42,50,,
NLIC,57,42,25,,
NLIC,59,42,100,,
NLIC,16,42,10,,
NLIC,6,42,20,,
NLIC,21,42,100,,
NLIC,20,42,50,,
NLIC,20,42,200,,
NLIC,11,42,21,,
NLIC,7,42,60,,
NLIC,45,42,25,,
NLIC,5,42,200,,
NLIC,58,42,27,,
NLIC,53,42,20,,
NLIC,19,42,25,,
NLIC,34,42,100,,
NLIC,47,42,20,,
NLIC,50,42,10,,
NLIC,38,42,30,,
NLIC,51,42,100,,
NLIC,38,42,10,,
NLIC,49,42,10,,
NLIC,58,42,40,,
NLIC,32,42,20,,
NLIC,56,42,28,,
ULI,16,42,10,,
NLIC,42,42,30,,
JBBL,16,38,60,,
NLIC,16,42,20,,
NLIC,45,42,100,,
GBIME,49,34,373,,
GBIME,45,34,100,,
GBIME,56,34,11,,
JBBL,25,4,150,,
GBIME,57,34,266,,
JBBL,25,45,50,,
HIDCL,52,25,10,,
NUBL,14,35,14,,
MLBL,14,7,300,,
NRN,6,26,10,,
NICA,44,17,15,,
NICA,58,17,20,,
KBL,45,58,40,,
API,26,32,100,,
NICA,58,34,20,,
MLBL,22,7,50,,
PCBL,58,14,210,,
PCBL,40,14,10,,
PCBL,49,14,100,,
PCBL,47,14,500,,
HIDCL,28,59,85,,
LBBL,34,6,10,,
NICLBSL,41,53,10,,
LBBL,48,45,100,,
PRVU,42,58,100,,
NBB,48,53,200,,
MNBBL,34,47,10,,
CBL,55,1,371,,
CBL,55,59,50,,
CBL,55,51,158,,
CBL,55,44,50,,
CBL,55,47,30,,
CBL,55,47,39,,
GBIME,57,42,34,,
GBIME,41,42,108,,
GBIME,29,42,154,,
KRBL,1,44,200,,
NABIL,58,1,10,,
NABIL,58,17,32,,
SAHAS,39,58,10,,
UPPER,16,25,30,,
MFIL,4,29,50,,
SHPC,10,38,500,,
SHPC,22,38,10,,
SHPC,56,38,490,,
MNBBL,53,47,100,,
GBIME,29,16,100,,
UPPER,16,42,30,,
HIDCL,32,25,410,,
GIC,39,4,10,,
NLIC,17,43,190,,
NLIC,17,41,20,,
SAHAS,39,49,10,,
MFIL,55,29,400,,
NBF2,6,53,8500,,
NBF2,16,53,2900,,
SIFC,17,52,201,,
GLICL,45,19,27,,
GLICL,29,19,73,,
STC,58,56,20,,
NICA,58,29,10,,
AKJCL,5,45,100,,
JBBL,16,49,10,,
ULI,16,51,10,,
UNHPL,54,57,500,,
SMFDB,58,21,15,,
CHL,21,58,100,,
NRIC,50,42,140,,
HIDCL,28,38,97,,
HIDCL,52,38,10,,
HIDCL,47,38,33,,
HIDCL,34,25,149,,
HIDCL,34,58,33,,
HIDCL,34,13,318,,
KSBBL,34,43,100,,
KSBBL,11,43,50,,
PRVU,38,58,45,,
PRVU,57,58,34,,
JFL,28,17,80,,
RLI,7,53,10,,
NMB,58,4,50,,
GILB,48,17,17,,
GILB,13,17,50,,
NHPC,42,21,200,,
NHPC,28,21,100,,
EBL,37,22,68,,
EBL,19,22,10,,
EBL,11,22,122,,
BOKL,17,11,100,,
CFCL,32,4,250,,
CFCL,49,4,100,,
CFCL,41,4,150,,
SINDU,28,34,62,,
NLICL,36,49,30,,
SAHAS,39,45,10,,
ICFC,8,58,100,,
NGPL,53,42,100,,
AKPL,56,42,478,,
NICA,44,8,71,,
FOWAD,32,50,100,,
FOWAD,43,50,20,,
FOWAD,21,50,50,,
FOWAD,42,50,10,,
FOWAD,49,50,20,,
FOWAD,28,50,25,,
FOWAD,52,50,40,,
FOWAD,6,50,14,,
FOWAD,29,50,10,,
FOWAD,57,50,10,,
FOWAD,56,50,100,,
FOWAD,25,50,200,,
FOWAD,56,50,100,,
FOWAD,17,50,40,,
MNBBL,53,47,500,,
SBL,22,29,10,,
MEN,57,35,50,,
GFCL,38,48,60,,
GFCL,38,21,50,,
GFCL,38,57,40,,
NLIC,56,26,20,,
NLIC,57,26,30,,
TPC,43,38,10,,
TPC,43,14,10,,
TPC,43,44,10,,
NABIL,13,58,1,,
SIFC,17,58,34,,
SIFC,21,58,50,,
HIDCL,47,38,467,,
HIDCL,52,38,500,,
HIDCL,47,38,133,,
SAHAS,55,53,10,,
SAHAS,55,50,10,,
SAHAS,55,34,10,,
SAHAS,55,38,10,,
CGH,16,4,10,,
UPPER,28,42,100,,
SJCL,45,35,50,,
SLI,34,51,10,,
RADHI,51,33,65,,
SADBL,32,26,830,,
SADBL,4,26,50,,
SADBL,48,26,10,,
SADBL,6,26,110,,
SPDL,34,52,32,,
NRIC,17,42,200,,
GHL,32,38,150,,
GBIME,29,20,53,,
SHIVM,25,32,256,,
PRIN,34,58,45,,
PRIN,58,58,15,,
NUBL,40,58,50,,
PRIN,35,58,70,,
HDHPC,33,14,950,,
HDHPC,53,14,50,,
EBL,11,40,78,,
EBL,36,40,20,,
EBL,36,40,100,,
EBL,58,40,20,,
EBL,1,40,415,,
EBL,5,40,20,,
AKJCL,39,45,325,,
SSHL,18,39,222,,
SSHL,42,39,15,,
SSHL,38,39,13,,
SSHL,5,39,100,,
SSHL,41,39,10,,
SSHL,34,39,150,,
SSHL,14,39,200,,
SSHL,50,39,500,,
SSHL,16,39,300,,
SSHL,34,39,115,,
SSHL,5,39,50,,
SSHL,5,39,25,,
MMF1,42,45,100,,
SABSL,44,34,12,,
SHINE,41,48,35,,
AKPL,56,38,22,,
SHPC,56,57,10,,
NGPL,5,35,50,,
NGPL,21,35,10,,
GBIME,44,45,100,,
MLBS,28,13,40,,
MLBS,25,13,50,,
MLBS,41,13,10,,
SAHAS,55,52,10,,
OHL,48,5,100,,
LBBL,45,47,100,,
ICFC,8,17,100,,
LLBS,21,17,32,,
NIFRA,56,17,60,,
NCCB,46,14,400,,
ADBL,45,52,22,,
PPCL,34,53,50,,
ULI,16,53,10,,
SHEL,57,51,10,,
GHL,32,58,50,,
MLBS,41,22,40,,
MLBS,25,22,30,,
API,26,41,69,,
UMRH,1,26,20,,
UMRH,41,26,80,,
STC,58,56,10,,
SBL,39,28,500,,
SBL,38,28,50,,
SBL,44,28,50,,
SBL,49,28,20,,
SBL,6,28,50,,
SBL,48,28,300,,
SBL,17,28,20,,
SBL,52,28,185,,
SBL,40,28,1000,,
SBL,29,28,100,,
SBL,46,28,100,,
SBL,57,28,10,,
SBL,21,28,200,,
SBL,57,28,50,,
SBL,32,28,500,,
SBL,42,28,50,,
SBL,39,28,450,,
SBL,17,28,200,,
SBL,34,28,25,,
SBL,34,28,10,,
SBL,54,28,122,,
PCBL,6,49,29,,
PCBL,6,57,71,,
SHPC,10,49,648,,
SHPC,57,49,10,,
SHPC,58,49,150,,
UPCL,57,55,100,,
UPCL,16,55,50,,
UPCL,38,55,200,,
UPCL,38,55,100,,
UPCL,3,55,100,,
UPCL,17,55,50,,
UPCL,17,55,50,,
MFIL,14,29,100,,
MNBBL,1,47,100,,
BOKL,17,45,130,,
BOKL,45,45,30,,
BOKL,41,45,405,,
NABIL,57,17,50,,
SLBBL,48,36,10,,
NHPC,28,45,100,,
MLBL,38,7,200,,
CGH,16,35,10,,
RSDC,57,32,50,,
LBBL,48,25,400,,
NIL,58,13,20,,
PLIC,28,42,100,,
PLIC,49,42,50,,
PLIC,37,42,30,,
PLIC,14,42,120,,
PLIC,50,42,200,,
PLIC,48,42,500,,
PLIC,51,42,200,,
PLIC,17,42,445,,
PLIC,26,42,50,,
PLIC,10,42,500,,
PLIC,1,42,200,,
PLIC,16,42,20,,
PLIC,11,42,50,,
PLIC,18,42,10,,
PLIC,59,42,60,,
PLIC,28,42,100,,
PLIC,38,42,500,,
PLIC,55,42,400,,
PLIC,54,42,200,,
NMB,21,8,150,,
MEGA,14,34,230,,
HIDCL,47,34,500,,
NLICL,57,49,10,,
PLIC,55,42,29,,
PLIC,34,42,36,,
PLIC,57,42,100,,
PLIC,17,42,100,,
PLIC,28,42,100,,
PLIC,32,42,200,,
PLIC,35,42,100,,
PLIC,45,42,150,,
PLIC,48,42,50,,
PLIC,13,42,50,,
PLIC,49,42,200,,
PLIC,34,42,50,,
PLIC,28,42,100,,
SADBL,6,3,90,,
SHPC,10,49,100,,
HDHPC,38,45,500,,
HDHPC,38,17,50,,
LBBL,38,47,100,,
CIT,42,48,69,,
NICA,46,8,29,,
CORBL,42,7,150,,
CORBL,38,7,20,,
CZBIL,38,14,100,,
LBBL,43,47,100,,
KSBBL,29,43,50,,
CHCL,58,6,100,,
CHCL,58,6,50,,
CHCL,11,6,50,,
CHCL,38,6,50,,
MNBBL,38,47,50,,
UNHPL,58,13,26,,
MNBBL,43,47,20,,
MNBBL,14,47,77,,
MNBBL,53,47,200,,
MNBBL,6,47,100,,
MNBBL,17,47,100,,
MNBBL,14,47,20,,
MNBBL,57,47,30,,
MNBBL,55,47,3258,,
MNBBL,51,47,20,,
MNBBL,45,47,10,,
MNBBL,48,47,30,,
MNBBL,57,47,35,,
AHPC,57,59,100,,
AHPC,1,59,60,,
ACLBSL,59,4,10,,
NICA,46,49,21,,
NICA,13,49,50,,
NICA,28,49,100,,
NICA,17,49,749,,
NICA,14,49,50,,
NABIL,38,58,40,,
MEN,57,53,10,,
GHL,32,7,100,,
MNBBL,45,47,145,,
SLI,14,54,10,,
MNBBL,35,47,500,,
MNBBL,35,47,30,,
PICL,6,4,150,,
PICL,41,4,50,,
NLIC,41,43,20,,
NLIC,41,17,30,,
UPCL,45,34,20,,
SRBL,7,38,11,,
SRBL,6,38,380,,
MLBS,47,49,10,,
NRIC,33,42,10,,
NRIC,59,42,50,,
RSDC,45,16,40,,
HDHPC,19,14,800,,
HDHPC,26,14,200,,
HDHPC,42,14,500,,
HDHPC,45,14,500,,
NBL,45,43,40,,
NBL,51,43,10,,
SAPDBL,38,34,150,,
SAPDBL,45,34,90,,
NGPL,48,49,10,,
API,56,41,331,,
API,56,44,97,,
NUBL,40,19,10,,
ULI,43,38,10,,
KSBBL,13,44,94,,
KSBBL,55,44,65,,
KSBBL,57,44,46,,
KSBBL,57,44,25,,
KSBBL,57,44,20,,
MLBL,29,42,80,,
MLBL,34,42,100,,
SLBBL,48,14,10,,
SWBBL,58,34,20,,
GRDBL,1,25,75,,
GRDBL,42,25,50,,
GRDBL,35,25,25,,
GRDBL,35,25,50,,
RHPL,32,54,50,,
API,59,44,50,,
SLICL,13,5,62,,
NABIL,28,58,50,,
NHPC,14,48,20,,
NHPC,45,48,480,,
NHPC,45,58,20,,
GLH,51,57,10,,
CIT,57,48,10,,
SBL,54,36,32,,
SBL,11,36,200,,
NMB,17,8,200,,
NBF2,6,53,10000,,
AIL,1,53,10,,
PMHPL,58,56,100,,
MFIL,19,29,20,,
RLI,58,34,27,,
RLI,49,34,50,,
RLI,35,34,20,,
API,3,44,10,,
PLI,46,42,22,,
PLI,34,42,100,,
PLI,35,42,288,,
PLI,11,42,50,,
PLI,8,42,50,,
PLI,45,42,150,,
PLI,34,42,100,,
PLI,57,42,100,,
PLI,42,42,20,,
PLI,17,42,20,,
PLI,43,42,200,,
PLI,21,42,20,,
PLI,14,42,10,,
PLI,19,42,20,,
PLI,16,42,200,,
PLI,47,42,10,,
PLI,7,42,30,,
PLI,53,42,50,,
PLI,5,42,300,,
PLI,1,42,50,,
PLI,59,42,35,,
PLI,4,42,400,,
PLI,36,42,200,,
PLI,35,42,10,,
PLI,39,42,50,,
PLI,57,42,30,,
PLI,32,42,205,,
PLI,43,42,30,,
PLI,22,42,100,,
PLI,8,42,10,,
PLI,41,42,50,,
PLI,1,42,100,,
PLI,22,42,100,,
PLI,42,42,80,,
PLI,38,42,30,,
NABIL,33,58,10,,
NABIL,33,50,40,,
PLI,22,42,100,,
RADHI,58,33,289,,
PLI,28,42,50,,
PLI,33,42,500,,
PLI,1,42,10,,
PLI,44,42,70,,
PLI,47,42,50,,
CFCL,41,35,50,,
CFCL,10,35,50,,
PLI,47,4,50,,
LGIL,44,55,20,,
LGIL,14,55,30,,
API,45,44,43,,
API,45,8,157,,
API,53,8,29,,
API,49,8,14,,
UPCL,38,5,30,,
UPCL,21,5,500,,
NGPL,41,26,200,,
DHPL,47,45,100,,
DHPL,4,45,100,,
DHPL,7,45,10,,
DHPL,13,45,20,,
DHPL,6,45,100,,
DHPL,58,45,100,,
DHPL,41,45,50,,
CZBIL,11,13,100,,
CZBIL,17,13,100,,
CZBIL,13,13,100,,
AHPC,1,49,10,,
IGI,10,6,50,,
IGI,52,6,10,,
NABIL,57,50,10,,
KSBBL,14,43,20,,
NBL,52,1,45,,
EBL,58,43,50,,
CHL,21,55,100,,
JBBL,16,29,930,,
NABIL,58,35,55,,
NABIL,6,35,500,,
NABIL,49,35,300,,
NABIL,22,35,10,,
NABIL,53,35,20,,
NABIL,42,35,10,,
NABIL,49,35,40,,
NABIL,49,35,20,,
UPPER,38,42,30,,
UPPER,38,6,70,,
HIDCL,47,42,867,,
HIDCL,11,42,133,,
SLI,34,52,10,,
SJCL,45,4,20,,
HIDCL,11,33,110,,
PRVU,57,1,300,,
JFL,38,48,20,,
NRN,21,56,100,,
NMBMF,43,55,50,,
NMBMF,14,55,50,,
SANIMA,57,35,20,,
SIGS2,11,35,1500,,
SANIMA,20,35,80,,
API,19,58,279,,
NLIC,3,17,20,,
UPPER,16,6,100,,
NCCB,51,14,300,,
CZBIL,21,14,50,,
CZBIL,1,14,350,,
HIDCL,11,47,257,,
UPPER,33,13,60,,
UPPER,16,13,500,,
UPPER,16,13,100,,
UPPER,55,13,20,,
UPPER,45,13,100,,
UPPER,36,13,150,,
UPPER,28,13,70,,
HIDCL,56,47,30,,
CHDC,6,14,10,,
CHDC,6,14,10,,
PPCL,34,54,70,,
NHPC,14,1,60,,
STC,34,26,10,,
MERO,28,42,205,,
MERO,41,42,10,,
MERO,21,42,200,,
MERO,20,42,20,,
MERO,21,42,100,,
MERO,40,42,5200,,
MERO,48,42,100,,
MERO,52,42,40,,
MERO,34,42,10,,
MERO,11,42,100,,
MERO,21,42,10,,
MERO,46,42,20,,
MERO,26,42,50,,
MERO,1,42,20,,
MERO,47,42,10,,
MERO,39,42,100,,
MERO,37,42,50,,
MERO,14,42,10,,
MERO,6,42,10,,
MERO,38,42,107,,
MERO,56,42,20,,
MERO,43,42,20,,
MERO,44,42,25,,
MERO,46,42,20,,
MERO,47,42,20,,
MERO,37,42,10,,
MERO,1,42,50,,
MERO,1,42,100,,
MERO,58,42,10,,
MERO,48,42,100,,
MERO,58,42,11,,
MERO,34,42,36,,
MERO,26,42,200,,
MERO,19,42,200,,
MERO,42,42,100,,
MERO,55,42,200,,
MERO,34,42,30,,
MERO,34,42,50,,
MERO,43,42,10,,
MERO,32,42,50,,
MERO,45,42,20,,
MERO,5,42,20,,
MERO,50,42,20,,
MERO,33,42,60,,
MERO,42,42,20,,
MERO,34,42,169,,
HIDCL,21,47,143,,
HIDCL,21,52,100,,
HIDCL,21,16,491,,
FMDBL,45,59,10,,
LBBL,45,47,100,,
NICLBSL,41,17,98,,
JBBL,51,29,100,,
MERO,58,54,10,,
NHPC,14,45,100,,
NHPC,45,45,200,,
KKHC,26,38,160,,
KSBBL,57,50,40,,
KSBBL,49,50,10,,
PMHPL,58,17,10,,
AKJCL,59,4,330,,
AKJCL,38,4,100,,
AKJCL,38,4,100,,
AKJCL,34,4,50,,
AKJCL,6,4,500,,
AKJCL,58,4,100,,
AKJCL,42,4,30,,
AKJCL,21,4,100,,
AKJCL,8,4,100,,
AKJCL,45,4,90,,
RADHI,58,33,211,,
KSBBL,3,43,240,,
NABIL,41,50,50,,
UNHPL,6,13,100,,
NIFRA,43,51,5,,
NIFRA,46,51,45,,
NICA,17,38,10,,
RADHI,17,33,189,,
ALBSL,32,45,10,,
MLBL,35,7,100,,
CLBSL,22,5,100,,
KBL,14,58,30,,
UPCL,38,5,150,,
UPPER,57,6,50,,
BARUN,52,29,16,,
BARUN,21,29,30,,
BARUN,34,29,50,,
BARUN,10,29,150,,
BARUN,8,29,54,,
KRBL,1,49,100,,
KRBL,1,49,400,,
SADBL,42,26,150,,
TPC,34,8,10,,
TPC,34,35,10,,
HIDCL,42,16,100,,
SWBBL,20,34,10,,
LBBL,49,47,10,,
LBBL,54,47,193,,
LBBL,39,47,200,,
LBBL,34,47,100,,
LBBL,21,47,200,,
LBBL,59,47,500,,
LBBL,26,47,100,,
LBBL,8,47,200,,
LBBL,18,47,100,,
LBBL,57,47,200,,
LBBL,16,47,50,,
LBBL,22,47,200,,
LBBL,37,47,432,,
LBBL,32,47,500,,
GBBL,39,14,10,,
CBBL,45,26,100,,
CCBL,16,34,1000,,
RSDC,45,49,104,,
KSBBL,22,57,250,,
UNHPL,53,22,10,,
UNHPL,53,21,70,,
UNHPL,53,58,20,,
RLI,35,26,10,,
NBF2,34,53,1000,,
NBF2,35,53,500,,
NBF2,52,53,1100,,
NBF2,29,53,10000,,
NBF2,19,53,4000,,
NBF2,58,53,5000,,
NBF2,57,53,1500,,
KKHC,26,22,160,,
NIFRA,46,33,20,,
UNHPL,45,58,10,,
GLH,20,45,10,,
CHL,57,47,50,,
PCBL,28,57,29,,
PCBL,28,25,40,,
PCBL,28,38,31,,
SANIMA,20,45,85,,
PFL,6,42,40,,
GBIME,29,25,70,,
GBIME,57,25,50,,
API,58,58,21,,
SRBL,6,40,1610,,
SRBL,10,40,1000,,
SRBL,41,40,1000,,
SRBL,43,40,390,,
MBL,32,8,170,,
MBL,22,8,130,,
SHINE,48,48,56,,
UPPER,36,6,30,,
ULI,43,21,10,,
AHPC,1,42,100,,
CZBIL,1,17,100,,
AKPL,45,58,20,,
NLIC,49,41,100,,
SANIMA,35,45,10,,
SANIMA,25,45,30,,
NLG,34,14,33,,
NLG,38,14,27,,
NICL,20,13,10,,
HIDCL,47,16,100,,
AKJCL,41,52,100,,
PFL,49,42,25,,
PFL,48,42,50,,
PFL,28,42,200,,
PFL,36,42,30,,
RADHI,58,57,50,,
GBIME,45,45,50,,
SLI,34,49,10,,
HIDCL,6,16,209,,
HIDCL,6,17,50,,
HIDCL,6,36,221,,
NHPC,14,25,175,,
SWBBL,58,34,10,,
SHPC,10,48,395,,
SHPC,20,48,145,,
TPC,43,49,10,,
NICLBSL,49,25,10,,
SKBBL,28,34,63,,
SKBBL,45,34,30,,
SKBBL,35,34,30,,
SKBBL,51,34,54,,
LBBL,37,48,68,,
LBBL,39,48,50,,
LBBL,45,48,500,,
LBBL,38,48,100,,
LBBL,53,48,100,,
LBBL,51,48,100,,
LBBL,57,48,1000,,
LBBL,42,48,100,,
LBBL,52,48,392,,
LBBL,33,48,90,,
LBBL,46,48,100,,
JFL,6,41,80,,
EBL,58,6,450,,
SADBL,42,21,100,,
SADBL,58,21,60,,
SADBL,58,21,10,,
SADBL,40,21,50,,
SADBL,38,21,60,,
SADBL,42,21,200,,
SADBL,11,21,50,,
SADBL,20,21,70,,
SAPDBL,7,57,50,,
SAPDBL,51,57,200,,
SAPDBL,4,57,50,,
SAPDBL,4,57,100,,
NHPC,52,25,30,,
NHPC,32,25,200,,
NHPC,16,25,95,,
HIDCL,35,36,10,,
ULI,39,58,40,,
ULI,39,38,40,,
JBLB,44,6,10,,
HIDCL,49,36,40,,
HIDCL,46,36,50,,
GBBL,38,34,39,,
GBBL,57,34,50,,
GBBL,14,34,11,,
BOKL,41,26,95,,
BOKL,58,26,25,,
NICA,17,26,100,,
NHPC,16,6,100,,
SRBL,43,38,600,,
CCBL,45,34,423,,
CCBL,58,34,10,,
CCBL,43,34,20,,
CCBL,56,34,47,,
NGPL,57,33,20,,
NABBC,11,43,20,,
SIL,40,29,100,,
UMHL,49,44,100,,
UMHL,34,44,300,,
UMHL,41,44,50,,
UMHL,21,44,50,,
UMHL,26,44,200,,
UMHL,59,44,50,,
UMHL,29,44,50,,
UMHL,43,44,50,,
UMHL,58,44,68,,
UMHL,44,44,200,,
UMHL,14,44,300,,
UMHL,40,44,400,,
UMHL,35,44,500,,
NICLBSL,49,53,60,,
NUBL,26,19,100,,
KPCL,16,44,200,,
SHINE,34,45,200,,
HIDCL,21,49,400,,
RADHI,17,35,120,,
CZBIL,21,17,100,,
SBL,21,29,100,,
NRIC,57,17,10,,
SBL,32,29,116,,
PRVU,57,5,20,,
GBIME,22,45,250,,
HIDCL,53,49,645,,
SABSL,58,38,10,,
SINDU,28,25,50,,
CHL,35,34,50,,
JLI,16,4,50,,
SPDL,34,45,55,,
OHL,48,4,108,,
OHL,4,4,500,,
OHL,21,4,100,,
OHL,8,4,292,,
GBLBS,34,42,20,,
HIDCL,32,42,20,,
GBIME,39,45,200,,
PMHPL,58,45,45,,
SBI,35,14,10,,
SAHAS,55,49,10,,
JLI,16,19,10,,
SAHAS,55,48,10,,
CCBL,56,21,350,,
CCBL,26,21,650,,
SINDU,28,6,100,,
AKPL,43,35,50,,
NLIC,51,43,20,,
SAPDBL,22,26,100,,
EBL,26,6,150,,
GHL,36,7,100,,
AKPL,34,35,100,,
CCBL,28,50,200,,
SANIMA,57,45,25,,
SANIMA,57,37,15,,
MLBL,54,7,200,,
SAHAS,55,17,10,,
CCBL,52,50,50,,
SJCL,45,4,150,,
RBCLPO,4,42,390,,
RBCLPO,17,42,50,,
RBCLPO,49,42,10,,
RBCLPO,56,42,10,,
RBCLPO,51,42,30,,
RBCLPO,59,42,20,,
RBCLPO,35,42,200,,
RBCLPO,39,42,10,,
RBCLPO,7,42,20,,
RBCLPO,26,42,30,,
RBCLPO,17,42,100,,
RBCLPO,59,42,20,,
RBCLPO,33,42,20,,
RBCLPO,7,42,10,,
RBCLPO,56,42,10,,
RBCLPO,42,42,30,,
RBCLPO,42,42,30,,
RBCLPO,6,42,10,,
JBBL,20,6,100,,
AKPL,50,35,250,,
AKPL,50,34,50,,
HIDCL,36,49,650,,
SHPC,47,56,50,,
LGIL,38,14,300,,
LGIL,35,14,400,,
GBIME,29,38,123,,
GBIME,41,38,77,,
NHDL,41,56,80,,
NHDL,14,56,20,,
CZBIL,21,54,50,,
MSLB,29,35,50,,
HURJA,39,54,20,,
PICL,17,29,100,,
SHPC,20,58,355,,
SHPC,42,58,50,,
SHPC,14,58,50,,
SHPC,13,58,50,,
SHPC,6,58,150,,
SHPC,28,58,50,,
SHPC,47,58,50,,
SHPC,8,58,1000,,
SHPC,26,58,15,,
SHPC,25,58,1000,,
SHPC,51,58,1000,,
SHPC,44,58,500,,
SHPC,33,58,500,,
SHPC,36,58,500,,
SHPC,16,58,2000,,
NHPC,19,34,275,,
NHPC,46,34,1000,,
NHPC,44,34,200,,
NHPC,34,34,100,,
NHPC,52,34,50,,
NHPC,17,34,190,,
PROFL,33,26,50,,
SLI,34,53,10,,
HIDCL,51,49,65,,
SHPC,51,56,1000,,
SHPC,38,56,30,,
BOKL,58,7,75,,
SAHAS,55,45,20,,
MLBS,47,40,10,,
BOKL,26,7,80,,
BOKL,14,7,20,,
NHPC,17,44,430,,
NHPC,13,44,270,,
RSDC,36,4,30,,
RSDC,32,4,70,,
HDHPC,45,17,50,,
HDHPC,45,42,50,,
UPPER,59,38,500,,
UMHL,5,42,600,,
CLBSL,43,14,20,,
NBL,22,45,3,,
NBL,38,45,20,,
HIDCL,43,49,150,,
NABIL,49,39,10,,
NABIL,54,39,100,,
NABIL,49,39,65,,
NABIL,25,39,30,,
NABIL,45,39,20,,
NABIL,25,39,24,,
NABIL,22,39,20,,
NABIL,21,39,10,,
NABIL,49,39,60,,
NABIL,45,39,80,,
NABIL,45,39,81,,
KBL,34,58,500,,
SICL,48,26,100,,
NIFRA,56,49,106,,
NIFRA,11,49,14,,
NIFRA,14,49,100,,
SLI,34,52,10,,
AKPL,39,42,10,,
HIDCL,28,49,50,,
UPPER,28,43,30,,
GBIME,25,45,150,,
UPPER,45,43,10,,
SLI,49,58,10,,
NBL,45,34,460,,
JBBL,20,48,300,,
GRDBL,14,57,50,,
SHIVM,38,32,10,,
GBBL,14,52,89,,
KBL,58,58,20,,
KBL,54,58,435,,
ICFC,8,6,150,,
GRDBL,47,57,19,,
JBBL,45,52,63,,
JBBL,45,46,40,,
JBBL,45,42,320,,
JBBL,45,45,23,,
JBBL,45,49,30,,
JBBL,45,51,24,,
EIC,55,6,70,,
NUBL,52,6,39,,
SFCL,3,34,10,,
LBBL,5,57,100,,
UPCL,50,47,565,,
UPCL,50,25,400,,
UPCL,50,14,235,,
GBIME,41,20,23,,
AKJCL,45,48,10,,
KRBL,49,21,50,,
PRVU,57,1,100,,
PRVU,57,4,400,,
PRVU,57,55,700,,
PRVU,57,4,500,,
PRVU,57,32,366,,
PRVU,57,47,580,,
NRN,6,54,10,,
MNBBL,55,38,1742,,
MNBBL,57,38,100,,
MNBBL,58,38,40,,
MNBBL,42,38,100,,
MNBBL,52,38,50,,
MNBBL,42,38,100,,
MNBBL,33,38,500,,
MNBBL,55,38,1448,,
MNBBL,54,38,100,,
MNBBL,13,38,20,,
MNBBL,26,38,20,,
MNBBL,17,38,100,,
MNBBL,42,38,25,,
MNBBL,14,38,100,,
MNBBL,34,38,300,,
MNBBL,35,38,700,,
MNBBL,57,38,20,,
MNBBL,55,38,30,,
MNBBL,10,38,50,,
MNBBL,59,38,100,,
MNBBL,25,38,100,,
MNBBL,32,38,10,,
MNBBL,7,38,20,,
MNBBL,22,38,90,,
SLI,34,34,30,,
KBL,54,35,65,,
KBL,5,35,75,,
JBBL,41,51,26,,
JBBL,41,36,24,,
NBB,48,28,20,,
SBI,35,38,100,,
SBI,6,38,900,,
PROFL,47,42,12,,
HIDCL,47,49,20,,
RLI,35,59,10,,
NGPL,38,25,150,,
NHPC,13,52,230,,
SGI,49,53,10,,
ULI,43,35,10,,
SAHAS,55,8,10,,
SAHAS,55,1,10,,
SAHAS,55,42,10,,
NLIC,56,17,17,,
NLIC,45,17,20,,
NLIC,4,17,26,,
SLICL,14,14,21,,
SLICL,26,14,100,,
SLICL,55,14,150,,
SLICL,51,14,421,,
HIDCL,36,49,15,,
HIDCL,36,58,70,,
HIDCL,36,45,300,,
HIDCL,36,58,115,,
DDBL,38,1,37,,
AKPL,39,34,400,,
GBBL,52,52,20,,
HIDCL,16,58,10,,
SFCL,3,34,10,,
SLBBL,17,35,26,,
PFL,45,42,15,,
PFL,34,42,10,,
KSBBL,49,45,90,,
NRIC,58,42,10000,,
NRIC,58,42,7009,,
NRIC,34,42,50,,
NRIC,1,42,50,,
NRIC,44,42,200,,
NRIC,49,42,100,,
NRIC,53,42,100,,
NRIC,57,42,29,,
NRIC,6,42,50,,
NRIC,29,42,50,,
NRIC,32,42,100,,
NRIC,45,42,50,,
NRIC,38,42,40,,
NRIC,19,42,200,,
NRIC,50,42,50,,
NRIC,44,42,200,,
NRIC,33,42,100,,
NRIC,1,42,50,,
NRIC,49,42,100,,
NRIC,35,42,350,,
SHPC,22,49,200,,
LEC,32,58,30,,
NUBL,26,17,15,,
NRIC,57,42,90,,
NRIC,53,42,1000,,
NRIC,48,42,200,,
NRIC,10,42,400,,
CHL,35,44,37,,
NRIC,49,42,200,,
CHL,58,44,25,,
NRIC,57,42,300,,
CHL,21,44,50,,
NRIC,41,42,500,,
CHL,16,44,50,,
NRIC,35,42,50,,
CHL,55,44,38,,
NRIC,38,42,200,,
CHL,57,44,50,,
NRIC,38,42,10,,
NRIC,58,42,500,,
NRIC,22,42,200,,
NRIC,57,42,300,,
NRIC,17,42,100,,
NRIC,53,42,50,,
NRIC,58,42,50,,
NRIC,33,42,100,,
NRIC,22,42,50,,
NRIC,57,42,100,,
NRIC,38,42,200,,
NRIC,28,42,1000,,
NRIC,43,42,100,,
NRIC,38,42,50,,
NRIC,6,42,200,,
NRIC,55,42,50,,
NRIC,57,42,100,,
NRIC,38,42,30,,
NRIC,34,42,100,,
NRIC,14,42,200,,
NRIC,21,42,10,,
NRIC,19,42,100,,
NRIC,28,42,150,,
NRIC,58,42,3000,,
NRIC,38,42,20,,
NRIC,17,42,1000,,
NRIC,25,42,50,,
NRIC,37,42,100,,
NRIC,45,42,100,,
NRIC,13,42,10,,
NRIC,55,42,140,,
NRIC,10,42,12,,
MFIL,42,29,20,,
NUBL,26,6,20,,
BFC,11,29,10,,
BFC,28,29,150,,
BFC,47,29,15,,
BFC,7,29,50,,
BFC,4,29,25,,
BFC,34,29,50,,
SBL,32,17,40,,
SICL,21,26,20,,
UMHL,11,42,400,,
BOKL,42,38,10,,
GIC,39,32,10,,
GIC,39,52,10,,
GIC,39,55,10,,
GIC,39,40,10,,
GIC,39,29,10,,
GIC,39,13,50,,
PROFL,33,34,141,,
SADBL,20,5,430,,
SADBL,39,5,50,,
SADBL,57,5,20,,
SWBBL,47,21,51,,
SWBBL,55,21,53,,
SWBBL,38,21,170,,
SMFBS,42,6,10,,
FOWAD,17,14,60,,
BFC,32,8,30,,
SSHL,5,22,70,,
SSHL,58,22,30,,
SSHL,16,22,20,,
NRN,6,48,10,,
PLI,34,13,100,,
GRDBL,47,29,81,,
SSHL,55,8,100,,
SICL,21,26,30,,
SICL,17,26,237,,
SICL,14,26,10,,
KBL,5,51,800,,
MERO,47,54,50,,
NIL,42,39,15,,
SIFC,21,48,50,,
GLICL,29,22,66,,
GLICL,35,22,24,,
AIL,1,36,285,,
API,49,54,26,,
API,4,54,27,,
UNHPL,33,26,134,,
GBIME,41,34,50,,
GBIME,32,34,50,,
API,4,58,20,,
API,4,45,100,,
API,4,41,20,,
NLICL,57,21,40,,
API,4,45,133,,
NICLBSL,49,17,30,,
NICLBSL,1,17,30,,
NICLBSL,5,17,20,,
UMRH,41,52,10,,
AKPL,46,6,100,,
MLBL,14,52,200,,
SKBBL,45,29,40,,
HDHPC,13,6,100,,
SAHAS,55,53,10,,
AHPC,1,19,30,,
SHINE,34,48,500,,
NUBL,26,8,208,,
NUBL,26,8,292,,
SHPC,19,49,10,,
HIDCL,38,58,150,,
GBBL,8,52,30,,
HDHPC,34,14,20,,
HDHPC,21,14,10,,
HDHPC,4,14,370,,
SFCL,3,3,30,,
LBL,46,32,50,,
LBL,29,32,20,,
LBL,21,32,50,,
LBL,25,32,30,,
LBL,18,32,250,,
LBL,14,32,200,,
LBL,59,32,100,,
JFL,36,41,50,,
JFL,26,41,20,,
JFL,14,41,200,,
JFL,45,41,100,,
SSHL,41,19,400,,
JFL,6,41,100,,
UPCL,53,26,50,,
UPCL,32,26,50,,
JLI,38,25,10,,
JLI,38,55,27,,
HDL,46,34,20,,
API,49,45,10,,
KBL,5,34,325,,
KBL,42,34,150,,
KBL,5,34,60,,
KBL,7,34,300,,
KBL,35,34,20,,
KBL,48,34,10,,
KBL,35,34,20,,
KBL,29,34,15,,
NHPC,42,52,100,,
NHPC,55,52,150,,
NHPC,17,52,520,,
NMB,58,21,200,,
NHPC,32,52,500,,
HIDCL,17,43,35,,
KSBBL,56,45,10,,
LEC,32,45,100,,
MHNL,28,56,100,,
SAHAS,55,58,10,,
NLIC,52,43,50,,
SAHAS,55,57,10,,
CHCL,6,14,250,,
AHPC,3,19,50,,
UNHPL,54,6,362,,
UNHPL,48,6,100,,
SAPDBL,22,42,100,,
NRN,21,56,500,,
NRN,19,56,10,,
NRN,17,56,20,,
NRN,53,56,90,,
PROFL,58,42,12,,
ULI,43,42,10,,
CCBL,26,22,1350,,
RMDC,26,14,100,,
CCBL,7,22,50,,
CCBL,25,22,600,,
AHPC,58,19,50,,
RHPL,26,4,40,,
SIL,6,38,17,,
MNBBL,22,26,110,,
MNBBL,22,26,25,,
MNBBL,50,26,50,,
MNBBL,54,26,100,,
MNBBL,53,26,100,,
MNBBL,57,26,20,,
MNBBL,42,26,100,,
SBI,6,54,100,,
NICA,42,29,40,,
NICA,42,38,60,,
MEGA,52,34,500,,
MKJC,34,43,10,,
SFCL,3,58,10,,
CZBIL,20,17,165,,
RLI,35,7,10,,
RLI,37,53,10,,
NGPL,13,42,200,,
NGPL,11,42,45,,
NGPL,45,42,200,,
NGPL,29,42,200,,
NGPL,21,42,50,,
NGPL,28,42,100,,
NGPL,53,42,10,,
NGPL,49,42,10,,
NGPL,59,42,200,,
NGPL,6,42,20,,
NGPL,59,42,50,,
NGPL,32,42,100,,
NGPL,34,42,50,,
NGPL,49,42,100,,
NGPL,36,42,50,,
NGPL,16,42,100,,
NGPL,26,42,50,,
NGPL,45,42,100,,
NGPL,14,42,100,,
NGPL,58,42,10000,,
NGPL,45,42,100,,
NGPL,33,42,300,,
NGPL,7,42,302,,
NGPL,44,42,50,,
NGPL,33,42,300,,
NGPL,59,42,300,,
NGPL,34,42,500,,
NGPL,20,42,50,,
NGPL,40,42,15,,
NGPL,42,42,10,,
NGPL,7,42,100,,
NGPL,58,42,200,,
NGPL,37,42,10,,
NGPL,22,42,60,,
NGPL,18,42,20,,
NGPL,57,42,20,,
NGPL,57,42,100,,
NGPL,6,42,10,,
NGPL,45,42,50,,
NGPL,57,42,50,,
NGPL,58,42,1000,,
NGPL,5,42,50,,
NGPL,48,42,20,,
NGPL,52,42,25,,
NGPL,29,42,10,,
NGPL,35,42,50,,
NGPL,58,42,1000,,
NGPL,45,42,50,,
NGPL,14,42,50,,
NGPL,3,42,500,,
NGPL,34,42,20,,
NGPL,13,42,100,,
NGPL,55,42,200,,
NGPL,3,42,50,,
NGPL,17,42,100,,
NGPL,38,42,50,,
NGPL,58,42,500,,
NGPL,45,42,30,,
NGPL,11,42,200,,
NGPL,28,42,100,,
NGPL,41,42,100,,
NGPL,41,42,200,,
NGPL,1,42,20,,
NGPL,58,42,500,,
NGPL,59,42,100,,
NGPL,11,42,50,,
NGPL,32,42,81,,
NGPL,33,42,20,,
NGPL,13,42,100,,
NGPL,49,42,110,,
ULI,39,57,390,,
GFCL,7,6,100,,
ALICL,28,34,20,,
ALICL,42,34,30,,
ALICL,35,34,100,,
ALICL,55,34,200,,
ALICL,7,34,50,,
ALICL,7,34,100,,
JBLB,21,4,10,,
SIFC,17,50,200,,
SHIVM,47,32,79,,
NABIL,45,1,20,,
DDBL,35,8,50,,
GHL,36,7,100,,
ICFC,8,1,20,,
AKPL,40,34,50,,
SHL,52,35,100,,
NUBL,26,53,115,,
NUBL,26,3,93,,
RHPL,36,38,280,,
RHPL,36,58,10,,
NGPL,13,58,400,,
NGPL,13,25,100,,
NBB,48,45,50,,
NBB,11,45,150,,
GBBL,33,52,61,,
GBBL,33,45,39,,
GRDBL,42,29,10,,
GRDBL,35,29,20,,
SLCF,28,51,500,,
PLI,44,53,10,,
SHINE,3,16,29,,
SHINE,35,16,154,,
SHINE,57,16,20,,
SHINE,41,16,50,,
SHINE,57,16,197,,
SHINE,14,16,50,,
KRBL,49,6,50,,
SHPC,19,49,500,,
SHPC,58,49,52,,
SHPC,26,49,33,,
SHPC,13,49,167,,
CZBIL,20,6,100,,
JFL,6,57,100,,
UPCL,50,14,265,,
UPCL,50,19,75,,
UPCL,50,5,660,,
KKHC,26,52,20,,
PFL,39,42,100,,
PFL,49,42,30,,
PRVU,57,47,20,,
PRVU,57,29,150,,
PRVU,57,5,30,,
AIL,49,36,10,,
MEGA,42,58,80,,
TPC,43,52,10,,
GMFIL,17,38,153,,
NICA,17,48,116,,
NICA,58,48,84,,
NICA,36,48,50,,
NICA,44,48,50,,
FOWAD,57,50,200,,
FOWAD,26,50,33,,
FOWAD,58,50,2000,,
FOWAD,49,50,20,,
FOWAD,54,50,19,,
FOWAD,48,50,90,,
FOWAD,26,50,10,,
FOWAD,51,50,10,,
FOWAD,19,50,200,,
FOWAD,58,50,500,,
FOWAD,36,50,200,,
FOWAD,41,50,200,,
FOWAD,36,50,279,,
GBBL,14,45,61,,
GBBL,14,57,89,,
GBBL,14,49,50,,
SLBBL,17,32,24,,
SLBBL,29,32,20,,
SLBBL,33,32,90,,
SLBBL,21,32,70,,
SINDU,28,51,50,,
NGPL,38,58,100,,
NGPL,38,42,100,,
UPPER,34,36,150,,
UPPER,34,45,50,,
NHPC,17,56,90,,
NIFRA,6,49,50,,
NIFRA,58,49,150,,
GFCL,45,49,190,,
MPFL,32,10,400,,
MPFL,32,52,120,,
MPFL,32,59,200,,
MPFL,32,6,50,,
GIC,39,13,110,,
NMB,42,10,118,,
NMB,45,10,20,,
NMB,48,10,100,,
NMB,45,10,100,,
NMB,45,10,100,,
NMB,10,10,30,,
SHPC,5,16,661,,
NMB,17,10,50,,
NMB,25,10,50,,
NMB,33,10,200,,
NMB,38,10,100,,
NMB,57,10,50,,
NMB,11,10,100,,
NMB,29,10,57,,
SLBSL,57,10,13,,
NMB,8,10,925,,
NLIC,4,6,34,,
NLIC,6,6,10,,
NLIC,37,6,10,,
NLIC,21,6,32,,
SHINE,41,34,30,,
MBL,22,36,70,,
MBL,39,36,25,,
MBL,50,36,200,,
MBL,36,36,10,,
MBL,38,36,45,,
NRN,53,53,10,,
KSBBL,56,57,90,,
GLICL,6,22,10,,
GLICL,6,49,50,,
NABIL,47,45,50,,
DDBL,35,56,40,,
MLBL,29,5,100,,
MLBL,3,5,250,,
MLBL,34,5,150,,
NABBC,57,48,30,,
NABBC,57,26,70,,
KBL,42,58,200,,
SHPC,5,58,39,,
API,14,45,20,,
SAHAS,55,45,10,,
GFCL,45,43,105,,
GFCL,4,43,100,,
GFCL,22,43,100,,
GFCL,58,43,175,,
GFCL,21,43,20,,
HIDCL,50,43,84,,
HIDCL,50,54,100,,
HIDCL,50,25,16,,
BOKL,42,47,50,,
AKPL,14,41,155,,
AKPL,49,41,20,,
AKPL,17,41,80,,
GMFIL,21,38,37,,
UPCL,34,5,50,,
UPCL,7,5,50,,
UPCL,45,5,500,,
UPCL,45,5,200,,
UPCL,59,5,1000,,
UPCL,34,5,100,,
UPCL,54,5,500,,
UPCL,33,5,100,,
UPCL,40,5,100,,
UPCL,45,5,10,,
UPCL,46,5,50,,
UPCL,54,5,100,,
UPCL,28,5,1000,,
UPCL,58,5,290,,
GBIME,42,45,25,,
KBL,17,29,2200,,
SHPC,38,58,700,,
GBIME,57,45,100,,
SLICL,51,34,79,,
SLICL,1,34,262,,
SLICL,11,34,50,,
SLICL,1,34,262,,
JLI,38,49,10,,
MLBS,44,19,20,,
GBIME,47,45,20,,
MHNL,28,4,30,,
PFL,57,48,30,,
MHNL,42,4,10,,
MHNL,7,4,50,,
MHNL,17,4,100,,
MHNL,32,4,390,,
HDHPC,4,13,780,,
HDHPC,14,13,100,,
HDHPC,44,13,70,,
HDHPC,48,13,50,,
PMHPL,58,45,50,,
RLFL,32,45,160,,
SKBBL,51,35,146,,
SKBBL,34,35,200,,
SKBBL,7,35,100,,
SKBBL,19,35,20,,
SKBBL,45,35,34,,
SADBL,57,6,100,,
LBBL,52,10,238,,
LBBL,38,10,25,,
LBBL,13,10,200,,
LBBL,34,10,50,,
LBBL,32,10,487,,
NLIC,21,17,40,,
AKPL,50,50,27,,
AKPL,50,42,13,,
MDB,50,52,300,,
GBIME,51,45,25,,
DHPL,58,45,20,,
GBIME,34,45,10,,
CMF1,4,21,4131,,
CMF1,41,21,5000,,
CMF1,58,21,600,,
CMF1,32,21,1500,,
CMF1,35,21,2000,,
SAHAS,55,35,10,,
CMF1,42,21,180,,
NGPL,35,42,400,,
RSDC,32,45,30,,
RSDC,29,45,100,,
RSDC,41,45,70,,
NGPL,35,33,100,,
NTC,44,1,20,,
AKPL,17,22,30,,
JBLB,47,51,10,,
NICLBSL,48,17,20,,
NMB,28,8,100,,
SANIMA,22,37,45,,
CCBL,16,26,119,,
BFC,32,49,100,,
KSBBL,57,49,154,,
KSBBL,54,49,146,,
GBIME,11,38,300,,
DDBL,35,45,10,,
UPCL,58,57,710,,
SIFC,17,6,65,,
ICFC,8,11,130,,
ICFC,28,11,100,,
ICFC,45,11,20,,
ICFC,58,11,200,,
ICFC,14,11,150,,
BOKL,26,13,20,,
MLBS,17,38,10,,
BFC,32,29,20,,
MEGA,14,58,346,,
ULI,17,57,20,,
ULI,29,57,90,,
UPCL,52,47,1000,,
ULI,29,3,10,,
ICFC,14,41,100,,
ICFC,28,41,100,,
UNL,13,7,10,,
MLBL,34,25,350,,
SGI,36,10,10,,
NMFBS,6,33,100,,
LBBL,32,39,13,,
PCBL,34,38,69,,
PCBL,34,34,31,,
HDHPC,48,35,50,,
SAHAS,55,1,10,,
KSBBL,54,16,354,,
KSBBL,57,16,46,,
KSBBL,54,16,100,,
NABIL,3,17,10,,
CLBSL,49,58,10,,
API,26,57,61,,
API,1,57,17,,
SPDL,17,57,100,,
SAPDBL,33,34,420,,
SGI,36,52,10,,
NICLBSL,28,53,10,,
GBIME,59,38,17,,
NTC,54,13,10,,
JBBL,51,36,150,,
CGH,7,11,10,,
JBBL,34,36,300,,
JBBL,6,36,300,,
JBBL,28,36,100,,
JBBL,14,36,50,,
API,1,41,33,,
API,1,58,50,,
NBL,57,45,20,,
HIDCL,32,34,70,,
HIDCL,16,34,100,,
HIDCL,29,34,130,,
NIFRA,11,10,36,,
NIFRA,45,10,14,,
NHPC,17,42,380,,
NHPC,10,42,200,,
NHPC,11,42,20,,
GBIME,34,42,190,,
UNHPL,49,48,50,,
API,26,4,990,,
API,53,4,40,,
HDHPC,17,49,500,,
SAHAS,55,51,10,,
SAHAS,55,1,10,,
SAHAS,55,32,60,,
SAHAS,55,58,10,,
KBL,34,49,25,,
GMFBS,34,17,31,,
GMFBS,43,17,25,,
EIC,55,45,300,,
PLI,44,4,10,,
AKJCL,45,45,220,,
AKJCL,45,39,80,,
SHL,51,22,100,,
TPC,43,54,100,,
JBLB,21,37,10,,
AKJCL,14,39,25,,
SIFC,57,6,10,,
KBL,34,17,52,,
NABIL,45,17,10,,
NABIL,38,17,13,,
NABIL,45,17,65,,
CHDC,17,53,10,,
RADHI,17,40,80,,
UPPER,59,35,125,,
UPPER,59,58,72,,
UPPER,59,41,100,,
UPPER,59,4,100,,
UPPER,59,38,290,,
NTC,54,52,35,,
NTC,58,52,770,,
MLBL,7,48,250,,
SAHAS,55,38,10,,
MLBL,48,33,24,,
AHPC,48,38,10,,
MNBBL,58,45,100,,
MNBBL,14,45,50,,
MNBBL,29,45,50,,
MNBBL,40,45,100,,
LBBL,14,39,37,,
RBCL,14,47,19,,
RBCL,16,47,10,,
RBCL,49,47,20,,
MEN,57,10,10,,
NABIL,54,8,50,,
KSBBL,32,57,10,,
UMHL,40,45,600,,
LBBL,14,58,50,,
STC,7,58,20,,
NGPL,49,26,70,,
SLCF,28,45,100,,
CCBL,25,34,500,,
NRIC,21,55,140,,
NRIC,21,4,10,,
JBLB,21,56,10,,
SAHAS,55,52,10,,
HPPL,50,45,285,,
HPPL,34,45,15,,
NGPL,45,26,100,,
RLI,37,48,10,,
JBBL,28,42,50,,
JBBL,21,42,50,,
IGI,52,45,10,,
GIC,39,13,260,,
GIC,39,45,10,,
MEGA,14,51,1000,,
AKJCL,21,39,100,,
HPPL,28,56,100,,
GFCL,21,45,180,,
GFCL,21,45,100,,
GFCL,56,45,20,,
GFCL,41,45,200,,
NBB,37,34,1000,,
MKJC,34,59,10,,
AKPL,14,16,35,,
AKPL,19,16,10,,
AKPL,45,16,155,,
PRIN,47,56,67,,
PPCL,14,29,10,,
HIDCL,26,42,100,,
OHL,8,41,10,,
SHINE,41,57,10,,
GHL,19,7,10,,
GHL,5,7,140,,
HDL,1,7,80,,
GHL,6,7,286,,
HDL,21,7,20,,
GBIME,16,42,50,,
LBBL,32,4,405,,
LBBL,32,56,95,,
SLI,34,45,10,,
HIDCL,38,1,1000,,
LBBL,14,41,213,,
RADHI,17,35,61,,
LBBL,13,41,37,,
RADHI,17,6,50,,
NGPL,49,26,10,,
HIDCL,11,25,10,,
KSBBL,17,57,20,,
ULI,29,11,50,,
UPCL,1,47,25,,
KSBBL,34,57,50,,
UIC,28,4,300,,
LEC,6,7,130,,
SPDL,45,57,44,,
AHPC,32,45,200,,
CCBL,39,26,10,,
SAHAS,55,21,10,,
JFL,56,48,18,,
JFL,43,48,50,,
JFL,52,48,100,,
JFL,22,48,32,,
JFL,22,48,68,,
JFL,8,48,82,,
JFL,32,48,50,,
API,34,41,200,,
NRIC,38,4,30,,
FOWAD,36,39,21,,
MHNL,14,47,40,,
MHNL,14,58,460,,
RLFL,32,48,35,,
KKHC,20,8,70,,
AKJCL,38,39,25,,
SINDU,58,34,38,,
UNHPL,33,26,30,,
UMHL,41,32,50,,
SBL,57,32,100,,
HIDCL,11,25,20,,
MDB,45,46,80,,
AKJCL,45,39,100,,
MDB,21,46,20,,
MLBL,41,48,250,,
SJCL,45,41,40,,
SJCL,45,4,30,,
NICA,45,38,40,,
NICA,45,17,10,,
NGPL,45,26,100,,
CCBL,25,34,300,,
CCBL,28,34,200,,
SRBL,43,17,10,,
NICLBSL,28,17,20,,
NUBL,35,33,12,,
NUBL,57,33,10,,
NUBL,39,33,200,,
NUBL,54,33,100,,
NUBL,42,33,30,,
NUBL,57,33,148,,
NICLBSL,42,44,50,,
NABBC,29,26,50,,
BPCL,17,17,40,,
ACLBSL,38,58,14,,
ACLBSL,38,56,10,,
AKPL,4,42,200,,
BFC,32,7,50,,
API,34,41,467,,
NRIC,38,35,20,,
API,34,58,33,,
HIDCL,44,34,116,,
HIDCL,44,1,584,,
PCBL,21,57,480,,
PCBL,21,57,30,,
RHPL,26,52,150,,
AKPL,45,47,45,,
AKPL,59,47,55,,
MHNL,47,58,100,,
NMB,8,6,50,,
HPPL,34,38,485,,
NBL,45,49,80,,
NBL,34,49,20,,
NUBL,40,54,20,,
MFIL,52,5,190,,
MFIL,37,5,50,,
MFIL,55,5,10,,
MFIL,36,5,50,,
GBIME,8,11,217,,
MLBL,1,48,500,,
UPPER,57,38,50,,
AHPC,32,45,226,,
AHPC,13,45,10,,
AHPC,48,45,200,,
AHPC,33,45,50,,
AHPC,41,45,30,,
AHPC,33,45,200,,
AHPC,28,45,20,,
AHPC,58,45,100,,
AHPC,35,45,100,,
AHPC,45,45,50,,
AHPC,55,45,200,,
AHPC,45,45,100,,
AHPC,6,45,50,,
AHPC,17,45,100,,
AHPC,22,45,50,,
AHPC,21,45,500,,
AHPC,34,45,10,,
AHPC,7,45,115,,
AHPC,16,45,1000,,
AHPC,26,45,100,,
AHPC,52,45,100,,
AHPC,47,45,500,,
AHPC,13,45,30,,
AHPC,41,45,50,,
AHPC,34,45,101,,
AHPC,52,45,120,,
AHPC,43,45,30,,
AHPC,45,45,150,,
AHPC,7,45,500,,
AHPC,16,45,1000,,
AHPC,52,45,310,,
AHPC,16,45,500,,
SLBBL,33,45,10,,
AHPC,17,45,150,,
AHPC,54,45,150,,
SLBBL,26,45,10,,
AHPC,34,45,98,,
SLBBL,14,45,180,,
UPCL,41,47,200,,
UPCL,16,47,50,,
UPCL,52,47,20,,
UPCL,25,47,100,,
UPCL,13,47,50,,
UPCL,46,47,20,,
UPCL,36,47,150,,
UPCL,18,47,10,,
UPCL,45,47,30,,
UPCL,52,47,10,,
UPCL,26,47,210,,
UPCL,53,47,100,,
UPCL,11,47,500,,
UPCL,45,47,10,,
UPCL,21,47,50,,
UPCL,14,47,50,,
UPCL,28,47,50,,
UPCL,17,47,500,,
UPCL,21,47,500,,
HIDCL,58,1,10,,
NICLBSL,42,48,10,,
HIDCL,26,1,200,,
SHINE,41,57,50,,
SHINE,32,57,100,,
JLI,16,38,400,,
STC,56,56,10,,
PCBL,50,34,27,,
PCBL,50,51,40,,
AKPL,50,42,17,,
AKPL,41,42,312,,
RURU,37,38,11,,
API,53,41,260,,
NABIL,57,34,50,,
MNBBL,14,26,100,,
NGPL,33,26,200,,
CHDC,17,4,891,,
CHDC,44,4,50,,
CHDC,7,4,50,,
CHDC,14,4,10,,
CHDC,4,4,90,,
CHDC,17,4,20,,
CHDC,14,4,100,,
MEGA,14,42,11,,
BOKL,42,42,100,,
NGPL,38,26,10,,
AKJCL,53,39,40,,
BARUN,8,21,200,,
SICL,17,50,13,,
HIDCL,59,1,206,,
SKBBL,45,35,16,,
SKBBL,58,35,16,,
SKBBL,45,35,15,,
SKBBL,8,35,30,,
SKBBL,26,35,28,,
SKBBL,29,35,10,,
SKBBL,58,35,10,,
SKBBL,7,35,10,,
SKBBL,50,35,15,,
SAHAS,55,58,10,,
HIDCL,59,6,500,,
RLFL,32,35,251,,
RLFL,48,35,20,,
RLFL,38,35,310,,
RLFL,59,35,500,,
RLFL,49,35,100,,
RLFL,52,35,100,,
RLFL,34,35,50,,
RLFL,43,35,30,,
SABSL,58,22,35,,
NIFRA,42,33,10,,
AKPL,41,51,78,,
HIDCL,59,49,294,,
HIDCL,21,49,50,,
HIDCL,8,49,111,,
HIDCL,59,49,10,,
HIDCL,39,49,36,,
UPCL,50,57,100,,
UPPER,11,38,200,,
MLBL,48,38,300,,
MLBL,58,38,100,,
MLBL,55,38,100,,
MLBSL,28,57,10,,
SAHAS,59,32,100,,
AKJCL,53,49,460,,
AKJCL,38,49,110,,
GLH,47,58,10,,
API,50,41,100,,
API,48,41,100,,
SICL,17,50,187,,
SICL,17,46,63,,
BFC,28,7,50,,
KPCL,34,38,50,,
HIDCL,39,45,64,,
HIDCL,49,45,11,,
SLCF,33,51,600,,
MBL,38,53,455,,
MBL,37,53,20,,
MBL,32,53,500,,
MBL,35,53,13,,
NBB,37,1,81,,
MHNL,49,58,100,,
UNHPL,52,26,36,,
FMDBL,56,58,10,,
ULI,29,11,150,,
ULI,51,11,50,,
SPDL,34,49,110,,
NMB,8,4,25,,
NMB,49,4,21,,
NMB,58,4,40,,
PSF,42,36,1000,,
GBIME,8,17,250,,
AKJCL,38,43,250,,
UMHL,45,37,100,,
UMHL,45,42,100,,
UMHL,45,58,50,,
UMHL,45,49,30,,
GRDBL,11,45,50,,
AIL,1,38,93,,
AIL,1,49,70,,
AIL,1,50,50,,
AIL,1,38,37,,
CBBL,56,26,20,,
NRIC,50,55,30,,
HIDCL,45,25,30,,
NICLBSL,42,58,33,,
NICLBSL,35,58,100,,
NICLBSL,40,58,230,,
GBIME,8,11,318,,
NRIC,36,45,10,,
NMB,37,56,100,,
UPCL,44,57,190,,
AKPL,41,29,65,,
GHL,6,52,84,,
NTC,58,38,200,,
CCBL,52,26,71,,
GBBL,58,57,870,,
GBBL,59,57,1000,,
GBBL,39,57,50,,
GBBL,13,57,200,,
GBBL,25,57,100,,
GBBL,D01,57,455,,
GBBL,52,57,25,,
GMFIL,21,6,50,,
NGPL,6,26,10,,
GBLBS,34,38,40,,
GLH,47,58,15,,
SHL,8,22,400,,
SHL,8,4,100,,
AKJCL,38,57,50,,
SLI,34,48,10,,
SLBBL,14,43,20,,
SLBBL,52,43,10,,
NHPC,16,58,100,,
NICA,32,17,10,,
HPPL,55,38,165,,
AKPL,7,39,43,,
AKPL,7,39,602,,
AKPL,7,32,200,,
ICFC,28,41,100,,
GRDBL,11,45,450,,
GRDBL,7,45,50,,
NABBC,32,26,20,,
RADHI,17,6,300,,
RADHI,17,21,50,,
RADHI,17,6,650,,
GHL,36,7,100,,
GLH,6,58,50,,
GLH,51,58,100,,
GLH,58,58,20,,
GLH,21,58,10,,
EBL,1,57,85,,
EBL,13,57,32,,
PFL,6,14,20,,
SLI,52,54,10,,
NIFRA,45,58,50,,
NIFRA,34,36,10,,
NIFRA,14,36,200,,
NIFRA,11,36,100,,
NIFRA,59,36,50,,
NIFRA,8,36,50,,
NIFRA,28,36,50,,
NIFRA,43,36,50,,
NIFRA,1,36,470,,
NIFRA,53,36,30,,
NIFRA,45,36,100,,
NIFRA,13,36,50,,
NIFRA,14,36,100,,
NIFRA,41,36,50,,
NIFRA,58,36,30,,
NIFRA,37,36,200,,
NIFRA,43,36,100,,
NIFRA,4,36,230,,
NIFRA,28,36,200,,
NIFRA,42,36,100,,
NIFRA,49,36,80,,
NIFRA,41,36,15,,
NIFRA,7,36,17,,
NLICL,59,47,13,,
AKPL,41,48,45,,
JBLB,55,33,80,,
HIDCL,49,28,64,,
NIFRA,57,36,58,,
NIFRA,37,36,500,,
NIFRA,40,36,25,,
NIFRA,58,36,55,,
NIFRA,5,36,20,,
NIFRA,4,36,50,,
NIFRA,38,36,10,,
AKPL,57,48,165,,
AKPL,57,58,149,,
AKPL,57,34,186,,
CHCL,42,14,81,,
CHCL,42,59,419,,
MERO,34,17,10,,
GFCL,39,49,10,,
SRBL,45,17,50,,
SRBL,38,17,71,,
NHPC,32,49,500,,
NTC,45,49,10,,
NBB,22,17,100,,
NLICL,50,25,479,,
SKBBL,50,57,35,,
SKBBL,11,57,30,,
GFCL,26,6,50,,
RADHI,28,6,100,,
GFCL,45,6,50,,
SBL,32,56,144,,
SAHAS,55,45,10,,
NMB,8,1,99,,
PRVU,48,5,50,,
GLH,21,56,90,,
GLH,44,56,10,,
NTC,18,45,100,,
NTC,18,38,50,,
SJCL,16,3,10,,
LBBL,14,56,100,,
SAHAS,55,44,10,,
SIGS2,16,35,500,,
API,45,45,7994,,
API,48,45,100,,
API,17,45,208,,
API,58,45,100,,
API,13,45,200,,
API,48,45,3000,,
API,35,45,100,,
API,58,45,50,,
API,45,45,50,,
API,55,45,30,,
API,32,45,100,,
UPPER,33,38,260,,
HIDCL,32,59,8,,
HIDCL,32,51,42,,
UPPER,33,3,50,,
PPCL,28,44,100,,
SBL,28,56,10,,
BARUN,8,43,100,,
GBLBS,34,49,27,,
SBL,11,49,300,,
HIDCL,33,51,10,,
NHPC,16,59,300,,
NUBL,57,8,36,,
AKJCL,45,45,20,,
SAHAS,55,52,10,,
RADHI,21,6,35,,
HIDCL,5,51,20,,
AKJCL,51,56,25,,
AKJCL,58,56,32,,
AKJCL,32,56,100,,
AKJCL,58,56,100,,
AKJCL,11,56,40,,
AKJCL,45,56,300,,
AKJCL,57,56,300,,
AKJCL,55,56,10,,
AKJCL,51,56,10,,
AKJCL,38,56,65,,
NIFRA,43,51,50,,
PCBL,38,51,10,,
CBL,50,51,342,,
CBL,50,45,18,,
CBL,50,43,140,,
NABIL,11,14,50,,
CIT,51,40,51,,
CIT,39,40,40,,
CIT,28,40,20,,
CIT,39,40,10,,
CIT,42,40,50,,
CIT,45,40,29,,
SHINE,33,57,70,,
SHINE,33,1,30,,
NCCB,44,34,100,,
SADBL,20,17,96,,
FMDBL,56,55,100,,
UPPER,33,22,190,,
UPPER,33,22,310,,
NIFRA,7,4,13,,
NIFRA,57,4,37,,
SRBL,38,41,1000,,
SAPDBL,33,35,50,,
SAPDBL,34,35,150,,
JBBL,49,38,100,,
RMF1,58,5,200,,
SHPC,51,58,1000,,
SHPC,51,58,500,,
SHPC,57,58,215,,
SHPC,21,58,880,,
SHPC,19,58,200,,
SHPC,58,58,16,,
SHPC,45,58,250,,
LBBL,13,57,13,,
LBBL,39,57,10,,
CMF1,57,21,400,,
UPCL,44,42,65,,
UPCL,25,42,185,,
AKPL,14,59,90,,
AKPL,18,59,30,,
AKPL,42,59,50,,
AKPL,50,59,30,,
KEF,47,45,100,,
MFIL,55,29,35,,
SRBL,38,5,55,,
AKPL,50,42,25,,
NLIC,19,45,19,,
HIDCL,41,51,30,,
HIDCL,19,51,50,,
HIDCL,26,51,10,,
HIDCL,11,51,38,,
RLFL,5,34,100,,
NIFRA,58,22,10,,
HIDCL,46,25,234,,
HIDCL,46,58,30,,
HIDCL,46,35,100,,
HIDCL,46,21,136,,
LBBL,21,56,100,,
PRVU,48,38,110,,
NICL,41,54,14,,
PRVU,38,38,40,,
KKHC,20,51,30,,
KKHC,50,51,10,,
KKHC,20,51,100,,
KKHC,28,51,10,,
NRN,43,13,10,,
SHPC,45,39,250,,
SHPC,54,39,250,,
SRBL,38,45,500,,
ADBL,14,38,100,,
MLBL,48,39,200,,
DDBL,35,45,100,,
RLFL,5,42,50,,
SAHAS,55,38,10,,
NRIC,58,42,2991,,
NRIC,45,42,100,,
NRIC,38,42,20,,
NRIC,1,42,10,,
NRIC,53,42,100,,
NRIC,39,42,50,,
AKJCL,33,45,100,,
SRBL,38,17,40,,
ULI,22,38,10,,
PCBL,38,45,190,,
ULI,19,38,50,,
PCBL,57,45,20,,
ULI,33,38,50,,
PCBL,45,45,25,,
ULI,33,38,50,,
PCBL,45,45,100,,
PCBL,36,45,65,,
SLI,34,57,10,,
NRIC,41,42,66,,
NRIC,10,42,100,,
NRIC,28,42,40,,
NRIC,38,42,10,,
NRIC,45,42,100,,
NRIC,44,42,40,,
NRIC,14,42,400,,
NRIC,47,42,100,,
NRIC,34,42,50,,
NRIC,14,42,100,,
NRIC,32,42,20,,
NRIC,38,42,100,,
NRIC,58,42,10000,,
NRIC,11,42,25,,
NRIC,45,42,100,,
NRIC,49,42,1000,,
NRIC,14,42,100,,
NRIC,35,42,50,,
NRIC,8,42,55,,
NRIC,59,42,20,,
NRIC,44,42,50,,
NRIC,29,42,20,,
AKPL,34,42,30,,
NRIC,14,42,100,,
NRIC,53,42,200,,
NRIC,53,42,20,,
NRIC,44,42,100,,
NRIC,56,42,150,,
NRIC,34,42,20,,
NRIC,14,42,400,,
NRIC,29,42,250,,
NRIC,42,42,350,,
NRIC,33,42,250,,
NRIC,35,42,50,,
NRIC,56,42,100,,
NRIC,6,42,100,,
NRIC,29,42,50,,
NRIC,38,42,10,,
NRIC,32,42,500,,
NRIC,40,42,100,,
NRIC,56,42,20,,
NRIC,26,42,200,,
NRIC,44,42,200,,
NRIC,46,42,50,,
NRIC,37,42,100,,
NRIC,57,42,50,,
NRIC,39,42,200,,
NRIC,36,42,50,,
NRIC,38,42,200,,
NRIC,48,42,75,,
NRIC,47,42,60,,
NRIC,34,42,20,,
NRIC,1,42,50,,
NRIC,45,42,40,,
NRIC,58,42,100,,
NRIC,28,42,500,,
NRIC,45,42,100,,
NRIC,43,42,50,,
NRIC,45,42,50,,
NRIC,40,42,25,,
NRIC,7,42,50,,
NRIC,20,42,50,,
NRIC,26,42,15,,
NRIC,16,42,50,,
NRIC,6,42,100,,
NRIC,52,42,200,,
NRIC,34,42,50,,
NRIC,48,42,200,,
NRIC,47,42,50,,
NRIC,1,42,50,,
NRIC,45,42,10,,
NRIC,49,42,365,,
NRIC,33,42,100,,
NRIC,1,42,50,,
NRIC,50,42,100,,
NRIC,47,42,50,,
NRIC,44,42,100,,
NRIC,41,42,150,,
NRIC,14,42,220,,
NRIC,41,42,50,,
NRIC,41,42,30,,
NRIC,45,42,250,,
NRIC,41,42,50,,
NRIC,33,42,500,,
NRIC,57,42,20,,
NRIC,38,42,20,,
NRIC,38,42,50,,
NRIC,21,42,50,,
NRIC,13,42,200,,
NRIC,59,42,100,,
NRIC,36,42,300,,
NRIC,34,42,33,,
NRIC,14,42,110,,
NRIC,19,42,50,,
NRIC,35,42,10,,
NRIC,18,42,100,,
NRIC,7,42,200,,
NRIC,33,42,100,,
NRIC,58,42,10,,
NRIC,34,42,100,,
IGI,1,38,15,,
ICFC,29,21,100,,
ICFC,17,21,100,,
NMBMF,43,1,10,,
NMBMF,34,1,20,,
NMBMF,5,1,10,,
NMBMF,54,1,40,,
HIDCL,28,21,64,,
TPC,43,1,10,,
SHPC,54,4,200,,
NABBC,41,26,10,,
SHPC,54,48,50,,
BFC,45,45,50,,
BFC,59,45,10,,
BFC,26,45,20,,
SAHAS,55,57,100,,
NHPC,17,1,390,,
NIFRA,38,22,20,,
PCBL,36,5,63,,
PLI,52,49,10,,
SABSL,52,22,24,,
SABSL,52,52,36,,
GBIME,25,1,20,,
ULI,16,52,10,,
SPDL,34,35,244,,
SPDL,8,35,100,,
SPDL,49,35,56,,
SPDL,8,35,100,,
LEC,32,50,400,,
AKJCL,38,45,135,,
AKJCL,21,45,50,,
AKJCL,54,45,115,,
HDHPC,44,45,130,,
HDHPC,41,45,70,,
UNHPL,52,3,64,,
UNHPL,34,3,10,,
NRIC,43,55,96,,
NRIC,1,55,170,,
GHL,6,42,200,,
NUBL,7,8,64,,
NUBL,7,59,36,,
RADHI,38,6,50,,
PRVU,54,38,50,,
AIL,44,6,10,,
MMFDB,53,7,10,,
MMFDB,35,7,37,,
MMFDB,7,7,25,,
MMFDB,50,7,100,,
MMFDB,49,7,15,,
MMFDB,29,7,100,,
MMFDB,40,7,50,,
MMFDB,13,7,63,,
GBIME,8,45,1000,,
RURU,34,38,25,,
RURU,41,38,14,,
HPPL,52,38,100,,
NRIC,1,1,30,,
CHDC,5,59,11,,
CHDC,5,58,10,,
EBL,13,4,168,,
EBL,42,4,500,,
EBL,34,4,50,,
EBL,54,4,30,,
EBL,57,4,11,,
EBL,25,4,95,,
EBL,57,4,100,,
EBL,48,4,90,,
EBL,17,4,10,,
EBL,45,4,500,,
EBL,32,4,50,,
EBL,45,4,500,,
EBL,48,4,10,,
EBL,45,4,100,,
EBL,5,4,50,,
EBL,14,4,300,,
EBL,56,4,50,,
EBL,52,4,50,,
EBL,19,4,10,,
EBL,58,4,10,,
EBL,19,4,20,,
EBL,5,4,10,,
EBL,49,4,50,,
NHPC,59,1,10,,
SRBL,38,29,1000,,
AHPC,14,38,734,,
AHPC,14,14,25,,
AHPC,14,20,140,,
SAHAS,55,1,10,,
SAHAS,55,1,20,,
SAHAS,55,1,25,,
SDLBSL,59,56,26,,
SDLBSL,45,56,10,,
SDLBSL,16,56,10,,
SDLBSL,42,56,30,,
HDL,21,41,30,,
HDL,50,41,10,,
HDL,17,41,10,,
JBLB,21,16,10,,
MKLB,51,35,10,,
HIDCL,58,43,100,,
NBL,45,26,200,,
NBL,45,1,210,,
AKPL,26,42,100,,
AKPL,14,42,295,,
AKPL,13,42,50,,
GBIME,8,38,100,,
PRVU,14,58,500,,
ICFC,4,42,90,,
ULI,4,52,750,,
CCBL,52,5,10,,
SLI,34,25,10,,
HDHPC,21,49,200,,
AKPL,34,34,100,,
RMDC,38,25,50,,
NICLBSL,41,4,10,,
PRVU,58,38,100,,
UPCL,25,58,50,,
SRBL,38,38,600,,
BOKL,6,43,50,,
PMHPL,58,49,752,,
PMHPL,22,49,200,,
PMHPL,8,49,48,,
CORBL,50,41,50,,
SHINE,57,7,25,,
SHINE,57,58,448,,
ICFC,4,39,10,,
ICFC,17,39,190,,
NLIC,34,26,50,,
KBL,34,47,23,,
AKPL,52,34,10,,
KBL,35,47,20,,
KBL,59,47,59,,
LEC,32,14,20,,
UMHL,49,49,40,,
UMHL,16,49,30,,
LBBL,38,38,43,,
NICA,17,16,25,,
NICA,28,16,222,,
NICA,17,16,10,,
HPPL,22,38,50,,
HIDCL,11,56,142,,
HIDCL,57,46,50,,
HIDCL,57,58,100,,
RLFL,34,42,50,,
PROFL,36,42,10,,
NICL,41,13,86,,
NICL,28,13,64,,
NBL,45,1,25,,
UPPER,33,57,190,,
UPPER,41,57,10,,
UPPER,16,57,100,,
MFIL,26,29,50,,
NCCB,46,38,10,,
AKPL,14,10,90,,
SHIVM,57,17,16,,
NUBL,57,34,16,,
NUBL,6,34,10,,
API,55,58,70,,
NBB,37,29,919,,
NBB,D01,29,81,,
NIFRA,34,57,499,,
SICL,34,53,100,,
SBL,36,56,46,,
LBBL,26,38,50,,
LBBL,26,41,50,,
NHPC,21,1,500,,
NABIL,11,59,100,,
NABIL,11,34,50,,
GBIME,8,56,20,,
SHINE,38,58,20,,
LEC,32,6,123,,
MLBS,17,6,10,,
LEC,1,6,50,,
LEC,4,6,27,,
RADHI,45,52,35,,
RADHI,33,52,165,,
SLI,34,19,10,,
BARUN,8,56,50,,
LBBL,52,39,700,,
CZBIL,38,57,50,,
UPCL,25,34,50,,
PROFL,36,52,90,,
UMHL,16,4,20,,
NBL,45,4,58,,
UMHL,13,4,180,,
NBL,58,4,43,,
NTC,58,28,1000,,
SAHAS,55,19,10,,
CBL,40,41,10,,
MLBS,17,45,40,,
JOSHI,41,56,75,,
KPCL,34,17,20,,
KPCL,52,17,80,,
UPPER,34,16,30,,
MEGA,14,28,43,,
SAHAS,34,1,25,,
LEC,4,49,50,,
JBLB,55,58,10,,
CLBSL,32,58,10,,
CLBSL,57,58,26,,
NUBL,11,59,10,,
NUBL,52,59,10,,
NUBL,4,59,50,,
SAHAS,55,48,10,,
NHPC,43,1,50,,
PCBL,36,34,657,,
PCBL,19,34,25,,
PCBL,6,34,150,,
PCBL,54,34,40,,
PCBL,4,34,50,,
PCBL,14,34,100,,
PCBL,33,34,978,,
SRBL,38,55,200,,
MEGA,14,57,100,,
SJCL,16,42,20,,
NRIC,43,57,19,,
AKPL,34,34,15,,
AKPL,34,34,85,,
HDHPC,7,56,10,,
HDHPC,21,56,10,,
HDHPC,29,56,80,,
HDHPC,32,56,100,,
HDHPC,58,56,200,,
HDHPC,16,56,200,,
HDHPC,26,56,50,,
HDHPC,25,56,200,,
HDHPC,28,56,690,,
HDHPC,4,56,50,,
HDHPC,58,56,20,,
HDHPC,45,56,100,,
HDHPC,11,56,85,,
HDHPC,52,56,40,,
HDHPC,28,56,35,,
UPCL,25,41,215,,
UPCL,37,41,25,,
UPCL,53,41,260,,
SAHAS,55,57,10,,
PRIN,47,57,120,,
NIFRA,46,57,50,,
GBBL,D01,45,110,,
HDHPC,41,56,130,,
MFIL,55,29,30,,
STC,22,56,10,,
SRBL,38,46,1221,,
NRN,17,46,100,,
SINDU,58,57,50,,
SHPC,7,34,100,,
LEC,11,50,30,,
CZBIL,19,57,20,,
CZBIL,58,57,100,,
SAHAS,55,52,10,,
CFCL,45,45,18,,
CFCL,17,1,400,,
BARUN,11,56,50,,
SBL,36,14,110,,
NHPC,41,1,50,,
ICFC,17,29,110,,
AKJCL,54,51,385,,
AKJCL,45,51,30,,
AKJCL,17,51,500,,
AKJCL,36,51,85,,
GBIME,21,25,100,,
GBIME,46,25,100,,
SJCL,16,58,40,,
NRIC,43,45,70,,
NRIC,43,53,15,,
MNBBL,29,45,50,,
MNBBL,58,45,50,,
MLBL,46,57,185,,
MLBL,5,57,500,,
MLBL,19,57,50,,
MLBL,28,57,1000,,
MLBL,38,57,40,,
MLBL,18,57,20,,
MLBL,51,57,100,,
MLBL,11,57,10,,
MLBL,54,57,100,,
MLBL,16,57,10,,
MLBL,10,57,68,,
MLBL,35,57,500,,
MLBL,29,57,132,,
MLBL,22,57,50,,
MLBL,38,57,100,,
MLBL,29,57,50,,
MLBL,1,57,20,,
MLBL,48,57,395,,
MLBL,59,57,20,,
MLBL,37,57,100,,
NICA,25,16,651,,
AHPC,52,20,10,,
HPPL,53,38,50,,
CLBSL,57,59,54,,
HDL,25,50,50,,
HDL,42,50,550,,
HDL,38,50,20,,
HDL,42,50,50,,
HDL,53,50,50,,
RHPL,49,57,100,,
RHPL,41,57,50,,
RHPL,53,57,60,,
NLIC,21,57,28,,
RHPL,14,57,240,,
UIC,28,39,30,,
UIC,32,39,300,,
UIC,57,39,100,,
UIC,33,39,1000,,
UIC,55,39,100,,
UIC,39,39,200,,
UIC,39,39,100,,
UIC,28,39,170,,
ALBSL,8,6,12,,
SPDL,36,20,100,,
HIDCL,50,28,500,,
HIDCL,21,28,166,,
HIDCL,21,49,834,,
JBBL,54,49,25,,
SKBBL,50,35,150,,
SHEL,47,43,10,,
SHEL,47,58,10,,
SHEL,47,7,10,,
SHEL,47,58,10,,
SHEL,47,58,10,,
MFIL,55,29,30,,
JBLB,55,21,10,,
NICA,57,14,100,,
SBL,36,59,200,,
SBL,36,45,444,,
SDLBSL,51,26,20,,
NUBL,41,59,65,,
PMHPL,8,21,30,,
SHEL,26,5,10,,
SHEL,3,5,90,,
PRIN,47,57,10,,
PRIN,21,57,200,,
CHDC,4,57,10,,
PRIN,10,57,170,,
API,51,49,100,,
NLIC,1,26,35,,
NLIC,1,57,45,,
GIC,19,25,10,,
SHIVM,45,57,50,,
RADHI,33,58,35,,
GBBL,D01,58,100,,
CBL,40,42,50,,
GLICL,35,34,976,,
GLICL,33,34,24,,
ULI,4,45,10,,
SLCF,42,51,900,,
SHINE,35,6,100,,
MLBS,17,35,10,,
NIFRA,41,57,10,,
NMBMF,28,14,244,,
NMBMF,43,14,30,,
GBBL,D01,49,200,,
CZBIL,58,22,100,,
GBLBS,34,17,268,,
GBLBS,57,17,30,,
GBLBS,26,17,20,,
GBLBS,16,17,50,,
GBLBS,4,17,450,,
GBLBS,46,17,50,,
GBLBS,49,17,132,,
HIDCL,17,49,60,,
SABSL,34,51,1,,
TRH,50,1,40,,
NTC,58,58,30,,
SHEL,43,58,10,,
NABIL,16,22,10,,
HIDCL,51,49,100,,
HIDCL,33,49,10,,
HIDCL,57,49,31,,
UPCL,53,13,40,,
UPCL,38,13,50,,
UPCL,34,13,50,,
UPCL,26,13,10,,
UPCL,36,13,10,,
UPCL,8,13,10,,
UPCL,4,13,90,,
NCCB,51,38,40,,
KPCL,6,32,120,,
KPCL,6,41,180,,
SJCL,16,35,40,,
LEC,32,50,470,,
PFL,35,14,10,,
PFL,56,14,50,,
PFL,59,14,70,,
PFL,53,14,50,,
KPCL,42,41,180,,
KPCL,36,41,30,,
KPCL,34,41,20,,
KPCL,44,41,50,,
SHINE,35,4,30,,
NIFRA,57,57,13,,
NIFRA,40,57,37,,
UMHL,13,21,20,,
UMHL,13,21,50,,
SEF,16,4,1000,,
UMHL,33,32,100,,
JBBL,44,49,50,,
SLBBL,34,45,100,,
DHPL,45,28,20,,
DHPL,34,28,10,,
DHPL,14,28,150,,
DHPL,52,28,290,,
SWBBL,38,11,30,,
HIDCL,57,55,40,,
MFIL,50,29,300,,
GIC,19,48,10,,
NHPC,52,48,100,,
NHPC,52,48,100,,
NHPC,49,48,100,,
NHPC,45,48,100,,
NHPC,57,48,100,,
NHPC,57,48,100,,
UPPER,56,16,20,,
GFCL,56,59,110,,
NBL,17,1,20,,
UPPER,34,16,50,,
NLIC,6,57,105,,
CHDC,18,4,10,,
CHDC,18,26,190,,
ULI,4,45,200,,
CBBL,34,29,10,,
CBBL,43,29,10,,
CBBL,49,29,30,,
NICA,25,25,59,,
EBL,56,43,35,,
SFCL,19,42,500,,
SFCL,25,42,500,,
MLBL,48,17,30,,
MLBL,44,17,20,,
AHPC,14,26,101,,
OHL,5,34,50,,
NGPL,7,42,9698,,
NGPL,56,42,400,,
NGPL,25,42,50,,
NGPL,29,42,100,,
NGPL,59,42,70,,
NGPL,48,42,100,,
NGPL,6,42,2000,,
NGPL,34,42,200,,
NGPL,38,42,20,,
NGPL,54,42,10,,
NGPL,7,42,100,,
NGPL,38,42,40,,
NGPL,4,42,200,,
NGPL,35,42,500,,
NGPL,55,42,20,,
NGPL,21,42,75,,
NGPL,36,42,50,,
NGPL,21,42,700,,
NGPL,58,42,1000,,
NGPL,51,42,30,,
NGPL,38,42,100,,
NGPL,14,42,20,,
NGPL,46,42,500,,
NGPL,50,42,100,,
NGPL,8,42,50,,
NGPL,45,42,250,,
NGPL,58,42,40,,
NGPL,32,42,50,,
NGPL,41,42,200,,
NGPL,55,42,270,,
NGPL,14,42,100,,
NGPL,25,42,100,,
NGPL,38,42,50,,
NGPL,38,42,100,,
NGPL,34,42,100,,
NGPL,28,42,430,,
NGPL,38,42,100,,
NGPL,25,42,150,,
NGPL,20,42,100,,
NGPL,57,42,150,,
NGPL,1,42,300,,
NGPL,57,42,100,,
NGPL,6,42,13,,
NGPL,53,42,10,,
NGPL,49,42,200,,
NGPL,45,42,1000,,
NGPL,55,42,100,,
NGPL,28,42,500,,
NGPL,58,42,1000,,
NGPL,32,42,100,,
NGPL,58,42,150,,
NGPL,19,42,100,,
NGPL,29,42,50,,
NGPL,29,42,100,,
NGPL,49,42,200,,
NGPL,33,42,100,,
NGPL,29,42,100,,
NGPL,36,42,100,,
NGPL,32,42,300,,
NGPL,57,42,500,,
NGPL,26,42,10,,
NGPL,34,42,100,,
NGPL,43,42,162,,
NGPL,45,42,50,,
NGPL,41,42,250,,
NGPL,44,42,20,,
NGPL,26,42,50,,
NGPL,19,42,50,,
NGPL,16,42,100,,
NGPL,3,42,458,,
NGPL,29,42,20,,
NCCB,28,57,10,,
NGPL,45,42,50,,
NGPL,57,42,34,,
NCCB,41,57,40,,
NGPL,11,42,50,,
NCCB,42,57,50,,
NGPL,32,42,100,,
NGPL,55,42,20,,
NGPL,55,42,80,,
NGPL,28,42,50,,
UPPER,58,43,390,,
UPPER,58,44,60,,
UPPER,58,45,50,,
CLBSL,57,58,20,,
NBL,58,14,100,,
BFC,6,37,40,,
JBLB,32,21,10,,
NHPC,57,34,200,,
NHPC,25,34,300,,
NMB,36,45,160,,
NMB,36,46,90,,
MBL,35,32,70,,
SDLBSL,20,56,24,,
PPCL,28,42,500,,
GBIME,8,34,10,,
HDHPC,49,49,50,,
ADBL,48,22,60,,
NIFRA,42,57,15,,
LBBL,52,39,670,,
LBBL,48,39,400,,
LBBL,14,39,10,,
LBBL,29,39,20,,
API,35,41,500,,
API,59,41,200,,
NUBL,42,59,19,,
NUBL,42,19,81,,
GBBL,D01,45,135,,
GBBL,17,45,65,,
AHPC,34,41,282,,
AHPC,34,39,440,,
AHPC,34,56,180,,
UMHL,26,32,178,,
SLBBL,17,45,50,,
SLBBL,42,45,20,,
SLBBL,19,45,10,,
SLBBL,44,45,10,,
SLBBL,28,45,20,,
SLBBL,50,45,100,,
SLBBL,10,45,20,,
SLBBL,53,45,20,,
NBB,38,17,50,,
SLBBL,41,45,113,,
NBB,41,17,500,,
SLBBL,28,45,20,,
NBB,28,17,50,,
NBB,58,17,100,,
NBB,5,17,20,,
NBB,40,17,450,,
NBB,57,17,100,,
NBB,54,17,200,,
NBB,46,17,100,,
NBB,43,17,100,,
NBB,58,17,20,,
NBB,10,17,836,,
NICA,25,58,200,,
SLBBL,14,45,17,,
SLBBL,45,45,100,,
NIFRA,40,57,10,,
NIFRA,43,57,100,,
RMDC,38,53,50,,
JSLBB,35,4,40,,
JSLBB,20,4,35,,
JSLBB,19,4,10,,
SAHAS,55,1,50,,
SAHAS,55,45,10,,
RADHI,45,35,45,,
LEC,32,57,500,,
MERO,34,57,11,,
SHEL,43,21,10,,
MNBBL,45,26,20,,
CFCL,45,7,32,,
SSHL,57,51,100,,
LBBL,38,56,100,,
NLIC,19,45,10,,
NLIC,22,45,21,,
UPPER,1,16,607,,
UPPER,59,16,500,,
UPPER,16,16,27,,
UPPER,8,16,1000,,
UPPER,57,16,366,,
MDB,51,56,80,,
KRBL,46,29,100,,
SICL,57,45,30,,
SICL,50,45,10,,
RMDC,28,53,50,,
GBIME,58,1,10,,
GBIME,42,1,200,,
GBIME,36,1,100,,
GBIME,22,1,50,,
GBIME,38,1,10,,
GBIME,40,1,980,,
GBIME,41,1,49,,
LEC,19,7,20,,
CHL,55,41,11,,
JLI,16,44,290,,
JLI,17,44,10,,
NABIL,3,22,10,,
NABIL,3,57,10,,
SPDL,49,41,144,,
SPDL,33,41,500,,
SPDL,19,41,100,,
SPDL,38,41,50,,
SPDL,29,41,20,,
SPDL,38,41,186,,
CBBL,49,21,10,,
NABIL,34,22,50,,
RHPL,14,56,150,,
API,59,49,126,,
API,59,56,100,,
HPPL,52,38,50,,
HPPL,7,38,100,,
GMFIL,21,45,13,,
GMFIL,49,45,25,,
GMFIL,3,45,62,,
SHINE,34,58,200,,
UNHPL,36,3,10,,
SAHAS,55,21,10,,
SHINE,38,58,30,,
CBL,32,44,200,,
NIFRA,5,57,120,,
PCBL,26,42,100,,
PCBL,22,42,10,,
PCBL,34,42,100,,
PCBL,35,42,50,,
PCBL,54,42,20,,
PCBL,18,42,40,,
PCBL,46,42,10,,
PCBL,26,42,60,,
KBL,59,42,31,,
KBL,1,42,10,,
KBL,41,42,20,,
KBL,28,42,380,,
AKPL,14,45,79,,
AKPL,46,45,10,,
AKPL,25,45,500,,
AKPL,7,45,85,,
AKPL,5,45,100,,
AKPL,14,45,20,,
AKPL,35,45,55,,
AKPL,14,45,300,,
AKPL,56,45,61,,
NHPC,25,45,100,,
PCBL,33,42,22,,
PCBL,7,42,20,,
PCBL,51,42,40,,
PCBL,34,42,100,,
PCBL,34,42,100,,
PCBL,8,42,30,,
AKPL,14,48,536,,
PCBL,42,42,18,,
PCBL,45,42,50,,
PCBL,45,42,200,,
PCBL,56,42,427,,
SSHL,41,39,340,,
SSHL,41,43,10,,
SSHL,41,19,150,,
JBBL,13,49,60,,
JBBL,13,51,80,,
HGI,10,35,10,,
HDL,46,44,13,,
PFL,59,43,50,,
GLH,34,42,18,,
GLH,17,42,100,,
GLH,42,42,500,,
GLH,13,42,150,,
GLH,34,42,500,,
GLH,19,42,100,,
GLH,38,42,160,,
GLH,14,42,150,,
GLH,51,42,12,,
GLH,44,42,200,,
GLH,18,42,50,,
GLH,59,42,40,,
GLH,42,42,500,,
GLH,21,42,20,,
GLH,41,42,50,,
GLH,34,42,100,,
GLH,45,42,20,,
GLH,32,42,300,,
GLH,52,42,30,,
GLH,8,42,10,,
GLH,28,42,500,,
GLH,42,42,200,,
GLH,57,42,100,,
GLH,52,42,50,,
GLH,19,42,400,,
GLH,21,42,10,,
GLH,45,42,100,,
GLH,6,42,200,,
GLH,1,42,50,,
GLH,17,42,30,,
GLH,59,42,90,,
GLH,38,42,30,,
GLH,3,42,200,,
GLH,50,42,200,,
GLH,52,42,25,,
GLH,45,42,15,,
GLH,6,42,200,,
GLH,21,42,100,,
GLH,14,42,1000,,
GLH,43,42,20,,
GLH,36,42,30,,
NUBL,54,19,20,,
GLH,55,42,100,,
NUBL,42,19,50,,
GLH,7,42,30,,
NUBL,42,19,50,,
GLH,1,42,100,,
NUBL,28,19,32,,
GLH,33,42,100,,
NUBL,57,19,167,,
GLH,14,42,10,,
NUBL,11,19,100,,
GLH,16,42,200,,
GLH,22,42,30,,
GLH,28,42,10,,
GLH,57,42,500,,
GLH,1,42,200,,
GLH,49,42,20,,
GLH,28,42,50,,
GLH,35,42,500,,
GLH,59,42,100,,
GLH,49,42,100,,
GLH,48,42,100,,
GLH,47,42,80,,
GLH,57,42,50,,
GLH,14,42,100,,
GLH,21,42,20,,
GLH,14,42,40,,
NGPL,55,33,90,,
NGPL,55,49,10,,
SHINE,57,58,100,,
SHINE,51,58,10,,
SHINE,57,58,24,,
PLI,44,52,10,,
NGPL,6,25,100,,
PROFL,36,7,300,,
NUBL,34,59,10,,
AKPL,56,45,439,,
AKPL,32,45,61,,
MLBL,48,56,130,,
MLBL,51,56,20,,
JBBL,45,51,20,,
NTC,58,6,50,,
AKPL,32,38,39,,
AKPL,51,38,161,,
NICGF,28,4,1000,,
HIDCL,57,28,200,,
CCBL,52,6,19,,
CCBL,17,6,41,,
PROFL,36,52,100,,
GRDBL,7,25,50,,
RADHI,45,43,32,,
NLIC,52,26,200,,
NHPC,1,48,500,,
GBIME,42,38,100,,
CIT,45,6,21,,
UMHL,26,44,22,,
UMHL,6,44,400,,
UMHL,16,44,78,,
JBBL,45,38,110,,
JBBL,16,38,100,,
JBBL,54,38,40,,
MLBL,48,57,25,,
SKBBL,7,28,290,,
SKBBL,34,28,200,,
SKBBL,36,28,10,,
SAHAS,55,52,10,,
SPDL,38,21,100,,
GILB,21,58,12,,
MLBS,17,59,10,,
MNBBL,57,26,100,,
JBBL,54,57,50,,
JBLB,32,21,10,,
AKJCL,36,32,120,,
ADBL,6,22,40,,
ADBL,6,49,60,,
SIL,6,34,46,,
NBB,10,36,81,,
NBB,25,36,55,,
NBB,32,36,864,,
AKJCL,36,13,15,,
NHPC,25,22,100,,
MLBS,17,52,10,,
SAPDBL,34,36,150,,
MLBL,1,38,40,,
SPDL,38,37,10,,
SPDL,8,37,100,,
API,3,49,300,,
TPC,43,6,10,,
RMDC,57,49,10,,
RMDC,52,49,10,,
UMHL,16,57,22,,
UMHL,56,57,300,,
UMHL,17,57,100,,
UMHL,38,57,50,,
UMHL,57,57,178,,
JLI,49,55,43,,
SLI,34,45,10,,
ULI,4,25,10,,
SAHAS,55,34,10,,
UPCL,4,20,10,,
UPCL,26,20,90,,
AKPL,51,47,11,,
MNBBL,58,58,47,,
SIL,44,49,1819,,
SIL,41,49,50,,
SIL,59,49,200,,
SIL,44,49,100,,
SIL,48,49,100,,
SIL,5,49,50,,
SIL,53,49,10,,
SIL,38,49,60,,
SIL,25,49,50,,
SIL,44,49,1640,,
SIL,51,49,10,,
SIL,36,49,276,,
SAHAS,55,19,10,,
GBIME,41,1,31,,
SIL,42,49,60,,
SIL,50,49,15,,
SIL,33,49,10,,
SIL,17,49,50,,
SAHAS,38,21,10,,
CBL,4,49,496,,
CHL,57,55,50,,
HDL,16,46,15,,
GBIME,40,14,20,,
NRIC,32,53,25,,
BPCL,34,38,100,,
NHPC,1,42,20,,
NHPC,59,42,50,,
UMRH,41,21,10,,
NLICL,34,25,200,,
NLICL,43,25,30,,
NLICL,43,25,10,,
AKJCL,36,45,250,,
NLICL,46,25,200,,
NLICL,1,25,10,,
AKJCL,14,45,200,,
NLICL,58,25,11,,
NLICL,32,25,10,,
NLICL,17,25,50,,
MBL,35,32,17,,
MBL,22,32,15,,
MBL,56,32,550,,
MBL,56,32,618,,
API,38,6,300,,
LBBL,13,56,105,,
NIFRA,49,42,20,,
NIFRA,5,42,10,,
NIFRA,13,42,50,,
NIFRA,21,42,10,,
NIFRA,35,42,900,,
NIFRA,58,42,10,,
NIFRA,49,42,300,,
NIFRA,41,42,200,,
NIFRA,58,42,100,,
NIFRA,41,42,20,,
NIFRA,56,42,1567,,
NIFRA,1,42,50,,
NIFRA,26,42,10,,
NIFRA,53,42,200,,
NIFRA,17,42,10,,
NIFRA,38,42,200,,
NIFRA,51,42,100,,
NIFRA,6,42,350,,
NIFRA,34,42,30,,
NIFRA,43,42,500,,
NIFRA,26,42,10,,
NIFRA,21,42,30,,
NIFRA,39,42,100,,
NIFRA,45,42,30,,
NIFRA,47,42,50,,
NIFRA,55,42,175,,
ULI,54,4,10,,
SRBL,38,14,120,,
NMB,19,46,10,,
NIFRA,55,42,80,,
NIFRA,57,42,100,,
NIFRA,19,42,100,,
PRVU,48,42,137,,
NIFRA,39,42,270,,
NIFRA,13,57,10,,
HIDCL,58,28,50,,
NIFRA,39,3,20,,
ADBL,38,49,100,,
RADHI,38,43,28,,
MLBS,20,19,50,,
RADHI,34,43,300,,
RADHI,47,43,100,,
NRIC,7,28,86,,
NRIC,32,28,13,,
SMFDB,52,11,79,,
SMFDB,36,11,50,,
SMFDB,19,11,30,,
NRIC,32,42,38,,
GBLBS,49,16,168,,
GBLBS,10,16,20,,
GBLBS,22,16,10,,
NIFRA,39,52,30,,
JBBL,54,58,30,,
JBBL,22,58,150,,
JBBL,21,58,50,,
ICFC,28,29,100,,
JFL,8,53,118,,
JFL,39,53,10,,
JFL,4,53,69,,
JFL,43,53,20,,
JFL,29,53,33,,
PROFL,56,26,40,,
LBBL,18,44,100,,
SICL,50,58,70,,
NBB,32,17,10,,
LBBL,13,34,30,,
GLH,26,53,40,,
BFC,51,40,50,,
JBBL,49,39,200,,
JBBL,1,39,100,,
SWBBL,20,34,10,,
UMHL,32,57,50,,
KSBBL,47,56,180,,
NBL,39,1,45,,
HIDCL,38,28,20,,
SWBBL,38,34,100,,
SHL,8,22,1952,,
SHL,37,22,100,,
SHL,17,22,500,,
SHL,49,22,148,,
SHL,19,22,100,,
SHL,46,22,500,,
SHL,32,22,200,,
SHL,8,22,500,,
SHL,8,22,2000,,
PMHPL,8,13,52,,
PMHPL,42,13,20,,
GBIME,34,51,8,,
GBIME,34,49,42,,
GBIME,36,49,503,,
GBIME,58,49,50,,
GBIME,51,49,275,,
GBIME,51,49,130,,
AKPL,51,57,28,,
AKPL,28,57,100,,
NMFBS,21,7,40,,
CCBL,20,17,50,,
CCBL,20,49,1710,,
GBBL,17,32,35,,
API,38,58,200,,
GLBSL,17,17,10,,
RLFL,38,8,190,,
UMHL,54,57,50,,
RLFL,57,8,500,,
RLFL,57,8,500,,
RLFL,38,8,500,,
RLFL,49,8,100,,
RLFL,32,8,50,,
HURJA,38,42,50,,
HURJA,56,42,200,,
HURJA,52,42,20,,
HURJA,7,42,30,,
HURJA,17,42,125,,
HURJA,38,42,50,,
HURJA,45,42,500,,
HURJA,32,42,50,,
HURJA,3,42,300,,
HURJA,48,42,10,,
HURJA,39,42,100,,
HURJA,48,42,500,,
HURJA,29,42,50,,
HURJA,51,42,100,,
HURJA,34,42,25,,
HURJA,3,42,10,,
HURJA,17,42,245,,
JBLB,32,46,10,,
AKPL,28,4,100,,
CHDC,56,26,10,,
UIC,28,35,330,,
UIC,33,35,70,,
LBBL,13,14,20,,
GBBL,8,32,15,,
GBBL,49,32,10,,
HURJA,3,42,435,,
SWBBL,49,34,50,,
PCBL,57,57,51,,
PCBL,55,57,200,,
PCBL,28,57,30,,
PCBL,41,57,10,,
RHPL,14,35,80,,
SAHAS,38,58,10,,
BOKL,14,38,44,,
SAHAS,38,42,10,,
BOKL,14,38,156,,
HIDCL,57,48,129,,
HIDCL,49,48,100,,
HIDCL,55,48,50,,
HIDCL,26,48,100,,
HIDCL,41,48,10,,
HIDCL,20,48,65,,
HIDCL,22,48,300,,
HIDCL,45,48,10,,
HIDCL,44,48,30,,
HIDCL,21,48,58,,
HIDCL,22,48,100,,
HIDCL,49,48,50,,
HIDCL,38,48,10,,
HIDCL,56,48,830,,
HIDCL,57,48,30,,
HIDCL,41,48,110,,
HIDCL,48,48,300,,
HIDCL,1,48,500,,
HIDCL,36,48,150,,
HIDCL,19,48,99,,
HIDCL,32,48,100,,
HIDCL,6,48,150,,
HIDCL,38,48,100,,
HIDCL,21,48,40,,
HIDCL,45,48,35,,
HIDCL,46,48,40,,
HIDCL,34,48,130,,
HIDCL,7,48,100,,
HIDCL,14,48,60,,
HIDCL,52,48,50,,
HIDCL,45,48,100,,
HIDCL,44,48,486,,
HIDCL,46,48,139,,
HIDCL,26,48,100,,
HIDCL,57,48,319,,
HIDCL,48,48,20,,
GLICL,14,45,54,,
NICA,25,16,90,,
NRIC,32,51,49,,
NICA,17,38,10,,
SDLBSL,20,44,15,,
SIFC,13,14,220,,
SIFC,13,57,80,,
NICL,28,37,42,,
UPCL,26,56,100,,
ULI,54,58,10,,
ULI,54,32,100,,
ULI,54,28,10,,
ULI,54,44,10,,
ULI,54,57,10,,
SANIMA,42,57,20,,
GFCL,42,59,10,,
PRIN,10,48,30,,
PRIN,13,48,70,,
LGIL,35,57,600,,
MLBS,17,58,10,,
AKPL,17,34,200,,
GBBL,8,29,85,,
GBBL,1,29,35,,
SKBBL,42,29,50,,
TPC,43,35,230,,
TPC,41,35,100,,
TPC,10,35,100,,
TPC,44,35,30,,
TPC,14,35,190,,
TPC,3,35,190,,
TPC,3,35,80,,
NHPC,1,41,100,,
NHPC,37,41,400,,
UPCL,13,21,29,,
NMFBS,13,7,50,,
SBI,6,50,424,,
SBI,6,41,50,,
SBI,6,57,33,,
SBI,6,36,70,,
SBI,6,39,11,,
SBI,6,7,10,,
SBI,6,56,200,,
SBI,6,57,202,,
GRDBL,41,29,30,,
MLBL,48,56,20,,
KSBBL,57,4,100,,
KSBBL,57,56,54,,
CLBSL,32,16,50,,
NABIL,47,1,20,,
MNBBL,58,56,23,,
SAHAS,38,53,10,,
PPCL,41,7,40,,
PPCL,14,7,100,,
PPCL,29,7,90,,
NBL,39,7,30,,
PPCL,28,7,10,,
RADHI,42,35,100,,
RADHI,26,35,50,,
RADHI,14,35,30,,
RADHI,25,35,50,,
RADHI,37,35,25,,
AKPL,44,54,100,,
GLICL,14,11,200,,
RADHI,26,6,10,,
HDHPC,28,49,70,,
GBIME,28,1,100,,
UPPER,57,8,34,,
GBBL,1,6,30,,
SPDL,38,56,104,,
SPDL,45,56,300,,
HDL,25,56,20,,
SPDL,33,56,625,,
CFCL,32,58,10,,
UMHL,57,38,300,,
UMHL,38,38,100,,
KSBBL,34,34,20,,
CHL,33,55,50,,
MLBL,56,56,200,,
CHDC,58,26,10,,
HIDCL,48,58,280,,
HIDCL,21,58,100,,
HIDCL,22,58,100,,
HIDCL,14,58,20,,
NBB,29,34,450,,
NBB,43,34,40,,
NHPC,37,22,100,,
SFCL,47,38,100,,
NFS,40,46,220,,
NFS,40,45,280,,
AKJCL,36,38,30,,
MNBBL,28,26,35,,
RMDC,38,6,50,,
NIFRA,39,29,180,,
NIFRA,1,29,20,,
NIFRA,57,29,20,,
BPCL,34,42,100,,
CBBL,49,56,10,,
CBBL,20,56,200,,
CBBL,36,56,10,,
CBBL,41,56,30,,
CBBL,7,56,50,,
CBBL,34,56,100,,
CBBL,48,56,50,,
CBBL,54,56,50,,
NUBL,57,38,83,,
NUBL,44,38,100,,
NUBL,39,38,12,,
SGI,36,48,10,,
NUBL,37,38,100,,
NUBL,3,38,10,,
NUBL,14,38,100,,
NUBL,48,38,79,,
NUBL,25,38,38,,
NUBL,28,38,10,,
NUBL,45,38,10,,
AKPL,44,58,100,,
NUBL,58,38,25,,
NUBL,50,38,160,,
SPDL,33,58,300,,
NUBL,44,38,34,,
NUBL,6,38,100,,
NUBL,52,38,20,,
NUBL,57,38,21,,
NUBL,4,38,200,,
NUBL,57,38,10,,
NUBL,34,38,15,,
NUBL,16,38,100,,
NUBL,35,38,10,,
NUBL,37,38,100,,
NUBL,37,38,100,,
NUBL,21,38,255,,
NUBL,52,38,100,,
NUBL,44,38,100,,
NUBL,28,38,20,,
NUBL,33,38,78,,
NUBL,59,38,10,,
UMRH,1,16,20,,
PFL,59,16,70,,
NABIL,47,17,30,,
API,34,49,200,,
GBBL,57,57,100,,
SPDL,41,19,250,,
SPDL,41,52,150,,
NUBL,41,6,10,,
OHL,8,4,198,,
OHL,10,4,153,,
OHL,7,4,149,,
SPDL,33,44,20,,
CBL,50,44,500,,
SPDL,52,52,150,,
SPDL,52,44,50,,
NLIC,43,26,30,,
LBL,28,29,40,,
GBIME,45,1,469,,
SLI,34,21,10,,
MLBS,38,38,10,,
PLI,56,49,20,,
SMB,22,50,30,,
SMB,56,50,12,,
SMB,17,50,10,,
SMB,47,50,10,,
SMB,1,50,10,,
SIFC,26,57,100,,
NRN,53,40,200,,
HURJA,17,34,100,,
MLBS,20,19,40,,
MLBS,20,35,10,,
NICA,14,16,20,,
MLBL,49,56,80,,
CHCL,28,59,100,,
HIDCL,26,13,100,,
MLBL,42,56,200,,
JLI,49,58,10,,
NHDL,39,44,15,,
PFL,4,14,100,,
PFL,4,41,50,,
SRBL,38,49,24,,
AKPL,35,34,200,,
MNBBL,58,17,100,,
LBBL,55,4,50,,
LBBL,48,4,1000,,
AHPC,52,4,110,,
LBBL,26,4,100,,
NABIL,44,38,11,,
NABIL,49,38,10,,
BFC,28,57,992,,
BFC,26,57,10,,
BFC,58,57,10,,
BFC,19,57,150,,
BFC,16,57,20,,
BFC,38,57,40,,
BFC,11,57,10,,
BFC,49,57,40,,
BFC,26,57,100,,
BFC,45,57,28,,
BFC,48,57,100,,
JFL,29,5,67,,
JFL,41,5,23,,
GLICL,14,51,166,,
SANIMA,42,57,274,,
SANIMA,42,57,96,,
SAHAS,55,52,10,,
MEGA,19,4,121,,
MLBL,21,38,10,,
NHPC,1,56,315,,
NHPC,28,56,85,,
NHPC,53,56,100,,
TRH,50,49,100,,
NICL,28,34,194,,
NLIC,38,26,35,,
CHL,57,46,100,,
GLICL,14,8,100,,
NRIC,21,51,16,,
GBBL,1,25,235,,
GBBL,4,25,100,,
GBBL,58,25,165,,
GBIME,45,17,151,,
NHPC,28,32,415,,
NHPC,34,32,75,,
GRDBL,58,29,10,,
NBL,10,45,108,,
RLFL,58,48,100,,
RLFL,34,48,50,,
RLFL,33,48,300,,
RLFL,56,48,150,,
SLI,58,54,10,,
SPDL,45,44,200,,
KSBBL,34,45,100,,
JBBL,45,14,10,,
CFCL,19,7,20,,
KSBBL,49,56,300,,
GBIME,38,38,200,,
NMFBS,34,33,30,,
NMFBS,32,33,60,,
SHEL,47,49,70,,
UNHPL,45,21,10,,
UNHPL,58,21,10,,
UNHPL,22,21,10,,
SSHL,57,7,10,,
SRBL,38,45,602,,
SRBL,58,45,30,,
SRBL,35,45,50,,
SRBL,29,45,318,,
SPDL,33,49,30,,
NTC,45,42,1803,,
NTC,45,42,200,,
NTC,19,42,200,,
NTC,14,42,300,,
NTC,48,42,100,,
NTC,48,42,50,,
NTC,58,42,50,,
NTC,42,42,200,,
NTC,32,42,500,,
NTC,19,42,100,,
NTC,3,42,200,,
NTC,38,42,20,,
NTC,47,42,100,,
NTC,58,42,10000,,
NTC,19,42,200,,
NTC,25,42,100,,
NTC,21,42,80,,
NTC,43,42,100,,
NTC,57,42,10,,
NTC,57,42,100,,
NTC,33,42,50,,
NTC,58,42,10,,
NTC,35,42,10,,
NTC,29,42,25,,
NTC,45,42,20,,
NTC,40,42,100,,
NTC,53,42,100,,
NTC,59,42,500,,
NTC,40,42,100,,
NTC,51,42,10,,
NTC,59,42,300,,
NTC,29,42,20,,
NTC,39,42,15,,
NTC,26,42,10,,
NTC,58,42,20,,
NTC,47,42,100,,
NTC,39,42,50,,
NTC,59,42,1000,,
EIC,35,6,30,,
NTC,35,42,10,,
EIC,14,6,46,,
NTC,19,42,180,,
NTC,34,42,10,,
NTC,54,42,42,,
NTC,42,42,500,,
NTC,45,42,100,,
NTC,49,42,1000,,
NTC,19,42,100,,
PCBL,43,34,14,,
API,39,49,20,,
BPCL,57,56,150,,
SLCF,42,56,100,,
RLI,37,55,50,,
API,50,49,200,,
API,46,49,50,,
API,6,49,100,,
API,6,49,168,,
API,42,49,12,,
API,39,49,100,,
API,54,49,50,,
API,38,49,150,,
API,33,49,100,,
API,34,49,25,,
API,34,49,299,,
API,55,49,100,,
SHINE,57,48,66,,
NLIC,58,26,30,,
NBB,43,17,10,,
JFL,41,43,50,,
RLFL,35,48,50,,
RLFL,17,48,50,,
SAPDBL,57,54,100,,
ADBL,51,49,150,,
ADBL,49,49,10,,
ADBL,45,49,100,,
ADBL,34,49,50,,
ADBL,41,49,50,,
ADBL,16,49,70,,
ADBL,34,49,10,,
ADBL,34,49,50,,
ADBL,45,49,150,,
ADBL,34,49,100,,
ADBL,54,49,200,,
GHL,6,7,290,,
MLBL,29,38,60,,
HDL,25,28,30,,
HDL,42,28,50,,
PRVU,6,29,50,,
PRVU,6,5,50,,
SHIVM,57,37,10,,
RADHI,45,48,50,,
RADHI,35,48,20,,
RADHI,52,48,19,,
SAHAS,55,45,10,,
SHINE,44,34,15,,
ICFC,28,35,140,,
NGPL,3,8,42,,
BPCL,57,46,50,,
MNBBL,58,38,10,,
RHPL,14,58,80,,
MNBBL,58,34,70,,
NIFRA,6,57,20,,
PMHPL,8,29,150,,
PMHPL,26,29,20,,
MLBS,38,49,10,,
NBF3,48,57,300,,
NBF3,48,49,200,,
SADBL,20,56,404,,
SADBL,26,56,350,,
SADBL,35,56,100,,
SADBL,45,56,96,,
SADBL,45,56,50,,
BOKL,14,57,200,,
NLIC,57,26,20,,
GBBL,51,1,100,,
STC,22,35,10,,
GBIME,45,42,200,,
GBIME,54,42,50,,
GBIME,17,42,802,,
KSBBL,41,56,16,,
UMHL,17,35,170,,
API,41,45,67,,
API,41,21,100,,
API,41,49,69,,
API,41,10,114,,
KSBBL,34,21,10,,
KSBBL,54,21,90,,
CHDC,55,26,50,,
CHDC,58,26,60,,
NBL,43,59,72,,
NBL,43,45,28,,
SICL,1,45,25,,
SLI,44,56,10,,
MHNL,32,56,100,,
HIDCL,53,13,112,,
HIDCL,53,52,418,,
LBBL,7,4,100,,
LBBL,46,4,50,,
LBBL,19,4,2000,,
LBBL,42,4,100,,
LBBL,57,4,800,,
LBBL,48,4,50,,
LBBL,49,4,200,,
LBBL,45,4,500,,
LBBL,59,4,100,,
LBBL,38,4,100,,
LBBL,57,4,645,,
LBBL,33,4,200,,
AHPC,52,40,80,,
AHPC,22,40,20,,
CORBL,38,55,50,,
CORBL,32,55,50,,
GLICL,14,11,80,,
MLBL,53,38,100,,
AKPL,45,34,49,,
NICA,34,16,50,,
NICA,28,55,208,,
NICA,48,55,200,,
NICA,14,55,100,,
NICA,51,55,450,,
NICA,58,55,42,,
NBB,29,17,50,,
LEC,32,4,10,,
KRBL,21,44,50,,
MNBBL,57,34,10,,
GBBL,14,57,100,,
RHPL,14,1,200,,
UPPER,58,44,40,,
GBBL,44,57,11,,
SFCL,42,57,70,,
SLI,44,36,10,,
AHPC,38,56,100,,
BFC,47,58,50,,
NMBMF,11,17,30,,
NMBMF,44,17,64,,
NMBMF,47,17,20,,
NMBMF,34,17,20,,
SAHAS,55,41,230,,
SAHAS,44,41,100,,
SAHAS,19,41,70,,
UPCL,3,36,50,,
JBLB,58,58,10,,
NUBL,41,6,10,,
API,39,10,100,,
NICL,57,34,40,,
NICL,29,34,500,,
NICL,56,34,500,,
NICL,29,34,50,,
NICL,33,34,300,,
NICL,37,34,200,,
NICL,57,34,150,,
NICL,59,34,30,,
NICL,58,34,36,,
JBBL,45,49,20,,
API,11,10,20,,
IGI,17,42,194,,
IGI,53,42,100,,
IGI,50,42,50,,
IGI,36,42,10,,
IGI,57,42,50,,
IGI,58,42,1000,,
IGI,58,42,1000,,
IGI,38,42,200,,
IGI,49,42,10,,
IGI,38,42,50,,
IGI,45,42,100,,
IGI,29,42,200,,
IGI,40,42,200,,
IGI,45,42,10,,
IGI,56,42,100,,
IGI,5,42,50,,
IGI,36,42,100,,
IGI,58,42,150,,
IGI,6,42,100,,
IGI,42,42,20,,
IGI,40,42,100,,
IGI,42,42,50,,
IGI,29,42,500,,
IGI,52,42,10,,
IGI,4,42,110,,
IGI,41,42,10,,
IGI,17,42,20,,
IGI,41,42,100,,
IGI,34,42,50,,
IGI,49,42,50,,
IGI,49,42,250,,
IGI,13,42,200,,
IGI,10,42,10,,
IGI,36,42,100,,
IGI,38,42,66,,
IGI,29,42,100,,
IGI,55,42,50,,
IGI,51,42,100,,
IGI,17,42,200,,
IGI,1,42,200,,
IGI,48,42,400,,
IGI,48,42,400,,
IGI,44,42,30,,
IGI,48,42,200,,
NUBL,45,35,30,,
NIFRA,45,57,60,,
NIFRA,47,57,100,,
NIFRA,54,57,40,,
NIFRA,58,57,56,,
NIFRA,19,57,20,,
JBLB,58,21,10,,
HIDCL,48,52,10,,
API,48,10,56,,
NRN,17,45,10,,
RADHI,47,6,100,,
RADHI,19,6,50,,
RADHI,42,6,20,,
NRIC,6,55,50,,
RADHI,52,6,50,,
SHL,1,39,125,,
SPDL,33,48,25,,
SPDL,34,48,150,,
MLBL,45,21,20,,
MLBL,25,21,200,,
MLBL,49,21,50,,
MLBL,D01,21,325,,
MLBL,1,38,500,,
CBL,40,14,300,,
CBL,33,14,200,,
CBL,33,14,350,,
CBL,38,14,150,,
CFCL,32,57,600,,
UNHPL,22,41,40,,
UNHPL,38,41,50,,
UNHPL,52,41,10,,
UNHPL,49,41,200,,
MFIL,16,4,16,,
MFIL,54,4,18,,
JLI,49,48,10,,
RSDC,57,4,10,,
RHPL,14,41,10,,
NRIC,22,55,40,,
GBIME,17,38,10,,
GBIME,17,49,240,,
NICLBSL,13,53,10,,
GBIME,6,49,150,,
SRBL,6,5,203,,
SRBL,6,51,153,,
SRBL,6,45,500,,
SRBL,6,1,810,,
SRBL,6,49,46,,
SRBL,6,36,787,,
SRBL,6,7,1000,,
SRBL,6,34,501,,
SRBL,6,3,1000,,
SMATA,20,4,24,,
SLI,44,48,80,,
SLI,41,48,10,,
NHPC,34,57,248,,
NHPC,43,57,100,,
NHPC,21,57,100,,
NHPC,11,57,75,,
HIDCL,36,52,72,,
NICLBSL,40,34,50,,
NLIC,57,26,20,,
HIDCL,36,58,48,,
MEN,38,35,90,,
MKLB,51,36,10,,
KBL,28,49,30,,
KSBBL,54,38,10,,
NMFBS,32,17,40,,
EDBL,43,51,100,,
EDBL,43,51,100,,
KKHC,28,37,45,,
KKHC,58,37,10,,
KKHC,20,37,10,,
KKHC,41,37,25,,
KKHC,59,37,100,,
KKHC,8,37,310,,
RLFL,58,56,234,,
RLFL,58,49,266,,
RLFL,58,49,200,,
RLFL,19,49,100,,
RLFL,49,49,100,,
RLFL,53,49,50,,
RLFL,14,49,100,,
RLFL,57,49,500,,
RLFL,17,49,500,,
RLFL,21,49,50,,
RLFL,26,49,50,,
RADHI,39,49,20,,
RLFL,8,49,20,,
NIFRA,14,52,10,,
PPCL,28,42,510,,
PPCL,58,42,10,,
API,52,10,10,,
PIC,45,33,39,,
NBL,57,21,500,,
PIC,36,33,500,,
PIC,8,33,100,,
PIC,41,33,100,,
PIC,58,33,40,,
PIC,16,33,100,,
SWBBL,50,50,23,,
PIC,35,33,61,,
PIC,11,33,50,,
PIC,34,33,10,,
AKJCL,36,13,10,,
CBBL,57,41,20,,
GIC,19,6,10,,
CHL,57,45,29,,
NICLBSL,40,6,20,,
NICLBSL,39,6,20,,
KSBBL,19,56,20,,
BARUN,8,44,96,,
BARUN,45,44,250,,
BARUN,26,44,100,,
BARUN,40,44,54,,
AKPL,58,8,12,,
AKPL,33,8,200,,
AKPL,58,8,10,,
AKPL,42,8,10,,
AKPL,47,8,200,,
AKPL,42,8,20,,
AKPL,50,8,171,,
AKPL,44,8,57,,
NUBL,41,8,70,,
AKPL,54,8,20,,
LICN,25,58,10,,
NABIL,42,22,103,,
NABIL,42,54,11,,
NABIL,42,11,36,,
NABIL,42,34,50,,
MEN,38,41,10,,
PFL,6,52,35,,
SPDL,34,48,200,,
SPDL,21,48,20,,
SPDL,58,48,150,,
SPDL,57,48,555,,
JBLB,58,25,20,,
BFC,29,48,50,,
BOKL,14,39,144,,
BOKL,14,39,156,,
GBIME,17,33,68,,
SIFC,58,56,100,,
KBL,28,19,100,,
LBBL,57,57,23,,
FMDBL,17,47,65,,
FMDBL,1,47,200,,
FMDBL,D01,47,1000,,
FMDBL,43,47,25,,
FMDBL,58,47,100,,
FMDBL,50,47,100,,
FMDBL,54,47,10,,
FMDBL,57,47,100,,
FMDBL,3,47,100,,
MLBL,6,7,150,,
SAHAS,19,58,10,,
SAHAS,19,14,10,,
SAHAS,19,25,10,,
PROFL,48,48,10,,
SAHAS,55,4,96,,
SAHAS,45,4,100,,
SAHAS,56,4,15,,
SAHAS,19,4,10,,
SAHAS,10,4,30,,
SAHAS,35,4,500,,
SAHAS,37,4,10,,
SLICL,1,34,139,,
SLICL,1,34,149,,
UMHL,45,35,100,,
LGIL,38,55,30,,
LGIL,41,55,20,,
LGIL,35,55,100,,
UMHL,6,35,200,,
GBBL,38,57,200,,
SBL,54,34,79,,
AHPC,39,56,250,,
NLIC,45,17,19,,
NLIC,44,17,10,,
BOKL,13,13,500,,
HDHPC,28,25,165,,
BOKL,13,41,40,,
CIT,21,56,34,,
JLI,49,4,10,,
SLI,41,56,10,,
API,34,7,25,,
NRIC,58,48,50,,
MLBS,38,41,10,,
KSBBL,51,56,300,,
KPCL,46,48,300,,
KPCL,14,48,100,,
KPCL,26,48,40,,
MBL,56,43,100,,
MEGA,19,41,14,,
HIDCL,36,38,200,,
GBIME,17,43,100,,
GBIME,17,47,30,,
GLH,41,7,10,,
MLBS,38,45,10,,
HIDCL,36,41,180,,
HIDCL,14,41,20,,
NLIC,41,26,50,,
SAHAS,37,42,10,,
MMFDB,13,17,37,,
MMFDB,56,17,50,,
MMFDB,43,17,10,,
HDHPC,41,49,20,,
NGPL,55,54,20,,
GBLBS,11,42,14,,
GRDBL,7,29,349,,
SBI,6,57,15,,
NABIL,53,16,80,,
NABIL,45,16,100,,
NABIL,56,16,120,,
LEC,32,41,20,,
GBIME,57,51,100,,
GBIME,45,51,50,,
GBIME,38,51,50,,
KSBBL,50,56,10,,
JBBL,52,1,50,,
JBBL,28,1,100,,
JBBL,49,1,50,,
SPDL,57,7,445,,
SPDL,16,7,100,,
SPDL,46,7,455,,
SAHAS,37,37,10,,
GBIME,7,8,43,,
GBIME,32,8,20,,
GBIME,47,8,187,,
SHIVM,57,42,1440,,
SHIVM,46,42,200,,
SHIVM,42,42,100,,
SHIVM,18,42,50,,
SHIVM,21,42,40,,
SHIVM,38,42,50,,
SHIVM,36,42,100,,
SHIVM,41,42,300,,
SHIVM,32,42,100,,
SHIVM,45,42,200,,
SHIVM,46,42,100,,
SHIVM,26,42,20,,
SHIVM,57,42,100,,
SHIVM,6,42,150,,
SHIVM,51,42,50,,
SHIVM,46,42,10,,
SHIVM,45,42,10,,
SHIVM,57,42,200,,
SHIVM,36,42,100,,
SHIVM,14,42,20,,
SHIVM,46,42,300,,
SHIVM,49,42,80,,
SHIVM,48,42,100,,
SHIVM,51,42,50,,
SHIVM,1,42,225,,
SHIVM,14,42,50,,
SHIVM,38,42,100,,
SHIVM,50,42,200,,
SHIVM,14,42,20,,
SHIVM,3,42,50,,
SHIVM,34,42,100,,
SHIVM,1,42,10,,
SHIVM,19,42,100,,
SHIVM,51,42,200,,
SHIVM,28,42,10,,
SHIVM,29,42,20,,
SHIVM,34,42,25,,
SHIVM,1,42,20,,
UMHL,26,35,30,,
SAHAS,37,38,10,,
IGI,44,38,20,,
MNBBL,57,32,90,,
CGH,11,58,10,,
MNBBL,41,32,10,,
MNBBL,41,14,20,,
NLIC,49,26,10,,
NLIC,10,26,10,,
NLIC,29,26,20,,
NLIC,19,26,25,,
NLIC,35,26,50,,
NLIC,42,26,32,,
NLIC,49,26,18,,
NLIC,10,26,50,,
NLIC,42,26,15,,
NLIC,45,26,20,,
NLIC,57,26,50,,
NLIC,45,26,100,,
NLIC,51,26,50,,
NLIC,1,26,20,,
NLIC,35,26,10,,
NLIC,55,26,50,,
NLIC,56,26,10,,
NLIC,49,26,40,,
NLIC,43,26,50,,
NLIC,22,26,10,,
NLIC,36,26,20,,
NLIC,35,26,99,,
NLIC,6,26,200,,
KSBBL,49,56,200,,
HIDCL,14,22,30,,
UNHPL,49,54,800,,
AKPL,50,53,62,,
HPPL,21,54,500,,
NLIC,39,22,10,,
NLIC,39,29,15,,
RADHI,57,49,75,,
PMHPL,26,57,200,,
NMFBS,57,33,50,,
NMFBS,6,33,10,,
NMFBS,47,33,70,,
NMFBS,47,33,39,,
NIFRA,35,52,10,,
NIFRA,35,58,10,,
RADHI,57,37,25,,
AKPL,44,48,43,,
SPDL,13,58,100,,
MERO,34,17,10,,
MERO,49,17,10,,
MERO,5,17,20,,
MERO,22,17,10,,
PRVU,54,45,28,,
LBBL,13,42,258,,
LBBL,13,37,150,,
NLIC,6,26,300,,
NLIC,42,26,210,,
NLIC,42,26,300,,
NLIC,40,26,20,,
NLIC,58,26,20,,
NLIC,48,26,50,,
NLIC,41,26,50,,
NLIC,50,26,50,,
NLIC,28,26,100,,
NLIC,26,26,100,,
NLIC,10,26,103,,
NLIC,52,26,50,,
NLIC,57,26,10,,
NLIC,45,26,50,,
NLIC,57,26,10,,
NLIC,48,26,25,,
NLIC,22,26,10,,
NLIC,36,26,100,,
NLIC,38,26,25,,
NLIC,38,26,28,,
NLIC,54,26,15,,
NLIC,58,26,100,,
NLIC,47,26,100,,
NLIC,36,26,50,,
NLIC,42,26,100,,
NLIC,55,26,100,,
NLIC,1,26,50,,
NLIC,57,26,50,,
NLIC,14,26,20,,
NLIC,45,26,50,,
NLIC,14,26,100,,
NLIC,6,26,150,,
NLIC,34,26,50,,
NLIC,34,26,20,,
NLIC,29,26,45,,
NLIC,58,26,100,,
SAHAS,37,52,10,,
NLIC,44,26,10,,
NLIC,45,26,100,,
NLIC,13,26,50,,
NLIC,32,26,100,,
NLIC,22,26,100,,
NLIC,21,26,10,,
NLIC,11,26,100,,
NLIC,43,26,10,,
NLIC,34,26,20,,
NLIC,6,26,35,,
NLIC,6,26,50,,
NLIC,1,26,50,,
NLIC,14,26,50,,
NLIC,57,26,20,,
API,19,35,49,,
SLBSL,19,43,10,,
KSBBL,32,56,100,,
BARUN,40,7,10,,
PRVU,54,45,24,,
NABIL,56,17,50,,
NBB,32,42,16,,
LLBS,13,4,10,,
LLBS,17,4,274,,
LLBS,47,4,100,,
LLBS,49,4,100,,
LLBS,6,4,200,,
LLBS,53,4,50,,
LLBS,34,4,20,,
HIDCL,14,49,10,,
JLI,49,34,27,,
GBIME,19,47,70,,
GBIME,19,51,200,,
SLCF,48,33,500,,
UPPER,51,28,40,,
API,34,7,176,,
API,42,7,20,,
API,49,7,24,,
API,49,7,200,,
API,14,7,70,,
RLI,56,51,100,,
API,45,7,10,,
MERO,22,48,20,,
KSBBL,34,20,310,,
KSBBL,42,20,200,,
KSBBL,45,20,150,,
KSBBL,45,20,100,,
KSBBL,35,20,100,,
KSBBL,47,20,40,,
KSBBL,48,20,100,,
SIFC,58,36,50,,
JBBL,49,45,50,,
PROFL,56,48,12,,
PROFL,56,29,38,,
HIDCL,14,34,40,,
SFCL,6,57,10,,
CZBIL,25,49,187,,
CZBIL,25,49,28,,
CZBIL,25,1,100,,
AIL,44,41,10,,
NABIL,34,54,100,,
HIDCL,44,34,50,,
NABIL,56,35,130,,
GRDBL,7,36,100,,
JLI,28,34,153,,
JLI,34,34,20,,
NRIC,50,55,50,,
NRIC,50,26,50,,
CCBL,17,49,100,,
JBLB,58,21,20,,
GFCL,32,59,80,,
GFCL,32,8,20,,
SHPC,55,58,160,,
SHPC,55,43,340,,
LGIL,35,41,53,,
LGIL,10,41,300,,
LGIL,17,41,100,,
LGIL,51,41,47,,
MLBL,52,36,10,,
GLH,41,58,10,,
HURJA,3,58,400,,
AHPC,33,56,570,,
CHDC,18,39,240,,
MEGA,19,17,34,,
PFL,59,42,80,,
PMHPL,26,42,40,,
PFL,47,42,50,,
MEGA,52,17,50,,
MBL,56,37,822,,
MBL,56,37,1203,,
JBBL,38,45,50,,
NLIC,57,1,30,,
CCBL,17,43,50,,
SHIVM,36,56,100,,
SHIVM,14,56,50,,
SHIVM,21,56,10,,
SHIVM,4,56,100,,
SHIVM,10,56,10,,
SHIVM,3,56,30,,
MLBSL,58,33,18,,
MLBSL,34,33,10,,
MLBSL,4,33,12,,
GMFIL,3,41,100,,
RLFL,8,29,30,,
RLFL,16,29,20,,
NHPC,11,47,50,,
MLBL,D01,36,200,,
CCBL,17,43,2000,,
UMHL,57,44,22,,
UMHL,49,44,250,,
UMHL,13,44,100,,
UMHL,21,44,30,,
UMHL,57,44,100,,
UMHL,28,44,200,,
UMHL,57,44,500,,
UMHL,58,44,351,,
UMHL,33,44,500,,
UMHL,43,44,200,,
UMHL,32,44,200,,
UMHL,44,44,200,,
UMHL,7,44,80,,
UMHL,7,44,40,,
UMHL,41,44,500,,
UMHL,34,44,500,,
UMHL,53,44,100,,
UMHL,35,44,100,,
MPFL,39,59,49,,
UMHL,45,44,1000,,
UMHL,58,44,27,,
HIDCL,34,13,250,,
UPCL,3,56,50,,
API,49,35,51,,
API,49,45,39,,
API,49,41,10,,
NIFRA,25,49,440,,
CFCL,32,58,55,,
CFCL,41,58,25,,
CFCL,28,58,10,,
CFCL,28,58,20,,
CFCL,39,58,10,,
HIDCL,57,49,681,,
SBL,38,34,100,,
HIDCL,56,49,50,,
HIDCL,43,49,30,,
HIDCL,26,49,200,,
HIDCL,14,49,39,,
RHPL,14,58,40,,
RHPL,11,58,100,,
RHPL,36,58,10,,
KKHC,8,42,50,,
NIL,22,42,25,,
NIL,26,42,50,,
NIL,57,42,25,,
NIL,35,42,50,,
NIL,11,42,25,,
NIL,49,42,100,,
NIL,45,42,100,,
NIL,26,42,300,,
NIL,44,42,100,,
NIL,44,42,80,,
NIL,37,42,10,,
NIL,42,42,50,,
NIL,44,42,100,,
NIL,53,42,50,,
NIL,10,42,231,,
NIL,38,42,30,,
NIL,39,42,25,,
NIL,14,42,50,,
NIL,29,42,50,,
NIL,16,42,654,,
NIL,35,42,30,,
NIL,41,42,300,,
NIL,42,42,20,,
UMHL,38,35,500,,
NRIC,21,51,14,,
NRIC,38,51,50,,
NRIC,49,51,50,,
NRIC,34,51,10,,
NRIC,47,51,20,,
NRIC,53,51,100,,
NRIC,44,51,115,,
NRIC,46,51,40,,
NRIC,21,51,15,,
NIL,54,42,10,,
NRIC,10,51,86,,
NIL,57,42,50,,
NIL,58,42,50,,
NIL,26,42,30,,
NIL,45,42,50,,
NIL,14,42,30,,
NIL,49,42,10,,
NIL,57,42,30,,
NIL,59,42,10,,
NIL,34,42,1000,,
NIL,6,42,50,,
NIL,47,42,45,,
NIL,50,42,100,,
NIL,25,42,100,,
NIL,58,42,20,,
NIL,22,42,30,,
NIL,39,42,18,,
NIL,46,42,100,,
NIL,21,42,100,,
NIL,21,42,50,,
NIL,34,42,1000,,
NIL,38,42,50,,
NIL,39,42,200,,
NIL,57,42,38,,
NIL,14,42,10,,
NIL,34,42,50,,
NIL,41,42,10,,
NIL,34,42,100,,
NIL,52,42,25,,
NIL,35,42,23,,
NIL,22,42,20,,
NIL,45,42,10,,
NIL,51,42,20,,
NIL,6,42,50,,
NIL,45,42,300,,
NIL,16,42,50,,
NIL,43,42,15,,
NIL,4,42,50,,
NIL,45,42,100,,
NIL,17,42,219,,
NIL,51,42,100,,
NIL,53,42,10,,
NIL,11,42,20,,
GBIME,47,17,13,,
NIL,32,42,50,,
GBIME,58,17,190,,
NIL,51,42,10,,
GBIME,6,17,19,,
NIL,52,42,50,,
GBIME,52,17,28,,
NIL,38,42,50,,
HIDCL,14,58,50,,
NIL,28,42,10,,
NIL,35,42,50,,
NIL,32,42,25,,
NIL,57,42,50,,
MLBL,D01,38,200,,
NIFRA,58,47,30,,
API,45,7,10,,
GBIME,52,17,72,,
SKBBL,42,29,50,,
SHEL,3,58,10,,
JBBL,28,58,450,,
SHEL,47,3,35,,
MFIL,54,37,62,,
BFC,47,7,50,,
RADHI,17,6,50,,
RADHI,41,6,30,,
RADHI,17,6,20,,
RADHI,39,6,500,,
RADHI,42,6,35,,
NIL,1,56,124,,
SRBL,49,34,100,,
NHPC,11,44,75,,
ULI,4,58,10,,
LEC,32,58,200,,
SAHAS,36,58,10,,
BARUN,40,58,50,,
KSBBL,6,20,50,,
KSBBL,58,20,100,,
KSBBL,57,20,20,,
KSBBL,3,20,30,,
KSBBL,49,20,100,,
BARUN,40,34,100,,
KKHC,8,56,100,,
UMRH,40,6,1000,,
UMRH,43,6,100,,
UMRH,14,6,10,,
UMRH,26,6,40,,
UMRH,37,6,10,,
GUFL,57,44,20,,
BBC,17,50,35,,
KSBBL,49,21,100,,
MLBS,38,34,10,,
NLIC,49,29,10,,
SHINE,57,42,410,,
CBL,33,43,50,,
SIFC,20,8,100,,
NUBL,33,47,22,,
NUBL,52,47,37,,
NUBL,28,47,100,,
NUBL,21,47,20,,
NUBL,54,47,14,,
NUBL,42,47,50,,
NUBL,47,47,10,,
NUBL,1,47,20,,
NUBL,13,47,40,,
NUBL,1,47,104,,
AHPC,32,39,200,,
API,43,45,12,,
API,43,4,13,,
MFIL,4,37,18,,
MFIL,4,32,82,,
BPCL,34,56,354,,
BPCL,42,56,50,,
BPCL,8,56,100,,
BPCL,32,56,20,,
BPCL,21,56,120,,
BPCL,45,56,50,,
BPCL,58,56,40,,
BPCL,48,56,60,,
BPCL,55,56,63,,
BPCL,35,56,200,,
SLICL,55,55,50,,
CCBL,17,17,130,,
CHDC,13,39,50,,
CHDC,57,39,20,,
CHDC,34,39,40,,
CHDC,58,39,10,,
CHDC,17,39,10,,
JFL,34,38,100,,
AHPC,33,56,430,,
AHPC,43,56,20,,
SRBL,29,57,682,,
SRBL,33,57,218,,
SRBL,50,57,100,,
MNBBL,37,14,80,,
HIDCL,14,1,11,,
HIDCL,56,1,489,,
GLICL,33,6,19,,
GLICL,17,6,100,,
JFL,8,51,200,,
CHL,55,4,11,,
NBF3,52,39,4250,,
SAHAS,19,36,10,,
NHPC,57,40,400,,
NHPC,45,40,30,,
SHINE,35,42,90,,
SHINE,35,49,10,,
SIFC,58,58,100,,
UMHL,6,48,150,,
AKPL,50,57,140,,
AKPL,57,57,10,,
AKPL,41,57,50,,
NTC,45,41,45,,
NIFRA,35,45,30,,
UPPER,16,49,32,,
GBIME,6,1,75,,
GBIME,5,1,25,,
GBIME,52,1,500,,
GBIME,56,1,200,,
GBIME,45,1,30,,
GBIME,20,1,30,,
GBIME,28,1,140,,
MKJC,34,45,10,,
NRN,43,41,10,,
NABIL,36,54,100,,
HIDCL,56,45,11,,
HIDCL,53,45,89,,
SFCL,32,41,18,,
SJCL,32,4,20,,
SJCL,20,4,150,,
EBL,5,38,10,,
EBL,43,38,10,,
UPPER,16,28,100,,
RHPL,36,38,80,,
SAHAS,19,48,10,,
ULI,4,6,20,,
ULI,22,6,30,,
NRIC,10,33,14,,
MLBBL,58,58,10,,
JLI,22,58,10,,
TRH,50,25,100,,
SLBBL,41,7,87,,
SLBBL,52,7,20,,
MNBBL,37,38,117,,
AKJCL,36,14,490,,
AKJCL,43,14,10,,
KMCDB,14,6,22,,
SAHAS,55,41,10,,
SAHAS,55,39,500,,
SAHAS,55,58,10,,
SAHAS,55,19,10,,
SJCL,20,47,40,,
PFL,41,52,80,,
UNHPL,21,6,8,,
UNHPL,21,54,92,,
UNHPL,6,54,40,,
UNHPL,38,54,293,,
UNHPL,57,54,25,,
UNHPL,58,54,30,,
UNHPL,4,54,20,,
NABIL,49,54,149,,
NHPC,21,44,100,,
API,39,44,210,,
SRBL,58,34,10,,
AKPL,41,41,50,,
ULI,22,36,10,,
AHPC,38,39,60,,
RSDC,41,11,130,,
RSDC,45,11,10,,
RSDC,25,11,13,,
RSDC,25,11,120,,
RSDC,58,11,27,,
NBL,58,57,57,,
NBL,58,57,100,,
NBL,10,57,20,,
NBL,32,57,100,,
NBL,49,57,50,,
NBL,29,57,10,,
NBL,35,57,53,,
NBL,52,57,10,,
TRH,50,25,100,,
NCCB,42,43,50,,
CBBL,52,35,10,,
MFIL,38,32,18,,
SADBL,56,59,10,,
MKLB,49,41,10,,
KSBBL,36,20,100,,
KBL,57,42,300,,
JBBL,28,14,500,,
JBBL,7,14,100,,
CIT,14,56,50,,
SHPC,59,43,160,,
ULI,22,58,10,,
NICL,58,28,100,,
FMDBL,45,34,200,,
API,34,4,500,,
KSBBL,59,20,30,,
NIL,42,14,10,,
SLI,41,54,20,,
AIL,44,41,10,,
JFL,8,38,30,,
SWBBL,50,50,177,,
NABIL,34,26,396,,
API,39,56,100,,
API,39,56,100,,
API,39,40,338,,
NMB,13,45,10,,
BBC,17,21,40,,
SAHAS,19,54,10,,
JLI,22,26,10,,
MEN,20,4,200,,
MEN,11,4,40,,
NBB,17,53,200,,
HDL,58,46,15,,
HDL,42,5,450,,
HDL,32,5,100,,
HDL,38,5,10,,
HDL,48,5,90,,
HDL,53,5,50,,
NICLBSL,7,53,50,,
GBIME,28,37,60,,
JBLB,58,52,10,,
GBIME,3,37,50,,
GBIME,38,37,90,,
GMFIL,3,51,38,,
GMFIL,25,51,100,,
TPC,3,29,10,,
NICLBSL,39,58,80,,
NICLBSL,56,58,20,,
NICLBSL,17,58,100,,
NICLBSL,36,58,50,,
NICLBSL,21,58,20,,
NICLBSL,59,58,30,,
NICLBSL,22,58,90,,
NICLBSL,47,58,100,,
NICLBSL,14,58,10,,
KSBBL,58,20,68,,
NRIC,44,20,15,,
SHINE,38,49,100,,
SAHAS,19,56,10,,
SHL,1,22,4850,,
SHL,13,22,150,,
BARUN,40,57,36,,
BARUN,22,57,50,,
BARUN,44,57,114,,
AKPL,50,42,215,,
AKPL,11,42,500,,
AKPL,32,42,25,,
AKPL,55,42,20,,
AKPL,54,42,20,,
UPCL,4,21,120,,
HIDCL,53,7,11,,
SBI,6,7,10,,
HIDCL,26,7,185,,
RADHI,42,49,65,,
RADHI,48,49,80,,
NLBBL,49,57,50,,
NLBBL,40,57,30,,
NLBBL,38,57,18,,
KSBBL,58,20,432,,
KSBBL,45,20,155,,
KSBBL,46,20,30,,
KSBBL,45,20,100,,
KSBBL,38,20,50,,
KSBBL,58,20,30,,
KSBBL,41,20,30,,
KSBBL,48,20,500,,
KSBBL,14,20,200,,
KSBBL,34,20,25,,
KSBBL,36,20,20,,
GIMES1,21,7,900,,
KSBBL,58,20,100,,
GIMES1,21,33,100,,
KSBBL,50,20,100,,
KSBBL,21,20,200,,
KSBBL,14,20,500,,
KSBBL,59,20,20,,
KSBBL,14,20,500,,
KSBBL,38,20,50,,
KSBBL,41,20,100,,
KSBBL,49,20,50,,
KSBBL,14,20,50,,
KSBBL,58,20,100,,
KSBBL,7,20,100,,
KSBBL,45,20,30,,
KSBBL,18,20,210,,
KSBBL,34,20,50,,
KSBBL,34,20,1000,,
KSBBL,5,20,200,,
KSBBL,38,20,100,,
KSBBL,14,20,150,,
KSBBL,58,20,50,,
KSBBL,22,20,100,,
KSBBL,45,20,168,,
BFC,4,48,21,,
HIDCL,26,1,42,,
HIDCL,57,1,50,,
RMDC,32,42,192,,
RMDC,14,42,200,,
RMDC,34,42,200,,
RMDC,59,42,100,,
RMDC,34,42,200,,
RMDC,26,42,20,,
RMDC,44,42,100,,
RMDC,34,42,200,,
RMDC,54,42,10,,
RMDC,49,42,20,,
RMDC,34,42,50,,
RMDC,34,42,708,,
HPPL,58,54,300,,
HDL,21,46,10,,
NRIC,44,25,15,,
SHEL,35,14,170,,
HDHPC,52,56,10,,
NFS,59,45,250,,
NFS,55,45,220,,
AKJCL,43,21,190,,
AKJCL,54,21,200,,
AKJCL,50,21,50,,
AKJCL,34,21,500,,
AKJCL,38,21,60,,
SHPC,21,5,100,,
SAHAS,19,8,10,,
API,49,34,56,,
NTC,45,1,30,,
NTC,45,49,13,,
NTC,45,36,10,,
NTC,45,17,100,,
MLBL,D01,57,25,,
BPCL,57,57,25,,
MBL,56,6,347,,
MBL,44,6,10,,
MBL,16,6,143,,
UMHL,58,43,23,,
UMHL,39,43,150,,
UMHL,47,43,100,,
UMHL,28,43,500,,
UMHL,11,43,190,,
RHPL,17,17,80,,
NHPC,47,44,100,,
RADHI,48,36,120,,
GBBL,44,29,50,,
LEC,42,7,10,,
LEC,32,7,1340,,
UMHL,11,21,10,,
UMHL,36,21,300,,
MLBL,D01,44,200,,
SHIVM,3,54,20,,
RADHI,45,35,10,,
GLH,5,51,10,,
GBIME,38,41,10,,
JFL,8,57,15,,
SKBBL,D01,29,1000,,
SKBBL,41,29,102,,
SKBBL,35,29,50,,
SKBBL,32,29,25,,
SKBBL,42,29,100,,
SLI,38,36,10,,
SKBBL,20,29,50,,
SKBBL,50,29,50,,
SKBBL,45,29,50,,
SKBBL,41,29,20,,
SKBBL,51,29,10,,
SKBBL,57,29,50,,
SKBBL,52,29,100,,
SKBBL,49,29,200,,
SKBBL,36,29,22,,
NLIC,26,41,19,,
MLBL,D01,45,50,,
SANIMA,42,55,10,,
NIL,1,56,77,,
GFCL,59,8,50,,
NBB,32,17,100,,
GMFIL,45,21,100,,
NHPC,8,44,25,,
NHPC,5,44,150,,
NHPC,42,44,50,,
BARUN,44,58,20,,
IGI,44,39,50,,
SBI,38,51,50,,
RLFL,16,29,80,,
RLFL,47,29,50,,
RLFL,20,29,20,,
RLFL,4,29,50,,
UNHPL,4,39,80,,
LBBL,57,8,332,,
ULI,4,8,10,,
LBBL,32,8,68,,
SHPC,21,1,20,,
SHPC,51,1,10,,
JOSHI,54,7,1000,,
JOSHI,28,7,500,,
JOSHI,57,7,900,,
JOSHI,34,7,10,,
JOSHI,43,7,300,,
JOSHI,42,7,100,,
BARUN,29,51,25,,
BPCL,58,38,30,,
BPCL,41,38,10,,
BPCL,14,38,20,,
BPCL,22,38,37,,
BPCL,49,38,25,,
BPCL,53,38,370,,
MFIL,38,1,12,,
CIT,43,56,26,,
NHPC,44,49,200,,
NHPC,44,36,600,,
NBL,41,45,10,,
GMFBS,47,38,20,,
NMFBS,47,11,61,,
AHPC,43,48,30,,
AHPC,7,48,20,,
PRVU,53,34,92,,
HURJA,3,55,30,,
RADHI,56,35,20,,
UPCL,3,21,11,,
UPCL,3,54,89,,
NABIL,34,48,2610,,
NABIL,26,48,100,,
NABIL,13,48,290,,
NHPC,52,40,20,,
RLFL,36,8,70,,
MLBL,29,44,68,,
MBL,16,17,10,,
MHNL,41,58,100,,
AKJCL,38,4,40,,
AKJCL,35,4,20,,
AKJCL,57,4,500,,
AKJCL,53,4,40,,
AKJCL,11,4,50,,
AKJCL,52,4,50,,
AKJCL,38,4,300,,
NIFRA,25,49,50,,
JBBL,34,49,445,,
CHL,55,14,140,,
JBBL,49,49,300,,
CHL,14,14,100,,
JBBL,51,49,35,,
CHL,28,14,10,,
BARUN,44,48,266,,
HIDCL,26,56,73,,
HIDCL,57,56,100,,
HIDCL,34,56,27,,
UMRH,37,42,90,,
UMRH,47,42,10,,
NBB,32,47,10,,
NBB,11,47,90,,
NABIL,47,22,17,,
NBB,32,53,1000,,
ULI,4,58,10,,
NGPL,28,8,20,,
NGPL,28,8,30,,
MLBS,35,19,65,,
MLBS,13,19,20,,
NICL,58,55,54,,
EBL,43,4,40,,
EBL,40,4,20,,
AKPL,39,44,113,,
EBL,50,4,20,,
MNBBL,22,38,100,,
UIC,33,59,180,,
UIC,39,59,20,,
UIC,58,59,100,,
CLBSL,22,59,25,,
UIC,52,59,100,,
CLBSL,18,59,71,,
UIC,39,59,100,,
SLI,38,26,10,,
NIFRA,25,8,10,,
AIL,44,34,50,,
SWBBL,49,14,10,,
NMB,29,13,443,,
NMB,3,13,152,,
NMB,52,13,100,,
NMB,19,13,38,,
NMB,13,13,100,,
NMB,46,13,50,,
NMB,22,13,20,,
NMB,34,13,240,,
NMB,38,13,600,,
NMB,6,13,20,,
NMB,32,13,100,,
NMB,40,13,100,,
NMB,45,13,50,,
NMB,56,13,30,,
NMB,48,13,20,,
NMB,41,13,20,,
NMB,48,13,50,,
NMB,58,13,260,,
NMB,45,13,20,,
NMB,57,13,634,,
NMB,17,13,10,,
NLICL,19,50,100,,
RHPL,36,44,10,,
RHPL,59,44,190,,
MKLB,38,14,120,,
MKLB,38,52,10,,
MKLB,38,58,10,,
AKJCL,38,45,500,,
AKJCL,45,45,100,,
AKJCL,52,45,100,,
AKJCL,58,45,10,,
AKJCL,34,45,200,,
AKJCL,14,45,10,,
NTC,54,51,13,,
AKJCL,1,45,600,,
AKJCL,45,45,60,,
AKJCL,22,45,400,,
CHCL,17,59,50,,
NFS,55,34,100,,
NGPL,28,8,50,,
KBL,17,29,300,,
API,49,26,120,,
API,28,26,10,,
API,49,26,50,,
API,35,26,50,,
API,59,26,50,,
API,22,26,20,,
API,32,26,200,,
NRIC,44,57,20,,
NRIC,21,57,20,,
UPCL,26,41,70,,
NABIL,13,34,10,,
NABIL,13,34,20,,
NABIL,44,34,20,,
LBBL,56,8,500,,
KBL,17,52,200,,
GLICL,33,56,57,,
SJCL,20,41,10,,
MKJC,34,21,10,,
ICFC,55,58,169,,
CFCL,17,7,130,,
KSBBL,45,20,200,,
NICL,41,56,120,,
NICL,41,42,120,,
MBL,16,49,50,,
SAHAS,19,16,10,,
MBL,16,17,10,,
MMFDB,14,4,40,,
MMFDB,28,4,500,,
MMFDB,47,4,50,,
MMFDB,14,4,35,,
MMFDB,45,4,100,,
MMFDB,22,4,90,,
NBB,22,53,140,,
NBB,22,22,10,,
NGPL,46,8,500,,
NGPL,49,8,10,,
NGPL,21,8,70,,
NGPL,47,8,20,,
NGPL,32,8,50,,
NGPL,45,8,100,,
JBBL,48,6,100,,
AKPL,55,6,180,,
AKPL,39,6,20,,
HIDCL,34,21,160,,
PCBL,58,26,15,,
NRIC,1,45,10,,
HDHPC,54,56,190,,
AKPL,39,14,50,,
HIDCL,34,1,813,,
HIDCL,21,1,20,,
HIDCL,3,1,100,,
HIDCL,51,1,67,,
CBBL,43,26,65,,
CBBL,43,35,10,,
CBBL,43,54,50,,
NIL,1,43,43,,
CBBL,43,45,75,,
API,55,4,175,,
HGI,46,42,10,,
JBLB,43,19,10,,
HGI,39,42,20,,
HGI,5,42,20,,
HGI,45,42,300,,
HGI,1,42,10,,
HGI,34,42,30,,
HGI,33,42,100,,
HGI,42,42,200,,
HGI,35,42,500,,
HGI,25,42,299,,
HGI,41,42,50,,
HGI,22,42,200,,
HGI,48,42,30,,
HGI,59,42,300,,
HGI,47,42,20,,
HGI,19,42,20,,
HGI,5,42,25,,
HGI,5,42,40,,
HGI,32,42,500,,
HGI,49,42,20,,
HGI,29,42,200,,
HGI,45,42,120,,
HGI,32,42,500,,
HGI,58,42,100,,
HGI,35,42,50,,
HGI,18,42,100,,
HGI,25,42,17,,
HGI,43,42,120,,
HGI,49,42,50,,
HGI,48,42,100,,
HGI,35,42,15,,
HGI,35,42,200,,
HGI,5,42,95,,
HGI,39,42,40,,
SAHAS,19,58,10,,
JBBL,19,6,20,,
JBBL,32,6,50,,
JBBL,45,6,10,,
JBBL,16,6,150,,
HGI,17,42,1396,,
HIDCL,21,13,20,,
CBBL,42,45,10,,
UPCL,45,54,50,,
PRVU,17,34,100,,
SCB,20,43,192,,
MBL,16,32,250,,
API,59,4,152,,
API,59,52,10,,
API,59,40,338,,
NIFRA,55,58,20,,
SDLBSL,20,41,11,,
NABIL,34,22,10,,
NABIL,34,17,190,,
GBIME,26,37,11,,
GBIME,55,37,270,,
GBIME,25,37,100,,
GBIME,44,37,100,,
GBIME,42,37,19,,
RURU,41,38,36,,
RURU,57,38,50,,
ALICL,38,38,50,,
RURU,58,38,14,,
MEN,11,45,10,,
SAHAS,19,36,10,,
JLI,50,8,10,,
NMB,48,13,200,,
AKPL,39,57,30,,
AKPL,58,57,50,,
NRN,53,58,20,,
MLBS,34,34,10,,
NTC,54,37,45,,
NTC,54,37,22,,
NTC,45,3,30,,
NTC,45,42,40,,
NTC,45,19,20,,
NTC,45,22,10,,
NTC,45,58,47,,
SIFC,52,59,200,,
NICA,28,54,70,,
NICA,32,54,20,,
NICA,39,54,120,,
AKPL,34,44,100,,
NTC,54,11,13,,
SLI,38,57,20,,
LICN,41,41,10,,
RADHI,49,35,70,,
RADHI,49,35,55,,
RADHI,48,35,15,,
RADHI,57,35,10,,
RADHI,52,35,10,,
RADHI,51,35,40,,
RADHI,47,35,100,,
RADHI,57,35,100,,
RADHI,11,35,25,,
RADHI,28,35,50,,
RADHI,11,35,40,,
RADHI,11,35,30,,
RADHI,26,35,40,,
RADHI,42,35,324,,
JBBL,13,35,10,,
JBBL,13,38,300,,
GIMES1,49,33,100,,
SCB,19,43,50,,
SLICL,25,59,14,,
SLICL,1,59,100,,
SLICL,35,59,200,,
SLICL,28,59,286,,
NLIC,36,10,50,,
RHPL,36,57,50,,
SBI,59,43,5000,,
MKJC,28,21,30,,
MKJC,28,41,10,,
NICL,58,58,10,,
NICL,33,58,50,,
NICL,34,58,100,,
SHL,13,6,500,,
NMB,17,55,120,,
MLBL,54,44,32,,
AKJCL,58,39,10,,
AKJCL,25,39,200,,
AKJCL,45,39,13,,
NBL,35,34,47,,
NBL,16,34,50,,
NBL,1,34,128,,
NBL,42,34,100,,
NBL,58,34,200,,
KKHC,8,57,300,,
KKHC,20,57,100,,
CLBSL,18,59,100,,
NIFRA,54,8,60,,
SLI,38,26,10,,
PMHPL,26,14,390,,
NIFRA,58,43,50,,
HDHPC,34,36,50,,
MLBL,54,6,68,,
MLBL,4,6,15,,
MLBL,44,6,10,,
MLBL,33,6,50,,
MLBL,17,6,50,,
MLBL,45,6,50,,
MLBL,44,6,100,,
MLBL,42,6,157,,
PLI,1,4,130,,
PLI,21,4,20,,
PLI,7,4,50,,
UMHL,38,43,250,,
UMHL,8,43,200,,
UMHL,19,43,100,,
UMHL,34,43,500,,
UMHL,37,43,300,,
UMHL,34,43,500,,
NFS,55,57,180,,
UMHL,57,43,200,,
MLBL,42,38,43,,
UMHL,26,43,50,,
UMHL,21,43,50,,
MLBL,36,38,30,,
UMHL,18,43,100,,
MLBL,46,38,277,,
UMHL,1,43,200,,
MLBL,28,38,150,,
UMHL,45,43,762,,
NMB,57,13,366,,
NMB,7,13,200,,
NMB,58,13,500,,
NMB,19,13,25,,
NMB,58,13,100,,
NMB,22,13,200,,
NMB,32,13,10,,
NMB,16,13,100,,
NMB,47,13,260,,
NMB,13,13,100,,
NMB,59,13,1000,,
NMB,33,13,20,,
NMB,39,13,100,,
NMB,26,13,30,,
NMB,1,13,36,,
PROFL,33,21,30,,
PFL,41,42,120,,
PFL,57,42,30,,
PFL,1,42,20,,
PFL,35,42,25,,
PFL,35,42,10,,
UPCL,3,38,100,,
NICA,39,38,10,,
KSBBL,45,20,632,,
KSBBL,18,20,250,,
KSBBL,48,20,100,,
RHPL,59,41,10,,
KSBBL,14,20,18,,
HIDCL,28,13,200,,
NMB,1,1,14,,
NMB,34,1,100,,
NMB,11,1,100,,
NMB,42,1,50,,
NMB,58,1,100,,
NMB,49,1,12,,
NMB,5,1,50,,
NMB,17,1,525,,
NMB,44,1,49,,
NICA,45,16,20,,
ICFC,55,19,235,,
NRN,53,42,25,,
JLI,21,55,10,,
SAHAS,19,35,10,,
CIT,38,26,40,,
LBBL,32,26,17,,
LBBL,26,26,100,,
LBBL,26,26,883,,
NABIL,49,17,100,,
RHPL,19,57,20,,
BOKL,34,41,460,,
BOKL,34,34,50,,
BOKL,34,13,200,,
BOKL,34,28,290,,
RADHI,42,51,676,,
RADHI,11,51,45,,
MLBL,10,37,290,,
NIFRA,58,42,44,,
NIFRA,21,42,100,,
NIFRA,25,42,100,,
NIFRA,57,42,100,,
NIFRA,49,42,10,,
NIFRA,11,42,100,,
NIFRA,16,42,100,,
NIFRA,46,42,75,,
NIFRA,43,42,50,,
NIFRA,45,42,105,,
NIFRA,11,42,200,,
NIFRA,28,42,250,,
NIFRA,21,42,20,,
NIFRA,48,42,1000,,
NIFRA,48,42,1000,,
NIFRA,48,42,1000,,
NIFRA,48,42,1000,,
NIFRA,7,42,10,,
NIFRA,48,42,1000,,
NIFRA,7,42,30,,
NIFRA,25,42,100,,
NIFRA,32,42,300,,
NIFRA,56,42,50,,
NIFRA,45,42,150,,
NIFRA,58,42,100,,
NIFRA,47,42,400,,
NIFRA,11,42,100,,
NIFRA,22,42,10,,
NIFRA,52,42,50,,
NIFRA,1,42,20,,
NIFRA,38,42,10,,
NIFRA,42,42,50,,
NIFRA,25,42,500,,
NIFRA,32,42,40,,
NIFRA,45,42,100,,
NIFRA,45,42,50,,
NIFRA,58,42,60,,
NIFRA,42,42,20,,
NIFRA,34,42,45,,
NIFRA,41,42,10,,
NIFRA,43,42,50,,
NIFRA,19,42,20,,
NIFRA,10,42,20,,
NIFRA,47,42,240,,
NIFRA,21,42,50,,
NIFRA,14,42,400,,
NIFRA,5,42,10,,
NIFRA,7,42,20,,
NIFRA,19,42,50,,
NIFRA,26,42,681,,
NIFRA,34,58,30,,
AKPL,19,49,110,,
SHIVM,3,49,50,,
UIC,18,16,150,,
MLBL,28,32,50,,
HIDCL,51,28,33,,
HIDCL,35,28,67,,
HIDCL,57,28,100,,
NLBBL,38,49,15,,
SPDL,57,26,200,,
NMBMF,41,1,20,,
MLBS,21,47,20,,
GIC,57,8,10,,
UPCL,49,54,11,,
UPCL,49,13,115,,
ICFC,55,17,100,,
HDL,56,56,10,,
GBLBS,11,17,30,,
GBLBS,3,17,100,,
SHPC,58,34,50,,
ICFC,55,34,100,,
SHPC,13,34,100,,
HGI,34,45,191,,
NICLBSL,14,55,10,,
SAHAS,19,26,10,,
HDL,48,37,10,,
CFCL,3,7,100,,
AHPC,45,58,16,,
JBLB,43,6,20,,
GBIME,41,11,4,,
GBIME,41,44,46,,
GBIME,19,44,75,,
NRIC,44,26,75,,
GBIME,22,44,50,,
NABIL,13,33,70,,
NABIL,11,17,10,,
AKPL,8,44,42,,
SHPC,55,43,500,,
SLI,38,14,400,,
MMFDB,22,36,100,,
HIDCL,45,8,50,,
JOSHI,42,7,500,,
JOSHI,20,7,1000,,
JOSHI,57,7,100,,
JOSHI,43,7,452,,
RSDC,58,34,25,,
RSDC,34,34,19,,
GLH,5,14,10,,
GIC,57,49,10,,
SAPDBL,34,49,50,,
SHINE,3,35,30,,
NMFBS,45,4,11,,
NMFBS,43,4,20,,
NMFBS,57,4,10,,
NMFBS,17,4,30,,
NMFBS,13,4,37,,
NMFBS,11,4,50,,
NTC,3,58,30,,
PRVU,14,6,337,,
SANIMA,55,44,100,,
SANIMA,25,44,40,,
CORBL,21,22,45,,
CORBL,59,22,15,,
OHL,7,4,100,,
HIDCL,21,8,20,,
PCBL,17,26,100,,
ULI,4,45,10,,
SLBSL,39,32,100,,
UPCL,58,13,385,,
GBLBS,6,1,100,,
LEC,32,4,10,,
MEN,11,41,10,,
AKPL,19,36,386,,
AKPL,57,36,20,,
AKPL,50,36,349,,
AKPL,44,36,200,,
AKPL,39,36,1000,,
API,41,40,62,,
SAHAS,55,46,10,,
LBBL,26,49,117,,
LBBL,38,49,100,,
NIFRA,26,42,319,,
NIFRA,54,42,100,,
NIFRA,45,42,20,,
NIFRA,39,42,100,,
NIFRA,45,42,20,,
NIFRA,10,42,500,,
NIFRA,42,42,100,,
NIFRA,57,42,100,,
NIFRA,38,42,10,,
NIFRA,26,42,100,,
NIFRA,52,42,50,,
NIFRA,36,42,100,,
NIFRA,20,42,50,,
NIFRA,36,42,50,,
NIFRA,32,42,200,,
NIFRA,43,42,100,,
NIFRA,45,42,50,,
NIFRA,1,42,100,,
NIFRA,35,42,100,,
NIFRA,34,42,100,,
NIFRA,22,42,50,,
NIFRA,49,42,50,,
NIFRA,57,42,50,,
NIFRA,57,42,100,,
NIFRA,57,42,100,,
NIFRA,13,42,200,,
NIFRA,13,42,100,,
NIFRA,7,42,20,,
NIFRA,22,42,100,,
NIFRA,41,42,50,,
NIFRA,28,42,25,,
NIFRA,38,42,50,,
NIFRA,42,42,65,,
NIFRA,45,42,136,,
NIFRA,58,42,10,,
NIFRA,11,42,100,,
NIFRA,44,42,50,,
NIFRA,43,42,200,,
NIFRA,29,42,100,,
NIFRA,8,42,40,,
NIFRA,57,42,200,,
NIFRA,58,42,50,,
NIFRA,33,42,100,,
NIFRA,57,42,10,,
NIFRA,28,42,50,,
NIFRA,19,42,50,,
NIFRA,36,42,500,,
NIFRA,45,42,20,,
NIFRA,41,42,100,,
NIFRA,49,42,31,,
NIFRA,57,42,30,,
NIFRA,41,42,25,,
NIFRA,22,42,10,,
NIFRA,34,42,100,,
NIFRA,41,42,100,,
NIFRA,42,42,500,,
NIFRA,4,42,850,,
NIFRA,17,42,10,,
NIFRA,39,42,200,,
NIFRA,50,42,100,,
NIFRA,48,42,20,,
NIFRA,14,42,30,,
NIFRA,17,42,100,,
NIFRA,22,42,40,,
NIFRA,13,42,60,,
NIFRA,21,42,100,,
NIFRA,14,42,300,,
NIFRA,41,42,20,,
NIFRA,36,42,100,,
NIFRA,21,42,50,,
NIFRA,38,42,50,,
NIFRA,43,42,100,,
NIFRA,44,42,100,,
NIFRA,17,42,37,,
NIFRA,7,42,50,,
NIFRA,7,42,10,,
NIFRA,14,42,50,,
NIFRA,45,42,10,,
NIFRA,52,42,51,,
NIFRA,48,42,30,,
NIFRA,38,42,100,,
NIFRA,51,42,25,,
NIFRA,34,42,11,,
NIFRA,25,42,100,,
NIFRA,22,42,1000,,
NIFRA,46,42,555,,
KRBL,57,14,118,,
API,41,51,138,,
API,58,51,43,,
API,53,51,100,,
API,21,51,312,,
API,34,51,100,,
API,1,51,50,,
API,1,51,20,,
API,42,51,25,,
API,14,51,50,,
API,52,51,200,,
API,41,51,10,,
API,3,51,100,,
API,21,51,100,,
API,47,51,1472,,
MFIL,38,57,20,,
MFIL,6,57,50,,
MFIL,14,57,100,,
JLI,50,14,10,,
GRDBL,7,6,51,,
MEGA,18,22,150,,
MEGA,17,22,47,,
PPCL,14,1,10,,
NABIL,13,38,10,,
LBL,28,17,10,,
UMHL,45,47,238,,
UMHL,34,47,30,,
UPPER,1,34,52,,
PSF,48,36,500,,
NLIC,34,42,10,,
NLIC,26,42,10,,
NLIC,3,42,10,,
NLIC,32,42,26,,
NHPC,5,26,350,,
NHPC,13,26,50,,
SIFC,45,34,400,,
SIFC,45,34,100,,
KPCL,36,58,20,,
SGI,36,16,10,,
AHPC,48,20,50,,
CHCL,58,59,100,,
SHINE,1,56,100,,
NTC,49,51,47,,
NTC,48,56,10,,
SAHAS,55,49,10,,
NFS,41,17,200,,
NFS,29,17,100,,
NFS,35,17,10,,
NFS,44,17,200,,
NFS,52,17,30,,
NFS,22,17,10,,
NFS,47,17,50,,
NFS,58,17,10,,
NFS,35,17,10,,
KSBBL,14,20,82,,
KSBBL,49,20,500,,
KSBBL,26,20,50,,
KSBBL,10,20,368,,
LGIL,51,42,20,,
JOSHI,28,33,15,,
NRIC,44,48,60,,
HDHPC,54,56,810,,
BPCL,53,56,115,,
SIFC,38,6,50,,
SSHL,21,19,20,,
API,47,45,100,,
CBBL,59,45,15,,
CIT,38,35,10,,
CIT,32,35,20,,
CIT,38,35,20,,
LBBL,38,34,100,,
SBI,38,43,4220,,
BARUN,44,50,400,,
BARUN,38,50,100,,
BARUN,52,50,20,,
SKBBL,36,35,28,,
SKBBL,14,35,27,,
SKBBL,45,35,50,,
SKBBL,45,35,10,,
SKBBL,29,35,50,,
SKBBL,14,35,10,,
SKBBL,14,35,25,,
CZBIL,41,49,300,,
PLI,7,51,10,,
CIT,37,56,50,,
CHL,47,45,71,,
NIFRA,46,6,185,,
AHPC,39,20,300,,
HPPL,43,42,50,,
HPPL,33,42,100,,
HPPL,57,42,100,,
HPPL,11,42,20,,
HPPL,7,42,100,,
HPPL,29,42,300,,
HPPL,28,42,90,,
HPPL,59,42,30,,
HPPL,11,42,50,,
HPPL,14,42,100,,
HPPL,45,42,15,,
HPPL,45,42,50,,
HPPL,35,42,166,,
HPPL,59,42,20,,
HPPL,14,42,100,,
HPPL,57,42,100,,
HPPL,56,42,20,,
HPPL,14,42,90,,
HPPL,34,42,200,,
HPPL,17,42,155,,
HPPL,29,42,146,,
MEGA,17,41,14,,
NIL,1,58,380,,
RMDC,34,54,200,,
HPPL,58,42,608,,
HPPL,33,42,1200,,
HPPL,32,42,100,,
HPPL,42,42,500,,
HPPL,45,42,20,,
HPPL,6,42,100,,
HPPL,55,42,100,,
HPPL,42,42,1000,,
HPPL,58,42,500,,
HPPL,34,42,200,,
HPPL,29,42,20,,
MLBL,28,36,250,,
HPPL,37,42,300,,
MLBL,45,36,100,,
HPPL,58,42,10,,
MLBL,42,36,100,,
HPPL,34,42,100,,
MLBL,10,36,50,,
HPPL,59,42,50,,
HPPL,1,42,230,,
HPPL,54,42,500,,
HPPL,52,42,10,,
HPPL,52,42,50,,
JBBL,17,35,10,,
HPPL,28,42,100,,
HPPL,38,42,200,,
HPPL,41,42,25,,
HPPL,18,42,100,,
HPPL,5,42,200,,
HPPL,22,42,15,,
HPPL,14,42,500,,
HPPL,59,42,1140,,
HPPL,19,42,20,,
HPPL,10,42,100,,
JLI,22,25,10,,
SJCL,16,25,100,,
SKBBL,17,1,20,,
SKBBL,1,1,60,,
SKBBL,59,1,10,,
NIFRA,43,45,20,,
NIFRA,43,56,20,,
UIC,45,53,70,,
SAHAS,55,56,10,,
MFIL,53,6,100,,
AIL,22,55,43,,
MFIL,18,57,10,,
SAHAS,55,52,10,,
MERO,48,48,20,,
MERO,49,48,30,,
MERO,49,48,50,,
MERO,21,48,10,,
MERO,6,48,20,,
PMHPL,26,53,50,,
CLBSL,18,45,65,,
NIFRA,46,14,260,,
NIFRA,21,14,10,,
NIFRA,42,14,65,,
NIFRA,49,14,25,,
MLBL,10,38,200,,
CZBIL,49,49,172,,
CZBIL,49,49,117,,
EDBL,26,49,50,,
CZBIL,49,13,11,,
EDBL,33,49,150,,
AKJCL,45,58,87,,
SHINE,41,35,50,,
MEGA,17,53,39,,
MEGA,11,53,100,,
MEGA,42,53,45,,
MEGA,50,53,116,,
NMB,44,59,151,,
NMB,5,59,20,,
NMB,5,59,30,,
NMB,42,59,50,,
NMB,19,59,25,,
NMB,5,59,50,,
NMB,19,59,100,,
NMB,58,59,150,,
NMB,55,59,20,,
LEC,32,6,250,,
SBL,39,1,40,,
BBC,17,21,20,,
SIGS2,16,42,500,,
SANIMA,17,44,100,,
PRVU,44,6,163,,
MEGA,50,4,121,,
KSBBL,57,39,90,,
SBI,17,43,70,,
UPCL,58,6,70,,
MLBL,10,32,2980,,
SLI,38,25,10,,
LBBL,1,34,50,,
UPPER,1,8,335,,
GBBL,37,41,10,,
GBBL,37,5,100,,
GBIME,19,49,10,,
API,47,45,300,,
NABIL,34,17,200,,
AIL,22,25,10,,
PCBL,43,14,30,,
PCBL,43,58,21,,
PCBL,43,42,20,,
AHPC,45,35,14,,
NRN,55,42,595,,
NRN,55,40,105,,
KSBBL,10,38,10,,
NTC,49,21,50,,
LBBL,43,34,100,,
CZBIL,21,13,147,,
NTC,49,41,35,,
AKJCL,57,58,36,,
AKJCL,57,48,40,,
AHPC,48,35,186,,
AHPC,48,42,314,,
CIT,46,7,6,,
CIT,19,7,14,,
CIT,19,33,86,,
BARUN,49,56,50,,
NUBL,1,59,96,,
NUBL,16,59,13,,
KPCL,5,41,150,,
NLIC,32,1,259,,
NLIC,32,19,15,,
SWBBL,11,50,7,,
SWBBL,19,50,25,,
SWBBL,56,50,68,,
SHINE,1,35,50,,
HIDCL,57,19,200,,
SAHAS,55,45,10,,
CZBIL,49,49,200,,
CZBIL,49,49,500,,
NHPC,40,40,25,,
NHPC,54,40,15,,
NHPC,54,40,50,,
GBIME,16,49,50,,
MFIL,16,57,100,,
API,47,45,128,,
API,59,45,10,,
API,43,45,50,,
API,58,45,50,,
API,55,45,200,,
API,8,45,50,,
API,22,45,12,,
SBI,36,36,12,,
SBI,36,34,90,,
SHINE,38,35,20,,
NHDL,47,40,49,,
SHPC,25,34,100,,
SHPC,51,34,1000,,
SHPC,49,34,20,,
SHPC,17,34,50,,
NFS,49,52,77,,
NFS,6,52,120,,
SLI,13,54,250,,
SHINE,13,57,242,,
NICL,7,56,80,,
BFC,4,14,100,,
NHPC,54,32,100,,
NHPC,57,32,120,,
AKPL,17,36,20,,
SANIMA,57,55,10,,
SANIMA,45,55,10,,
SANIMA,47,55,60,,
SANIMA,17,55,300,,
SANIMA,8,55,20,,
SANIMA,39,55,50,,
SANIMA,34,55,50,,
NUBL,16,56,87,,
RADHI,7,36,10,,
RADHI,18,36,1580,,
NGPL,7,42,100,,
NGPL,25,42,100,,
NGPL,56,42,500,,
NGPL,4,42,100,,
NGPL,58,42,10,,
NGPL,6,42,40,,
NGPL,29,42,200,,
NGPL,37,42,100,,
NGPL,52,42,10,,
NGPL,57,42,10,,
NGPL,16,42,100,,
MLBL,38,32,250,,
NGPL,42,42,500,,
NGPL,38,42,20,,
NGPL,6,42,50,,
NGPL,36,42,500,,
NGPL,37,42,20,,
NGPL,11,42,20,,
NGPL,58,42,35,,
NGPL,34,42,20,,
NGPL,25,42,150,,
NGPL,32,42,50,,
NGPL,10,42,500,,
NGPL,10,42,500,,
NGPL,41,42,30,,
NGPL,35,42,10,,
NGPL,46,42,100,,
NGPL,45,42,50,,
NGPL,38,42,50,,
KBL,28,17,50,,
NGPL,28,42,2000,,
NGPL,21,42,50,,
NGPL,57,42,300,,
NGPL,57,42,100,,
NGPL,49,42,20,,
NGPL,17,42,50,,
NGPL,39,42,27,,
NGPL,39,42,25,,
NGPL,3,42,200,,
NGPL,46,42,500,,
NGPL,16,42,100,,
NGPL,33,42,100,,
NGPL,6,42,100,,
NGPL,29,42,20,,
NGPL,7,42,10000,,
NGPL,28,42,1000,,
NGPL,7,42,100,,
NGPL,54,42,25,,
NGPL,45,42,100,,
NGPL,41,42,315,,
NGPL,3,42,500,,
NGPL,58,42,1000,,
NGPL,38,42,50,,
NGPL,33,42,300,,
NGPL,4,42,100,,
NGPL,26,42,50,,
NGPL,38,42,150,,
NGPL,41,42,20,,
NGPL,52,42,10,,
NGPL,50,42,200,,
NGPL,49,42,3000,,
NGPL,14,42,50,,
NGPL,26,42,300,,
NGPL,26,42,50,,
NGPL,54,42,15,,
NGPL,57,42,50,,
NGPL,13,42,10,,
NGPL,58,42,40,,
NGPL,48,42,10,,
KSBBL,10,20,102,,
NGPL,25,42,100,,
NGPL,46,42,400,,
KSBBL,26,20,50,,
NGPL,41,42,200,,
KSBBL,57,20,100,,
NGPL,57,42,50,,
KSBBL,36,20,50,,
NGPL,59,42,250,,
KSBBL,1,20,20,,
NGPL,38,42,30,,
KSBBL,58,20,200,,
NGPL,25,42,100,,
KSBBL,52,20,20,,
NGPL,34,42,500,,
KSBBL,36,20,20,,
NGPL,32,42,100,,
KSBBL,59,20,50,,
NGPL,41,42,10,,
KSBBL,35,20,150,,
NGPL,39,42,20,,
KSBBL,51,20,25,,
NGPL,10,42,500,,
KSBBL,29,20,100,,
NGPL,28,42,20,,
KSBBL,36,20,500,,
NGPL,6,42,100,,
KSBBL,50,20,190,,
NGPL,48,42,400,,
KSBBL,48,20,30,,
NGPL,22,42,150,,
KSBBL,47,20,1000,,
NGPL,28,42,600,,
KSBBL,17,20,15,,
NGPL,45,42,2000,,
KSBBL,17,20,150,,
NGPL,28,42,600,,
KSBBL,58,20,60,,
NGPL,26,42,100,,
KSBBL,11,20,50,,
NGPL,28,42,200,,
KSBBL,22,20,100,,
NGPL,8,42,52,,
KSBBL,32,20,20,,
NGPL,40,42,80,,
KSBBL,48,20,900,,
NGPL,28,42,600,,
KSBBL,22,20,23,,
NGPL,51,42,14,,
KSBBL,34,20,75,,
NGPL,32,42,500,,
NGPL,18,42,50,,
NGPL,6,42,10,,
AKJCL,22,49,200,,
HDL,54,56,20,,
PROFL,4,29,10,,
ICFC,55,40,200,,
SANIMA,21,44,200,,
SANIMA,21,52,100,,
SLI,38,56,10,,
JBLB,43,7,20,,
JBLB,17,7,20,,
JBLB,42,7,10,,
JBLB,33,7,50,,
GFCL,45,21,50,,
GFCL,45,21,500,,
GFCL,45,21,150,,
CBBL,43,26,11,,
CBBL,43,55,34,,
SAHAS,55,43,10,,
NBL,47,45,50,,
AHPC,58,42,260,,
NHPC,19,42,62,,
NHPC,19,56,138,,
API,22,45,488,,
API,42,45,101,,
API,58,45,300,,
API,52,45,20,,
API,17,45,91,,
NTC,49,11,18,,
BFC,4,14,329,,
BFC,28,14,171,,
GFCL,4,59,300,,
NABIL,28,49,10,,
NABIL,28,34,10,,
NABIL,28,59,100,,
NABIL,28,6,30,,
NABIL,28,41,50,,
GILB,38,42,22,,
JOSHI,43,45,200,,
AKPL,20,36,74,,
NUBL,54,56,90,,
ICFCD83,41,59,25,,
ICFCD83,45,59,25,,
RLI,42,39,20,,
SLICL,28,34,83,,
SLICL,45,34,10,,
SLICL,59,34,200,,
SLICL,50,34,51,,
SLICL,43,34,25,,
HDL,5,56,10,,
HDL,37,56,10,,
MBL,16,51,151,,
HIDCL,58,58,100,,
AHPC,57,42,300,,
AHPC,35,42,10,,
AHPC,58,42,10,,
AHPC,4,42,556,,
AHPC,13,42,550,,
NABIL,34,40,355,,
NABIL,38,40,50,,
NABIL,13,40,95,,
SMATA,51,4,28,,
HDHPC,34,41,100,,
HDHPC,34,59,721,,
SMATA,1,4,60,,
SMATA,59,4,50,,
SMATA,51,4,21,,
ULI,4,55,10,,
RMDC,34,58,1092,,
LBBL,1,52,50,,
RLFL,56,29,200,,
PRVU,44,13,37,,
PRVU,36,13,20,,
NLIC,3,11,10,,
PRVU,21,13,43,,
CZBIL,21,41,11,,
BARUN,19,51,10,,
BARUN,20,51,200,,
SLI,38,21,10,,
NIFRA,38,56,10,,
AHPC,52,41,10,,
RADHI,18,42,400,,
EDBL,33,47,732,,
EDBL,38,47,200,,
EDBL,42,47,10,,
EDBL,6,47,28,,
EDBL,33,47,30,,
SMFDB,49,3,25,,
CFCL,39,32,40,,
CFCL,34,32,100,,
CFCL,56,32,100,,
CFCL,13,32,50,,
CFCL,52,32,100,,
CFCL,4,32,100,,
CFCL,39,32,10,,
KPCL,35,41,200,,
MNBBL,38,38,100,,
MNBBL,48,38,50,,
MNBBL,57,38,20,,
HDHPC,11,6,115,,
JBBL,16,17,350,,
JBBL,41,17,50,,
JBBL,49,17,100,,
SHEL,35,25,10,,
MFIL,56,57,100,,
MFIL,45,57,50,,
MFIL,55,57,10,,
MFIL,55,57,10,,
MFIL,20,57,50,,
CMF1,48,21,500,,
BFC,43,45,50,,
PROFL,13,29,20,,
SHINE,38,57,30,,
SHINE,22,57,20,,
SHINE,16,57,10,,
MBL,16,54,50,,
ULI,4,41,10,,
CBBL,34,17,100,,
CBBL,11,17,40,,
CBBL,29,17,10,,
UPPER,58,25,1000,,
UPPER,32,25,50,,
UPPER,11,25,50,,
UPPER,16,25,100,,
UPPER,53,25,500,,
UPPER,34,25,500,,
UPPER,26,25,500,,
GRDBL,28,6,199,,
GBIME,42,49,1000,,
GBIME,14,49,100,,
PPCL,58,47,20,,
SAPDBL,20,25,340,,
RADHI,48,57,45,,
AKPL,20,22,34,,
NABIL,28,6,10,,
NABIL,28,7,18,,
SINDU,28,4,15,,
NABIL,28,56,97,,
NABIL,28,17,175,,
RADHI,48,8,80,,
NTC,49,16,100,,
NTC,49,13,40,,
AKJCL,6,48,60,,
MLBL,28,38,50,,
MLBL,58,38,200,,
MLBL,25,38,100,,
MLBL,52,38,150,,
MLBL,19,38,10,,
MLBL,25,38,100,,
MLBL,6,38,50,,
MLBL,51,38,100,,
MLBL,58,38,100,,
MLBL,19,38,10,,
MLBL,34,38,100,,
MLBL,48,38,30,,
MLBL,19,38,200,,
MLBL,14,38,100,,
MLBL,5,38,100,,
MLBL,20,38,100,,
NIFRA,49,42,275,,
NIFRA,43,42,50,,
NIFRA,38,42,50,,
NIFRA,57,42,50,,
NIFRA,58,42,25,,
DHPL,52,41,10,,
SAHAS,55,20,170,,
PLI,7,16,10,,
NABIL,13,34,25,,
LBBL,21,49,30,,
SAPDBL,20,52,100,,
MLBS,20,47,50,,
UPPER,48,28,10,,
MEGA,50,25,50,,
HPPL,29,34,54,,
HPPL,42,34,40,,
SINDU,28,34,30,,
HPPL,7,34,100,,
JBBL,49,46,200,,
CBL,10,43,300,,
CBL,4,58,118,,
MLBS,4,50,10,,
CHL,47,43,29,,
CHL,28,43,40,,
CHL,58,43,25,,
CHL,17,43,50,,
CHL,14,43,56,,
JOSHI,43,22,20,,
CFCL,4,7,70,,
NABIL,28,17,215,,
NABIL,28,4,85,,
KSBBL,34,20,425,,
KSBBL,49,20,100,,
KSBBL,38,20,100,,
KSBBL,21,20,100,,
KSBBL,51,20,100,,
KSBBL,14,20,50,,
KSBBL,13,20,200,,
KSBBL,45,20,15,,
KSBBL,38,20,200,,
KSBBL,50,20,50,,
KSBBL,58,20,100,,
KSBBL,54,20,60,,
NTC,26,13,50,,
ICFC,55,42,23,,
ICFC,52,42,10,,
CCBL,32,49,400,,
RHPL,32,57,20,,
SHINE,35,57,50,,
NICLBSL,42,53,30,,
MLBSL,57,6,100,,
SMB,1,4,10,,
SMB,17,4,200,,
SMB,17,4,200,,
SMB,26,4,10,,
SMB,56,4,20,,
SMB,36,4,30,,
SMB,25,4,20,,
SMB,36,4,20,,
UPPER,45,28,50,,
AHPC,38,41,20,,
AHPC,38,6,80,,
GILB,38,42,22,,
LICN,41,43,150,,
LICN,41,17,60,,
NTC,17,13,100,,
KSBBL,17,57,75,,
CZBIL,21,28,13,,
GBIME,58,49,300,,
NABBC,38,26,100,,
NHPC,55,56,812,,
NHPC,55,1,88,,
RSDC,57,40,10,,
SBI,36,38,37,,
SSHL,59,19,160,,
SSHL,59,6,740,,
CHL,41,19,10,,
MEGA,50,51,13,,
MEGA,34,51,600,,
MEGA,21,51,100,,
GIMES1,28,38,2000,,
ICFC,52,38,50,,
AHPC,13,44,250,,
HDL,58,45,5,,
HDL,58,7,15,,
HDL,52,7,85,,
UPPER,45,44,50,,
UPPER,57,44,100,,
SHPC,17,34,50,,
AKJCL,34,26,100,,
SAHAS,55,58,10,,
SICL,34,4,1,,
MLBL,18,32,20,,
MLBL,1,32,500,,
MLBL,54,32,50,,
SPDL,46,49,45,,
SPDL,14,49,260,,
SPDL,55,49,40,,
SPDL,58,49,16,,
SPDL,22,49,14,,
SPDL,45,49,100,,
SPDL,6,49,21,,
SPDL,6,49,10,,
SPDL,7,49,39,,
SPDL,57,49,24,,
SCB,20,58,49,,
MLBL,53,36,200,,
MLBL,7,57,43,,
GBIME,19,45,40,,
IGI,58,42,161,,
IGI,58,42,1000,,
IGI,32,42,50,,
IGI,58,42,4000,,
IGI,39,42,300,,
IGI,39,42,473,,
IGI,16,42,100,,
IGI,22,42,1000,,
IGI,54,42,60,,
IGI,55,42,10,,
IGI,58,42,55,,
IGI,44,42,840,,
IGI,55,42,50,,
IGI,34,42,100,,
IGI,14,42,50,,
IGI,32,42,10,,
IGI,45,42,200,,
IGI,26,42,76,,
KBL,28,17,440,,
KBL,34,17,40,,
KBL,51,17,20,,
PRVU,21,1,80,,
SWBBL,58,34,10,,
IGI,38,42,34,,
IGI,53,42,500,,
IGI,48,42,50,,
IGI,44,42,200,,
IGI,32,42,50,,
IGI,55,42,100,,
IGI,3,42,200,,
IGI,57,42,20,,
IGI,55,42,50,,
IGI,54,42,60,,
IGI,16,42,12,,
IGI,55,42,19,,
IGI,48,42,100,,
IGI,49,42,400,,
IGI,47,42,150,,
IGI,49,42,100,,
IGI,50,42,10,,
IGI,36,42,50,,
IGI,49,42,100,,
IGI,26,42,10,,
IGI,56,42,500,,
IGI,26,42,500,,
IGI,54,42,100,,
IGI,26,42,30,,
IGI,36,42,30,,
IGI,45,42,100,,
NBB,11,36,300,,
KBL,4,42,222,,
KBL,4,49,278,,
NHDL,47,1,40,,
NHDL,28,1,10,,
GUFL,53,45,70,,
GBIME,58,11,10,,
GBIME,57,11,100,,
LBBL,16,49,15,,
EBL,58,25,100,,
HDL,52,16,15,,
NIFRA,46,58,10,,
NIFRA,46,53,40,,
NRIC,48,38,60,,
PFL,48,41,200,,
LGIL,51,57,14,,
AIL,50,25,30,,
AIL,35,25,10,,
AIL,14,25,90,,
AIL,48,25,200,,
AIL,41,25,30,,
AIL,47,25,100,,
AIL,51,25,10,,
AIL,34,25,500,,
AIL,25,25,100,,
ALICL,5,50,350,,
ALICL,49,50,100,,
ALICL,45,50,50,,
ALICL,56,50,100,,
ALICL,39,50,50,,
ALICL,45,50,100,,
ALICL,34,50,30,,
ALICL,26,50,50,,
ALICL,34,50,400,,
ALICL,7,50,10,,
ALICL,45,50,100,,
ALICL,57,50,50,,
ALICL,45,50,15,,
ALICL,47,50,33,,
ALICL,7,50,50,,
API,17,8,20,,
SPDL,57,48,65,,
SPDL,41,48,30,,
KSBBL,45,57,100,,
SAPDBL,20,45,60,,
SAPDBL,32,45,250,,
SMFBS,42,4,50,,
AIL,10,25,20,,
ALICL,58,50,10,,
ALICL,4,50,13,,
ALICL,11,50,50,,
ALICL,21,50,100,,
ALICL,56,50,100,,
ALICL,49,50,20,,
ALICL,36,50,50,,
ALICL,35,50,10,,
ALICL,42,50,50,,
ALICL,49,50,100,,
AIL,55,22,10,,
PMHPL,26,21,50,,
MNBBL,45,17,50,,
NHPC,34,1,1912,,
AKPL,20,25,22,,
NMB,34,13,200,,
NMB,19,13,50,,
NMB,32,13,100,,
NMB,16,13,1000,,
NMB,45,13,398,,
SHIVM,10,35,168,,
SHIVM,19,35,100,,
SHIVM,48,35,22,,
SHIVM,38,35,10,,
CCBL,32,49,400,,
HIDCL,58,58,85,,
SAHAS,55,38,10,,
NABIL,13,50,100,,
GUFL,53,44,150,,
NLIC,57,14,12,,
NLIC,50,14,30,,
GLH,58,34,430,,
UPCL,58,34,100,,
GIC,39,51,150,,
CBBL,21,26,15,,
SSHL,59,6,1100,,
SJCL,47,46,500,,
SJCL,47,14,312,,
PMHPL,26,29,150,,
PMHPL,26,29,900,,
GLH,44,34,20,,
AKPL,20,49,370,,
LBBL,26,49,178,,
NCCB,7,58,30,,
MLBL,41,57,290,,
KKHC,13,14,190,,
EBL,5,38,20,,
NABIL,13,54,50,,
NABIL,40,17,60,,
SHINE,57,57,20,,
SJCL,16,25,135,,
SJCL,36,25,465,,
CHCL,42,59,13,,
CHCL,29,59,100,,
CHCL,6,59,10,,
CHCL,25,59,100,,
CHCL,13,59,308,,
CIT,34,33,14,,
CHL,14,33,60,,
NGPL,38,34,20,,
SSHL,26,6,30,,
SHINE,57,57,50,,
NBL,58,45,12,,
BPCL,58,57,97,,
BPCL,D01,57,249,,
JBBL,43,46,100,,
SBI,36,22,148,,
SBI,38,22,82,,
ADBL,33,42,20,,
ADBL,22,42,20,,
ADBL,49,42,150,,
ADBL,29,42,115,,
ADBL,14,42,1000,,
ADBL,40,42,500,,
ADBL,43,42,100,,
ADBL,54,42,100,,
ADBL,38,42,10,,
ADBL,45,42,200,,
HPPL,58,4,18,,
ADBL,59,42,420,,
STC,57,4,10,,
ADBL,13,42,50,,
STC,44,4,20,,
ADBL,6,42,75,,
STC,58,4,10,,
ADBL,34,42,100,,
STC,34,4,10,,
ADBL,19,42,10,,
STC,25,4,10,,
ADBL,21,42,100,,
ADBL,44,42,100,,
ADBL,34,42,100,,
ADBL,3,42,500,,
ADBL,28,42,200,,
ADBL,1,42,25,,
ADBL,1,42,150,,
ADBL,43,42,12,,
ADBL,51,42,10,,
ADBL,58,42,500,,
ADBL,33,42,1000,,
ADBL,54,42,10,,
ADBL,57,42,100,,
ADBL,33,42,16,,
ADBL,45,42,50,,
ADBL,52,42,100,,
ADBL,34,42,50,,
ADBL,34,42,50,,
ADBL,42,42,100,,
ADBL,49,42,55,,
ADBL,52,42,100,,
ADBL,41,42,100,,
ADBL,33,42,25,,
ADBL,59,42,10,,
ADBL,21,42,160,,
ADBL,38,42,50,,
ADBL,6,42,50,,
ADBL,14,42,50,,
ADBL,26,42,100,,
ADBL,6,42,10,,
ADBL,59,42,100,,
ADBL,34,42,100,,
ADBL,1,42,150,,
ADBL,14,42,500,,
ADBL,36,42,200,,
ADBL,36,42,200,,
ADBL,49,42,200,,
ADBL,45,42,50,,
ADBL,48,42,30,,
ADBL,36,42,100,,
ADBL,53,42,150,,
ADBL,40,42,500,,
ADBL,45,42,43,,
ADBL,22,42,10,,
ADBL,35,42,150,,
ADBL,16,42,100,,
MLBL,50,57,100,,
ADBL,58,42,100,,
ADBL,42,42,50,,
ADBL,57,42,100,,
ADBL,28,42,50,,
ADBL,51,42,23,,
ADBL,7,42,105,,
ADBL,17,42,1000,,
ADBL,57,42,10,,
ADBL,33,42,50,,
ADBL,5,42,50,,
ADBL,38,42,50,,
ADBL,49,42,30,,
ADBL,38,42,50,,
ADBL,21,42,300,,
ADBL,36,42,200,,
ADBL,42,42,50,,
ADBL,16,42,50,,
ADBL,4,42,30,,
ADBL,49,42,20,,
ADBL,44,42,100,,
ADBL,51,42,80,,
ADBL,47,42,500,,
ADBL,46,42,10,,
ADBL,53,42,100,,
ADBL,34,42,10,,
ADBL,41,42,20,,
ADBL,22,42,100,,
ADBL,32,42,20,,
ADBL,39,42,100,,
ADBL,38,42,15,,
ADBL,33,42,400,,
ADBL,21,42,50,,
ADBL,13,42,50,,
ADBL,19,42,10,,
ADBL,33,42,2000,,
ADBL,53,42,20,,
ADBL,14,42,50,,
ADBL,25,42,100,,
ADBL,1,42,10,,
ADBL,45,42,487,,
ADBL,45,42,20,,
ADBL,35,42,20,,
ADBL,36,42,500,,
ADBL,10,42,459,,
ADBL,25,42,30,,
ADBL,34,42,42,,
ADBL,42,42,110,,
ADBL,49,42,10,,
ADBL,25,42,100,,
ADBL,32,42,30,,
NTC,54,53,50,,
ADBL,19,42,20,,
ADBL,51,42,50,,
ADBL,41,42,86,,
CHCL,13,38,100,,
CFCL,35,7,50,,
CFCL,4,7,20,,
CFCL,53,7,20,,
CFCL,46,7,10,,
CFCL,56,7,100,,
CFCL,39,7,50,,
CFCL,58,7,50,,
CFCL,7,7,100,,
CFCL,36,7,48,,
CFCL,45,7,100,,
CFCL,38,7,100,,
NLIC,25,11,20,,
AKPL,50,39,10,,
NSLB,45,56,29,,
NSLB,58,56,25,,
NSLB,49,56,30,,
NSLB,34,56,50,,
NSLB,45,56,106,,
NSLB,22,56,10,,
GFCL,48,59,500,,
GFCL,48,41,100,,
GFCL,48,49,10,,
GFCL,48,50,100,,
GFCL,48,38,100,,
GFCL,48,58,30,,
GFCL,48,57,50,,
GFCL,48,59,500,,
GFCL,48,42,900,,
GFCL,48,59,100,,
SAHAS,55,52,10,,
HIDCL,58,45,15,,
SSHL,57,1,50,,
SLBBL,16,57,20,,
SLBBL,58,57,30,,
SLBBL,13,57,50,,
MLBSL,38,18,17,,
SSHL,52,6,100,,
UPPER,57,45,100,,
BPCL,4,50,100,,
SMFDB,49,3,80,,
PRIN,13,37,90,,
NMB,45,28,102,,
NMB,26,28,200,,
NMB,56,28,40,,
NMB,21,28,199,,
NMB,57,28,100,,
NMB,48,28,10,,
NMB,11,28,59,,
NMB,17,28,30,,
NMB,48,28,10,,
RADHI,48,55,125,,
BOKL,4,29,158,,
BOKL,58,29,20,,
BOKL,4,29,82,,
NRIC,19,55,95,,
KBL,6,49,26,,
API,50,11,578,,
RLFL,11,8,70,,
SAHAS,55,49,10,,
SFCL,28,42,300,,
SFCL,3,42,500,,
SFCL,21,42,100,,
SFCL,3,42,440,,
SFCL,48,42,100,,
SFCL,10,42,3000,,
SFCL,14,42,500,,
SFCL,21,42,200,,
SFCL,25,42,810,,
SFCL,47,42,200,,
SFCL,58,42,3000,,
SFCL,42,42,132,,
SFCL,3,42,500,,
SFCL,58,42,25,,
SFCL,38,42,50,,
SFCL,26,42,500,,
SFCL,33,42,300,,
SFCL,48,42,50,,
SFCL,45,42,100,,
SFCL,42,42,50,,
SFCL,45,42,100,,
SFCL,38,42,100,,
SINDU,28,42,550,,
SINDU,14,42,100,,
SINDU,28,42,1000,,
SINDU,13,42,150,,
KSBBL,54,20,40,,
KSBBL,38,20,35,,
KSBBL,13,20,80,,
CBBL,54,26,50,,
CBBL,35,26,12,,
CBBL,55,26,100,,
SFCL,6,42,30,,
SFCL,5,42,200,,
SFCL,58,42,50,,
SFCL,43,42,100,,
SFCL,6,42,100,,
SFCL,28,42,200,,
SFCL,38,42,100,,
SFCL,28,42,800,,
SFCL,7,42,500,,
SFCL,59,42,500,,
SFCL,38,42,500,,
SFCL,13,42,100,,
SFCL,53,42,100,,
SFCL,16,42,500,,
SFCL,20,42,50,,
SFCL,40,42,10,,
SFCL,56,42,100,,
SFCL,58,42,25,,
SFCL,53,42,100,,
SFCL,53,42,100,,
SFCL,21,42,100,,
SFCL,39,42,450,,
SFCL,49,42,100,,
SFCL,53,42,100,,
SFCL,8,42,200,,
SFCL,50,42,50,,
SFCL,57,42,10,,
SFCL,42,42,10,,
SFCL,28,42,300,,
SFCL,26,42,500,,
SFCL,35,42,50,,
SFCL,29,42,1000,,
SFCL,52,42,50,,
SFCL,17,42,50,,
SFCL,28,42,400,,
SFCL,38,42,200,,
SFCL,34,42,20,,
SFCL,20,42,100,,
SFCL,50,42,25,,
SFCL,10,42,200,,
SFCL,49,42,50,,
SFCL,8,42,50,,
SFCL,57,42,200,,
SFCL,26,42,500,,
SFCL,50,42,300,,
SFCL,3,42,400,,
SFCL,8,42,200,,
SFCL,45,42,200,,
SFCL,35,42,200,,
SFCL,45,42,50,,
SFCL,3,42,300,,
SFCL,21,42,30,,
SFCL,3,42,50,,
SFCL,16,42,100,,
SFCL,21,42,100,,
SFCL,28,42,100,,
SFCL,59,42,1000,,
SFCL,50,42,200,,
SFCL,19,42,500,,
SFCL,17,42,100,,
GBIME,42,49,60,,
SFCL,34,42,20,,
SAHAS,55,45,50,,
NRIC,46,55,40,,
BPCL,D01,14,20,,
SADBL,10,59,18,,
NLIC,26,21,21,,
GFCL,34,34,25,,
GBIME,45,49,25,,
NIFRA,4,21,50,,
NIFRA,42,21,50,,
PROFL,48,29,20,,
PROFL,11,29,21,,
LBBL,26,10,22,,
MLBL,45,57,39,,
RHPL,45,25,100,,
RHPL,28,25,1000,,
NLIC,58,1,11,,
API,50,49,50,,
NLIC,26,55,450,,
NLIC,6,55,50,,
CZBIL,21,45,29,,
STC,53,13,11,,
GMFIL,26,6,500,,
GMFIL,53,6,200,,
GMFIL,3,6,100,,
GMFIL,45,6,300,,
GMFIL,48,6,200,,
GMFIL,13,6,150,,
GMFIL,13,6,100,,
GMFIL,34,6,500,,
GMFIL,51,6,200,,
GMFIL,53,6,402,,
AKJCL,38,26,100,,
AKJCL,59,21,8,,
AKJCL,59,14,42,,
SFCL,3,14,498,,
SFCL,46,14,102,,
NHPC,34,41,88,,
SJCL,36,45,35,,
NTC,54,42,15,,
SJCL,13,45,200,,
SJCL,16,45,100,,
SJCL,45,45,205,,
LBBL,45,10,50,,
LBBL,33,10,50,,
LBBL,7,10,100,,
LBBL,32,10,500,,
LBBL,34,10,800,,
LBBL,45,10,50,,
LBBL,40,10,10,,
LBBL,57,10,200,,
LBBL,46,10,218,,
LICN,17,42,30,,
PIC,35,13,19,,
SFCL,46,53,200,,
GLH,58,25,10,,
MFIL,6,57,50,,
MFIL,45,57,50,,
KSBBL,39,57,170,,
MLBL,45,26,50,,
HIDCL,21,55,18,,
HIDCL,21,7,80,,
NABIL,21,45,20,,
AHPC,43,45,5,,
AHPC,49,45,50,,
SPDL,45,49,41,,
KSBBL,13,41,20,,
OHL,7,33,110,,
OHL,7,33,100,,
SSHL,57,32,335,,
SSHL,43,32,165,,
NCCB,21,58,20,,
SCB,58,25,28,,
SCB,48,25,15,,
SCB,44,25,100,,
SCB,14,25,857,,
AHPC,28,44,21,,
UMHL,28,7,1000,,
UMHL,34,7,500,,
UMHL,33,7,100,,
UMHL,49,7,35,,
UMHL,41,7,100,,
UMHL,29,7,100,,
UMHL,4,7,500,,
UMHL,6,7,400,,
UMHL,45,7,59,,
UMHL,5,7,50,,
UMHL,59,7,75,,
UPCL,46,56,450,,
UPCL,46,42,550,,
NBL,58,11,10,,
SIL,36,1,76,,
NRIC,41,55,50,,
NRIC,53,55,100,,
NRIC,49,55,100,,
NRIC,49,55,75,,
NRIC,48,55,40,,
RHPL,59,56,50,,
JBBL,21,16,193,,
ADBL,41,54,414,,
ADBL,29,54,15,,
ADBL,26,54,71,,
ULI,4,6,890,,
BPCL,D01,45,20,,
ULI,1,6,110,,
BFC,28,34,100,,
UPCL,13,42,100,,
MNBBL,43,38,100,,
SIFC,34,44,60,,
SIFC,45,44,300,,
SIFC,47,44,50,,
SIFC,17,44,50,,
SIFC,13,44,150,,
SIFC,36,44,600,,
SIFC,7,44,40,,
SIFC,35,44,50,,
SIFC,39,44,240,,
SIFC,57,44,50,,
SIFC,25,44,100,,
SIFC,11,44,100,,
SIFC,34,44,10,,
SIFC,48,44,100,,
SHINE,35,57,50,,
SHINE,44,57,60,,
SHINE,57,57,193,,
FMDBL,17,42,39,,
FMDBL,44,42,50,,
FMDBL,13,42,20,,
FMDBL,33,42,50,,
FMDBL,16,42,50,,
FMDBL,54,42,20,,
FMDBL,38,42,10,,
FMDBL,16,42,20,,
FMDBL,32,42,200,,
FMDBL,35,42,10,,
FMDBL,58,42,25,,
FMDBL,29,42,50,,
FMDBL,25,42,100,,
FMDBL,48,42,50,,
FMDBL,39,42,200,,
FMDBL,41,42,100,,
FMDBL,14,42,30,,
FMDBL,44,42,500,,
FMDBL,16,42,252,,
FMDBL,16,42,600,,
FMDBL,D01,42,1000,,
FMDBL,47,42,50,,
FMDBL,1,42,10,,
FMDBL,54,42,100,,
FMDBL,52,42,25,,
FMDBL,21,42,50,,
SIFC,48,8,100,,
ILBS,53,4,10,,
HIDCL,21,7,20,,
FMDBL,16,42,50,,
FMDBL,57,42,200,,
FMDBL,42,42,100,,
FMDBL,22,42,50,,
FMDBL,59,42,259,,
FMDBL,8,42,500,,
FMDBL,45,42,200,,
FMDBL,42,42,50,,
FMDBL,34,42,10,,
FMDBL,34,42,250,,
FMDBL,34,42,50,,
FMDBL,44,42,500,,
FMDBL,11,42,100,,
FMDBL,20,42,20,,
FMDBL,21,42,20,,
FMDBL,14,42,200,,
FMDBL,14,42,500,,
FMDBL,13,42,110,,
FMDBL,58,42,30,,
FMDBL,45,42,20,,
FMDBL,10,42,200,,
FMDBL,5,42,20,,
FMDBL,57,42,50,,
FMDBL,8,42,500,,
FMDBL,47,42,100,,
FMDBL,8,42,1000,,
FMDBL,34,42,500,,
FMDBL,29,42,200,,
FMDBL,20,42,20,,
FMDBL,43,42,50,,
FMDBL,57,42,150,,
FMDBL,50,42,50,,
FMDBL,50,42,100,,
FMDBL,56,42,100,,
FMDBL,42,42,10,,
FMDBL,37,42,100,,
FMDBL,6,42,20,,
ULI,1,41,10,,
UPPER,57,44,50,,
UPPER,57,58,50,,
SABSL,18,22,10,,
RLI,56,41,90,,
UMHL,45,47,200,,
GBIME,32,49,100,,
SICL,6,59,50,,
NABIL,42,45,50,,
KRBL,57,16,82,,
KRBL,8,16,100,,
KRBL,4,16,20,,
KRBL,34,16,30,,
KRBL,5,16,163,,
GMFIL,53,55,98,,
GMFIL,53,55,50,,
GMFIL,11,55,100,,
SANIMA,14,52,50,,
SAHAS,55,41,10,,
CGH,17,38,50,,
PCBL,57,1,104,,
PCBL,57,1,525,,
PCBL,42,1,100,,
PCBL,20,1,200,,
PCBL,36,1,71,,
CHL,14,57,134,,
CHL,14,57,10,,
CHL,57,57,20,,
CHL,46,57,36,,
API,50,21,200,,
GBIME,50,49,150,,
SAHAS,55,16,10,,
SAHAS,55,58,10,,
MBL,42,54,450,,
RHPL,59,19,450,,
SJCL,42,11,100,,
SJCL,41,11,10,,
SJCL,51,11,50,,
AKPL,50,47,151,,
AKPL,18,47,20,,
AKPL,22,47,129,,
LBBL,46,34,182,,
LBBL,58,34,100,,
LBBL,18,34,83,,
CGH,16,25,90,,
CGH,49,25,60,,
CGH,42,25,30,,
CGH,45,25,10,,
CGH,50,25,10,,
CGH,22,25,10,,
CGH,16,25,10,,
CGH,32,25,30,,
AKPL,34,39,200,,
IGI,26,42,24,,
IGI,55,42,41,,
GBIME,48,49,50,,
ALICL,47,45,17,,
ALICL,40,45,500,,
ALICL,21,45,75,,
ALICL,21,45,125,,
ALICL,25,45,50,,
ALICL,21,45,13,,
ALICL,41,45,10,,
ALICL,42,45,20,,
ALICL,29,45,100,,
ALICL,17,45,30,,
ALICL,59,45,50,,
ALICL,35,45,100,,
ALICL,33,45,50,,
GBIME,41,49,50,,
GBIME,42,49,500,,
GBIME,45,49,50,,
GBIME,49,49,50,,
GBIME,35,49,50,,
GBIME,13,49,200,,
GBIME,52,49,30,,
GBIME,8,49,100,,
GBIME,43,49,200,,
GBIME,45,49,545,,
API,50,35,10,,
API,50,28,27,,
API,50,52,15,,
API,50,47,120,,
SBI,38,51,50,,
MKJC,34,28,10,,
CBBL,35,58,100,,
MLBL,45,38,911,,
MLBL,38,38,50,,
MLBL,35,38,1539,,
SRBL,33,56,100,,
HDHPC,34,49,120,,
KBL,17,49,55,,
KBL,17,54,48,,
KBL,17,57,397,,
LICN,17,58,40,,
TPC,3,6,10,,
MKJC,28,55,60,,
CIT,34,22,36,,
CIT,41,22,16,,
CIT,13,22,10,,
CIT,38,22,10,,
CIT,44,22,10,,
CIT,45,22,20,,
CIT,39,22,50,,
CIT,58,22,30,,
CIT,29,22,10,,
CIT,53,22,20,,
CIT,4,22,10,,
CIT,50,22,13,,
CIT,13,22,45,,
HIDCL,43,55,40,,
SHPC,48,34,1000,,
SHPC,54,34,50,,
SHPC,25,34,100,,
SHPC,48,34,10,,
ILBS,7,45,12,,
ILBS,7,45,18,,
NICLBSL,42,42,10,,
NIFRA,48,41,50,,
NRIC,49,40,25,,
NRIC,36,40,20,,
HIDCL,10,55,65,,
HIDCL,10,8,250,,
HIDCL,10,58,168,,
HIDCL,10,44,17,,
KBL,18,57,48,,
MLBL,22,37,10,,
MKLB,49,46,10,,
HDHPC,34,25,1700,,
HDHPC,34,59,180,,
GIMES1,58,33,100,,
ADBL,29,26,16,,
ADBL,54,26,15,,
ADBL,32,26,15,,
MLBS,41,53,20,,
MLBS,28,53,30,,
HDHPC,3,20,49,,
HDHPC,45,20,240,,
HDHPC,49,20,30,,
HDHPC,42,20,50,,
HDHPC,48,20,100,,
HDHPC,6,20,200,,
HDHPC,11,20,500,,
HDHPC,58,20,100,,
HDHPC,58,20,1000,,
HDHPC,6,20,500,,
HDHPC,17,20,200,,
HDHPC,49,20,150,,
HDHPC,45,20,400,,
HDHPC,42,20,500,,
HDHPC,34,20,500,,
HDHPC,42,20,100,,
HDHPC,44,20,1000,,
HDHPC,3,20,50,,
HDHPC,19,20,10,,
HDHPC,58,20,100,,
HDHPC,53,20,500,,
HDHPC,42,20,26,,
HDHPC,35,20,50,,
HDHPC,44,20,275,,
HDHPC,7,20,10,,
HDHPC,20,20,200,,
HDHPC,32,20,300,,
HDHPC,14,20,500,,
HDHPC,22,20,250,,
ULI,1,25,10,,
HDHPC,11,20,50,,
HDHPC,13,20,50,,
HDHPC,48,20,1000,,
HDHPC,8,20,100,,
HDHPC,37,20,500,,
HDHPC,52,20,410,,
CHDC,18,21,65,,
PMHPL,29,1,250,,
PMHPL,32,1,100,,
PMHPL,49,1,100,,
PMHPL,14,1,19,,
PMHPL,58,1,10,,
PMHPL,22,1,30,,
PMHPL,42,1,250,,
PMHPL,35,1,100,,
PMHPL,25,1,100,,
PMHPL,28,1,1000,,
PMHPL,34,1,200,,
LGIL,51,56,10,,
GBBL,13,42,100,,
CBBL,35,50,88,,
CBBL,34,50,62,,
NABIL,54,45,30,,
SGI,36,56,10,,
NUBL,26,19,41,,
GBLBS,42,42,10,,
SSHL,36,6,250,,
MEN,11,4,40,,
MEN,5,4,300,,
MEN,13,4,50,,
MEN,38,4,20,,
MEN,59,4,90,,
BFC,28,58,129,,
JBBL,13,16,20,,
HIDCL,45,44,283,,
NHPC,57,32,785,,
MFIL,8,50,49,,
MFIL,4,50,51,,
SIC,22,38,10,,
PFL,55,41,100,,
NTC,19,5,100,,
ULI,57,58,10,,
SHEL,35,57,10,,
NMFBS,42,33,50,,
BOKL,4,45,418,,
BOKL,45,45,82,,
KPCL,19,44,126,,
KPCL,46,44,274,,
PFL,32,41,50,,
PFL,4,41,100,,
PFL,48,41,100,,
PFL,35,41,10,,
PFL,32,41,50,,
PFL,8,41,100,,
PFL,57,41,100,,
PFL,38,41,50,,
NLIC,26,34,140,,
CZBIL,43,58,20,,
NIL,58,58,14,,
NICLBSL,42,41,10,,
PRVU,21,5,50,,
HGI,34,5,309,,
DDBL,57,38,40,,
KSBBL,21,57,60,,
KBL,4,57,55,,
KBL,38,57,500,,
SAHAS,55,25,10,,
FMDBL,21,58,20,,
FMDBL,49,58,10,,
FMDBL,34,58,17,,
FMDBL,58,58,100,,
FMDBL,51,58,25,,
FMDBL,7,58,100,,
FMDBL,45,58,279,,
FMDBL,34,58,30,,
HDL,53,37,10,,
NTC,47,5,100,,
NIFRA,48,56,50,,
AKJCL,38,14,100,,
RADHI,18,45,20,,
NICD83/84,45,59,25,,
NICD83/84,45,59,25,,
SLI,38,58,10,,
CMF1,10,21,100,,
SJCL,49,11,100,,
SJCL,45,11,200,,
SJCL,41,11,10,,
SJCL,40,11,100,,
SJCL,16,11,90,,
NABIL,59,48,2,,
AHPC,4,58,144,,
AHPC,38,58,100,,
AHPC,48,58,30,,
AHPC,14,58,50,,
AHPC,49,58,1300,,
NMFBS,59,10,50,,
HIDCL,52,8,100,,
LBBL,51,34,175,,
GBLBS,42,38,40,,
GBLBS,29,38,10,,
STC,37,13,10,,
STC,56,13,20,,
GLH,38,14,25,,
SICL,41,45,10,,
SICL,45,45,20,,
SICL,7,45,300,,
API,17,45,89,,
API,26,45,200,,
API,49,45,50,,
API,38,45,100,,
API,43,45,20,,
API,34,45,19,,
API,41,45,50,,
API,49,45,370,,
API,11,45,100,,
API,36,45,302,,
API,36,43,198,,
API,8,43,200,,
API,14,43,100,,
API,36,43,20,,
API,48,43,232,,
API,46,43,250,,
API,32,47,20,,
CBL,4,25,150,,
CBL,38,25,350,,
CBL,50,25,500,,
STC,53,13,10,,
STC,41,13,20,,
STC,47,13,10,,
STC,49,13,10,,
STC,47,13,10,,
STC,35,13,30,,
MLBS,28,35,10,,
NABIL,6,17,50,,
UPCL,58,44,95,,
GMFIL,13,35,140,,
SHIVM,38,57,40,,
CBBL,34,17,20,,
AHPC,56,58,21,,
LEC,4,47,20,,
SHINE,38,34,15,,
GIC,39,56,10,,
SAHAS,55,57,10,,
CHDC,21,21,100,,
NHPC,17,32,20,,
CHDC,47,21,100,,
CHDC,38,21,250,,
CHDC,48,21,10,,
CHDC,45,21,10,,
CHDC,25,21,50,,
CHDC,49,21,30,,
CHDC,13,21,20,,
CHDC,39,21,35,,
CHDC,48,21,80,,
NHPC,38,32,100,,
API,48,11,768,,
API,38,11,100,,
API,51,11,40,,
API,45,11,50,,
API,11,11,42,,
PRVU,44,32,50,,
MHNL,41,58,50,,
NHPC,42,42,1643,,
NHPC,5,42,200,,
NHPC,58,42,100,,
NHPC,57,42,100,,
NHPC,50,42,500,,
NHPC,55,42,200,,
NHPC,21,42,100,,
NHPC,34,42,1000,,
NHPC,57,42,100,,
NHPC,57,42,150,,
NHPC,36,42,100,,
NHPC,1,42,500,,
NHPC,21,42,500,,
NHPC,16,42,50,,
NHPC,21,42,500,,
NHPC,16,42,500,,
NHPC,26,42,100,,
NHPC,51,42,1000,,
NHPC,52,42,1000,,
NHPC,28,42,1000,,
NHPC,45,42,1100,,
NHPC,50,42,20,,
NHPC,34,42,10,,
NHPC,33,42,300,,
NHPC,57,42,50,,
NHPC,58,42,44,,
NHPC,26,42,100,,
NHPC,57,42,500,,
NHPC,5,42,100,,
NHPC,4,42,30,,
NHPC,44,42,300,,
NHPC,57,42,250,,
NHPC,28,42,200,,
NHPC,6,42,100,,
NHPC,58,42,50,,
NHPC,45,42,100,,
NHPC,21,42,100,,
GMFBS,34,38,26,,
NHPC,50,42,200,,
NHPC,44,42,500,,
NHPC,49,42,50,,
NHPC,50,42,625,,
NHPC,32,42,20,,
NHPC,33,42,500,,
NHPC,51,42,10,,
NHPC,38,42,250,,
NHPC,59,42,500,,
NHPC,20,42,25,,
NHPC,34,42,1000,,
NHPC,46,42,500,,
NHPC,34,42,1000,,
NHPC,55,42,200,,
NHPC,38,42,25,,
NHPC,55,42,1000,,
NHPC,44,42,1200,,
NHPC,58,42,200,,
NHPC,19,42,100,,
NHPC,35,42,200,,
NHPC,36,42,8000,,
NHPC,58,42,100,,
NHPC,28,42,300,,
NHPC,45,42,250,,
NHPC,47,42,200,,
NHPC,10,42,400,,
NHPC,45,42,1000,,
NHPC,49,42,1000,,
NHPC,34,42,500,,
NHPC,4,42,100,,
SCB,14,8,150,,
NHPC,14,42,200,,
NHPC,25,42,150,,
NHPC,8,42,500,,
NHPC,42,42,200,,
NHPC,45,42,200,,
NHPC,17,42,50,,
NHPC,34,42,200,,
NHPC,14,42,120,,
NHPC,26,42,2000,,
NHPC,33,42,100,,
NHPC,59,42,100,,
NHPC,3,42,1000,,
NHPC,17,42,200,,
NHPC,42,42,10000,,
NHPC,36,42,100,,
NHPC,6,42,10,,
NHPC,33,42,20,,
NHPC,26,42,100,,
NHPC,54,42,118,,
NHPC,47,42,200,,
NHPC,49,42,500,,
NHPC,10,42,300,,
NHPC,57,42,100,,
NHPC,16,42,350,,
NHPC,32,42,530,,
SAHAS,55,21,10,,
API,11,21,43,,
API,17,21,58,,
API,57,21,99,,
SHIVM,48,46,28,,
SHIVM,4,46,22,,
SHIVM,57,46,50,,
CZBIL,48,45,40,,
NCCB,7,45,20,,
SRBL,28,36,188,,
SRBL,28,42,12,,
UPPER,48,58,50,,
SLI,35,54,30,,
AKPL,22,36,100,,
CHDC,48,41,10,,
GLICL,40,41,10,,
UMHL,6,47,32,,
VLBS,1,4,158,,
VLBS,16,4,50,,
VLBS,1,4,10,,
VLBS,49,4,20,,
VLBS,34,4,30,,
VLBS,47,4,50,,
VLBS,11,4,50,,
VLBS,57,4,100,,
VLBS,41,4,22,,
VLBS,33,4,10,,
TRH,50,42,160,,
UPPER,48,43,50,,
GIMES1,35,17,4000,,
GIMES1,14,17,2000,,
LBBL,49,38,200,,
MDB,21,7,38,,
API,57,13,401,,
API,49,13,100,,
API,46,13,10,,
API,14,13,50,,
API,33,13,100,,
API,35,13,50,,
API,55,13,500,,
API,4,13,200,,
API,49,13,50,,
API,26,13,200,,
API,28,13,100,,
API,33,13,39,,
NBL,1,34,23,,
NBL,1,34,20,,
NBL,58,34,157,,
AKJCL,45,33,140,,
AKJCL,26,33,200,,
AKJCL,35,33,100,,
AKJCL,17,33,200,,
AKJCL,54,33,50,,
AKJCL,19,33,500,,
AKJCL,46,33,600,,
AKJCL,45,33,200,,
AKJCL,14,33,10,,
MEGA,34,45,400,,
MEGA,57,45,100,,
HDL,53,26,40,,
HDL,58,26,10,,
TPC,3,48,10,,
LBBL,14,34,20,,
TPC,32,48,90,,
SLI,38,57,10,,
RSDC,34,49,31,,
RSDC,38,49,30,,
RSDC,16,49,43,,
MLBS,28,49,10,,
NICA,39,38,20,,
MFIL,4,6,149,,
MFIL,21,6,55,,
NRN,51,21,50,,
SAHAS,55,46,10,,
DDBL,54,42,43,,
DDBL,55,42,10,,
DDBL,58,42,32,,
DDBL,29,42,15,,
SAHAS,55,52,10,,
JBBL,33,16,10,,
API,33,58,61,,
API,45,58,39,,
PROFL,11,26,29,,
PROFL,58,26,99,,
MEGA,43,28,206,,
MEGA,43,34,94,,
ULI,1,53,10,,
SAHAS,55,53,10,,
KPCL,46,5,40,,
KBL,17,54,10,,
API,45,40,300,,
AHPC,49,39,2000,,
HIDCL,45,16,217,,
TRH,38,22,100,,
ULI,1,34,10,,
EBL,5,57,30,,
EBL,17,57,70,,
SSHL,58,6,20,,
UMHL,6,55,20,,
HDHPC,52,4,90,,
HDHPC,52,4,100,,
HDHPC,57,4,10,,
GBIME,45,28,355,,
NTC,49,58,10,,
PLIC,45,50,20,,
EDBL,49,35,10,,
SAHAS,55,58,10,,
BPCL,D01,25,268,,
GBBL,13,32,200,,
SBI,38,46,80,,
SBI,38,32,80,,
ADBL,32,46,85,,
ADBL,42,46,60,,
ADBL,14,46,355,,
MLBSL,58,18,15,,
SHPC,29,51,340,,
MKJC,28,7,10,,
NHPC,35,32,85,,
TPC,32,49,10,,
CCBL,7,49,20,,
NGPL,33,36,100,,
API,45,41,15,,
NFS,6,36,150,,
GBIME,21,26,50,,
ICFC,55,20,642,,
ICFC,55,6,200,,
ICFC,55,58,1000,,
ICFC,55,16,50,,
ICFC,55,22,10,,
ICFC,55,25,30,,
ICFC,55,50,18,,
ICFC,55,34,50,,
HIDCL,57,56,50,,
SGI,36,56,10,,
HIDCL,51,56,50,,
SFCL,46,45,250,,
NABBC,55,6,110,,
NABBC,55,6,190,,
SJCL,26,11,500,,
BPCL,D01,17,13,,
MLBL,35,7,3395,,
MLBL,42,7,103,,
HDHPC,57,11,20,,
HDHPC,32,59,20,,
HDHPC,32,43,30,,
SIFC,20,53,300,,
BPCL,51,26,50,,
BOKL,45,44,259,,
NGPL,16,21,50,,
SHPC,38,34,10,,
SHPC,46,34,365,,
NABIL,54,57,20,,
PFL,38,49,20,,
PFL,58,49,10,,
PFL,55,49,100,,
PFL,57,49,30,,
PFL,53,49,100,,
PFL,28,49,100,,
PFL,19,49,300,,
PFL,57,49,10,,
PFL,38,49,100,,
PFL,57,49,500,,
PFL,33,49,100,,
PFL,48,49,30,,
SJCL,45,11,140,,
NIFRA,7,17,5,,
NIFRA,41,17,10,,
NIFRA,34,17,35,,
NABBC,48,6,30,,
NABIL,54,57,30,,
TPC,32,57,10,,
NRN,21,49,10,,
JOSHI,43,49,330,,
MEN,59,4,10,,
SBI,38,46,140,,
SBI,38,35,10,,
SBI,38,8,350,,
KKHC,13,41,10,,
API,45,7,646,,
API,45,7,10,,
API,14,7,500,,
API,34,7,25,,
API,21,7,10,,
API,59,7,500,,
API,51,7,100,,
API,51,7,100,,
API,54,7,100,,
API,13,7,50,,
API,46,7,10,,
API,49,7,10,,
API,32,7,200,,
API,58,7,100,,
API,25,7,130,,
API,34,7,75,,
API,22,7,25,,
API,54,7,50,,
API,45,7,100,,
API,53,7,259,,
AKJCL,57,14,50,,
JBLB,49,50,10,,
MLBL,35,38,66,,
MLBL,58,38,150,,
MLBL,14,38,500,,
MLBL,33,38,25,,
MLBL,33,38,50,,
MLBL,48,38,100,,
MLBL,47,38,500,,
MLBL,39,38,400,,
MLBL,45,38,189,,
MLBL,26,38,20,,
NIL,22,58,10,,
IGI,55,41,100,,
NIFRA,34,56,50,,
UPCL,43,42,50,,
NHPC,32,35,470,,
NHPC,37,35,30,,
NABIL,13,38,30,,
SBI,38,8,500,,
JLI,22,41,10,,
JBBL,38,16,10,,
SAHAS,55,8,10,,
HIDCL,6,8,100,,
API,53,13,50,,
NCCB,7,52,20,,
NUBL,41,56,13,,
CIT,13,47,20,,
NIFRA,34,57,100,,
GBBL,58,20,45,,
GBBL,57,20,100,,
MEGA,17,28,725,,
MEGA,17,48,10,,
GBBL,46,20,100,,
MEGA,17,33,265,,
GBBL,32,20,100,,
GBBL,34,20,1000,,
GBBL,14,20,300,,
GBBL,58,20,20,,
GBBL,32,20,500,,
GBBL,14,20,30,,
GBBL,47,20,50,,
GBBL,52,20,50,,
GBBL,44,20,200,,
GBBL,38,20,70,,
GBBL,25,20,1000,,
GBBL,19,20,12,,
GBBL,14,20,20,,
GBBL,14,20,100,,
UMHL,34,5,500,,
GBBL,20,20,300,,
GBBL,53,20,200,,
GBBL,4,20,50,,
GBBL,14,20,100,,
GBBL,38,20,153,,
NUBL,28,56,10,,
PROFL,58,34,201,,
PROFL,11,34,100,,
PROFL,47,34,40,,
PROFL,55,34,300,,
PROFL,58,34,100,,
PROFL,28,34,20,,
PROFL,42,34,200,,
PROFL,20,34,100,,
PROFL,45,34,339,,
PROFL,43,34,100,,
PROFL,19,34,1000,,
NICLBSL,52,49,10,,
NIFRA,34,11,15,,
NIFRA,42,11,35,,
HIDCL,51,6,50,,
HIDCL,58,6,100,,
HIDCL,58,8,535,,
NFS,6,45,40,,
SHEL,35,45,10,,
SFCL,28,20,94,,
RADHI,28,36,145,,
SBI,38,8,150,,
SBI,38,18,200,,
SBI,38,18,150,,
SLI,38,54,110,,
RHPL,16,57,200,,
RHPL,48,57,10,,
GBIME,45,1,100,,
RLFL,11,29,30,,
TRH,43,42,25,,
NHPC,37,17,10,,
JBBL,26,16,20,,
JBBL,32,16,20,,
JBBL,45,16,500,,
JBBL,58,16,30,,
JBBL,18,16,97,,
JBBL,34,16,100,,
NMFBS,13,49,51,,
MBL,49,37,50,,
NLG,34,14,207,,
NLG,26,14,30,,
NLG,48,14,100,,
NLG,42,14,50,,
NLG,59,14,100,,
NLG,34,14,13,,
DDBL,29,35,15,,
DDBL,43,35,15,,
DDBL,51,35,50,,
DDBL,52,35,20,,
UPCL,58,6,350,,
UPCL,3,6,100,,
UPCL,45,6,50,,
UPCL,28,6,500,,
AHPC,49,44,250,,
UPCL,28,41,70,,
MKJC,28,58,10,,
SANIMA,8,10,50,,
SPDL,45,19,59,,
GIC,39,56,10,,
NLIC,26,22,100,,
SICL,13,46,12,,
SICL,35,46,100,,
SICL,7,46,10,,
SICL,49,46,70,,
SICL,6,46,50,,
SICL,38,46,85,,
SICL,42,46,30,,
SICL,14,46,30,,
SICL,43,46,50,,
NGPL,34,45,55,,
API,53,33,55,,
JLI,22,34,10,,
LBBL,41,34,40,,
AKPL,22,25,271,,
AKPL,22,25,60,,
AKPL,6,25,20,,
AKPL,44,25,200,,
AKPL,50,25,1000,,
AKPL,48,25,50,,
AKPL,59,25,400,,
AKPL,47,25,10,,
AKPL,14,25,20,,
AKPL,14,25,500,,
AKPL,14,25,10,,
AKPL,14,25,500,,
AKPL,14,25,273,,
AKPL,21,25,100,,
AKPL,26,25,86,,
SBI,36,29,60,,
PRVU,21,1,27,,
PRVU,49,1,100,,
PRVU,50,1,90,,
PRVU,41,1,103,,
PRVU,57,1,200,,
PRVU,58,1,100,,
PRVU,45,1,70,,
PRVU,45,1,30,,
PRVU,45,1,270,,
PRVU,50,1,100,,
PRVU,21,1,80,,
NABBC,32,6,15,,
MLBL,32,38,20,,
NBL,57,20,50,,
UPPER,34,42,50,,
NBL,45,20,10,,
UPPER,45,42,30,,
UPPER,38,42,30,,
BFC,28,57,100,,
UPPER,10,42,50,,
UPPER,16,42,50,,
UPPER,40,42,50,,
UPPER,22,42,50,,
ULI,1,38,10,,
SCB,38,58,50,,
ULI,1,40,10,,
UPPER,6,42,100,,
UPPER,50,42,500,,
UPPER,40,42,10,,
UPPER,5,42,100,,
UPPER,50,42,100,,
UPPER,22,42,30,,
UPPER,43,42,500,,
UPPER,26,42,20,,
UPPER,58,42,200,,
UPPER,39,42,20,,
UPPER,42,42,500,,
UPPER,59,42,500,,
UPPER,4,42,100,,
NRIC,3,40,25,,
UPPER,58,42,100,,
UPPER,16,42,50,,
NTC,58,58,95,,
AKJCL,14,49,490,,
UPPER,58,42,300,,
AKJCL,57,49,20,,
UPPER,21,42,50,,
UPPER,45,42,50,,
AKJCL,45,49,490,,
SBL,39,55,10,,
UPPER,21,42,50,,
UPPER,38,42,100,,
NHPC,28,32,200,,
UPPER,59,42,1000,,
UPPER,51,42,200,,
UPPER,45,42,30,,
UPPER,7,42,50,,
UPPER,43,42,10,,
UPPER,57,42,500,,
UPPER,38,42,30,,
UPPER,16,42,5000,,
UPPER,7,42,100,,
UPPER,28,42,50,,
UPPER,52,42,10,,
UPPER,36,42,50,,
UPPER,10,42,100,,
UPPER,3,42,100,,
UPPER,34,42,500,,
UPPER,6,42,200,,
UPPER,57,42,700,,
UPPER,57,42,700,,
UPPER,39,42,1000,,
UPPER,7,42,20,,
UPPER,43,42,10,,
UPPER,57,42,200,,
UPPER,28,42,100,,
UPPER,6,42,50,,
UPPER,4,42,300,,
UPPER,38,42,30,,
UPPER,32,42,1000,,
UPPER,38,42,50,,
UPPER,47,42,50,,
UPPER,50,42,100,,
UPPER,57,42,500,,
UPPER,57,42,700,,
UPPER,37,42,100,,
UPPER,38,42,30,,
UPPER,48,42,100,,
UPPER,38,42,200,,
UPPER,49,42,38,,
UPPER,14,42,200,,
UPPER,25,42,100,,
UPPER,36,42,50,,
UPPER,28,42,50,,
UPPER,36,42,10,,
UPPER,49,42,100,,
UPPER,58,42,50,,
UPPER,13,42,100,,
UPPER,19,42,300,,
UPPER,39,42,50,,
UPPER,14,42,100,,
UPPER,42,42,12,,
UPPER,57,42,100,,
UPPER,3,42,700,,
UPPER,43,42,20,,
UPPER,52,42,22,,
UPPER,45,42,450,,
UPPER,58,42,60,,
UPPER,48,42,30,,
UPPER,38,42,250,,
UPPER,38,42,100,,
UPPER,57,42,10,,
UPPER,45,42,100,,
UPPER,40,42,200,,
UPPER,52,42,50,,
UPPER,46,42,10,,
UPPER,1,42,500,,
UPPER,26,42,200,,
NBL,58,20,323,,
UPPER,35,42,15,,
NBL,26,20,200,,
UPPER,48,42,50,,
NBL,55,20,24,,
UPPER,51,42,10,,
NBL,34,20,20,,
UPPER,21,42,30,,
UPPER,11,42,100,,
UPPER,45,42,10936,,
UPPER,7,42,250,,
UPPER,57,42,500,,
UPPER,43,42,200,,
UPPER,45,42,100,,
UPPER,52,42,200,,
UPPER,59,42,500,,
UPPER,28,42,50,,
UPPER,57,42,100,,
UPPER,36,42,500,,
UPPER,51,42,500,,
UPPER,29,42,100,,
UPPER,11,42,500,,
UPPER,48,42,20,,
UPPER,33,42,100,,
UPPER,38,42,10,,
UPPER,55,42,200,,
UPPER,54,42,150,,
UPPER,45,42,10,,
UPPER,26,42,50,,
UPPER,57,42,500,,
UPPER,52,42,1000,,
UPPER,45,42,200,,
UPPER,48,42,20,,
UPPER,1,42,81,,
UPPER,25,42,100,,
UPPER,14,42,10,,
UPPER,57,42,20,,
UPPER,1,42,200,,
UPPER,16,42,200,,
UPPER,13,42,200,,
UPPER,52,42,648,,
UPPER,57,42,100,,
UPPER,53,42,20,,
UPPER,32,42,100,,
UPPER,6,42,200,,
UPPER,28,42,50,,
UPPER,38,42,100,,
UPPER,38,42,200,,
UPPER,48,42,20,,
UPPER,35,42,50,,
UPPER,47,42,30,,
UPPER,34,42,25,,
UPPER,28,42,200,,
UPPER,45,42,50,,
UPPER,48,42,700,,
UPPER,59,42,1000,,
UPPER,34,42,200,,
UPPER,21,42,100,,
UPPER,41,42,20,,
UPPER,37,42,58,,
UPPER,57,42,50,,
UPPER,26,42,200,,
UPPER,10,42,20,,
UPPER,53,42,50,,
UPPER,6,42,100,,
UPPER,14,42,75,,
UPPER,21,42,20,,
UPPER,57,42,20,,
UPPER,38,42,50,,
UPPER,47,42,100,,
UPPER,38,42,100,,
UPPER,48,42,20,,
UPPER,5,42,20,,
UPPER,36,42,30,,
UPPER,53,42,300,,
UPPER,5,42,200,,
UPPER,57,42,100,,
UPPER,34,42,1000,,
UPPER,48,42,20,,
UPPER,1,42,40,,
UPPER,3,42,200,,
UPPER,49,42,20,,
UPPER,39,42,30,,
UPPER,52,42,50,,
UPPER,45,42,10,,
UPPER,34,42,10,,
UPPER,25,42,30,,
UPPER,33,42,1000,,
UPPER,59,42,1000,,
UPPER,43,42,100,,
UPPER,14,42,30,,
UPPER,36,42,50,,
UPPER,25,42,50,,
UPPER,51,42,50,,
UPPER,35,42,200,,
UPPER,34,42,240,,
UPPER,8,42,30,,
UPPER,57,42,200,,
UPPER,46,42,50,,
UPPER,25,42,22,,
UPPER,1,42,500,,
UPPER,32,42,50,,
UPPER,16,42,49,,
RADHI,14,36,20,,
RADHI,55,36,50,,
RADHI,36,36,50,,
RADHI,28,36,25,,
MHNL,17,58,55,,
AKPL,26,43,14,,
BPCL,D01,42,390,,
CIT,13,46,20,,
SAHAS,22,40,10,,
AIL,34,41,10,,
GBIME,42,28,150,,
GBIME,22,28,200,,
GBIME,18,28,18,,
GBIME,38,28,500,,
GBIME,8,28,50,,
GBIME,14,28,100,,
GBIME,57,28,540,,
GBIME,22,28,50,,
GBIME,22,28,150,,
GBIME,6,28,25,,
GBIME,52,28,30,,
GBIME,29,28,100,,
GBIME,22,28,150,,
GBIME,49,28,10,,
GBIME,16,28,40,,
GBIME,47,28,250,,
GBIME,5,28,100,,
GBIME,56,28,50,,
GBIME,57,28,40,,
GBIME,7,28,500,,
GBIME,43,28,15,,
GBIME,56,28,30,,
GBIME,45,28,100,,
GBIME,53,28,10,,
GBIME,29,28,700,,
GBIME,39,28,500,,
GBIME,44,28,500,,
GBIME,53,28,32,,
GBIME,28,28,99,,
GBIME,56,28,100,,
GBIME,38,28,40,,
GBIME,41,28,250,,
GBIME,57,28,100,,
GBIME,56,28,20,,
GBIME,56,28,47,,
NGPL,45,28,60,,
GBIME,26,28,59,,
NGPL,29,28,10,,
GBIME,36,28,339,,
NUBL,21,56,70,,
PCBL,36,36,19,,
GIMES1,42,17,5000,,
NRIC,17,17,40,,
CORBL,47,41,80,,
CORBL,38,41,10,,
NRN,16,40,32,,
NRN,49,40,63,,
MNBBL,37,38,13,,
MNBBL,37,51,137,,
API,53,6,290,,
UPCL,28,21,100,,
SHPC,46,44,600,,
SHPC,45,44,400,,
CIT,32,47,10,,
NHPC,37,34,50,,
SANIMA,51,5,50,,
MHNL,56,58,50,,
LEMF,48,45,500,,
GBLBS,40,42,15,,
MLBL,45,52,62,,
MLBL,4,52,38,,
NIL,16,17,13,,
SFCL,28,20,10,,
AKJCL,45,56,10,,
AKJCL,45,56,490,,
SBI,36,34,490,,
SBI,36,26,50,,
SBI,36,1,1085,,
SBI,36,34,100,,
SBI,36,32,1000,,
SBI,36,32,40,,
SBI,36,58,20,,
SBI,36,45,36,,
SBI,36,41,250,,
SBI,36,58,20,,
SBI,36,45,18,,
SBI,36,37,224,,
TPC,57,6,500,,
SBI,36,47,100,,
TPC,3,6,40,,
SBI,36,3,200,,
SBI,36,3,20,,
NTC,58,38,300,,
NTC,59,38,200,,
SGI,36,56,10,,
API,53,44,346,,
API,36,44,154,,
NBB,38,22,100,,
NBB,56,22,90,,
NABIL,13,58,100,,
MKJC,28,49,10,,
NCCB,28,14,459,,
SLI,38,40,10,,
UNHPL,34,6,150,,
NRIC,49,49,15,,
NHPC,37,19,100,,
NTC,58,42,9605,,
NTC,49,42,15,,
NTC,52,42,50,,
NTC,34,42,30,,
NTC,19,42,100,,
NTC,3,42,100,,
NTC,45,42,100,,
SPDL,17,19,11,,
UPPER,16,50,51,,
UPPER,36,50,99,,
SIC,22,34,45,,
SIC,39,34,43,,
CHCL,13,26,92,,
CHCL,25,26,100,,
CHCL,58,26,100,,
CHCL,10,26,100,,
CHCL,13,26,10,,
BOKL,45,43,184,,
UPCL,28,21,50,,
SLI,38,46,10,,
SCB,45,58,50,,
NICA,22,16,10,,
CZBIL,46,45,100,,
NRIC,45,38,100,,
CHDC,48,41,10,,
SHPC,46,33,35,,
KSBBL,38,38,15,,
ALICL,17,38,50,,
ALICL,7,38,10,,
ALICL,38,38,70,,
ALICL,7,38,40,,
ALICL,59,38,30,,
ADBL,14,1,50,,
MLBL,45,52,10,,
SHINE,51,57,100,,
GLH,58,49,10,,
API,36,1,200,,
NIFRA,42,56,15,,
NIFRA,4,56,35,,
CBL,7,55,15,,
NIL,55,49,50,,
BOKL,45,1,12,,
BOKL,57,1,88,,
PCBL,42,57,200,,
MLBS,33,34,10,,
MLBS,33,49,10,,
TPC,3,52,10,,
PMHPL,28,32,134,,
PMHPL,21,32,140,,
PMHPL,14,32,200,,
AHPC,49,4,1000,,
SBI,38,6,118,,
SBI,38,6,132,,
KPCL,46,38,56,,
KPCL,26,38,10,,
NABIL,13,54,200,,
AKJCL,45,14,10,,
SAHAS,55,8,10,,
CIT,13,52,15,,
CIT,45,52,25,,
CIT,29,52,10,,
RLFL,22,39,200,,
RLFL,20,39,100,,
RLFL,59,39,500,,
RLFL,38,39,100,,
RLFL,59,39,100,,
RLFL,57,39,95,,
SHPC,37,51,10,,
MLBL,39,17,50,,
BARUN,44,26,200,,
BARUN,59,45,45,,
STC,56,17,30,,
STC,33,17,10,,
SLI,38,35,10,,
BPCL,D01,29,40,,
UMHL,6,38,14,,
SLICL,50,41,400,,
GBBL,38,38,97,,
GBBL,13,38,50,,
GBBL,38,38,100,,
GBBL,56,38,20,,
GBBL,57,38,20,,
GBBL,49,38,1013,,
API,36,17,10,,
CGH,32,56,10,,
RLI,56,42,10,,
UPPER,45,50,46,,
UPPER,45,42,54,,
NICLBSL,52,39,378,,
NICLBSL,56,39,22,,
MDB,21,6,34,,
STC,13,17,10,,
STC,21,17,50,,
STC,47,17,10,,
STC,35,17,10,,
STC,49,17,10,,
STC,22,17,10,,
MFIL,21,43,145,,
MFIL,32,43,30,,
MFIL,51,43,10,,
MFIL,29,43,100,,
MFIL,8,43,100,,
MFIL,35,43,15,,
MFIL,54,43,100,,
SHEL,35,5,50,,
SLBSL,39,56,95,,
SLBSL,47,56,20,,
SLBSL,51,56,17,,
SLBSL,47,56,30,,
SLBSL,44,56,38,,
NUBL,6,3,50,,
GIC,39,40,10,,
HIDCL,57,20,250,,
PPCL,14,35,100,,
SHIVM,4,35,30,,
PPCL,57,35,100,,
SHIVM,57,35,50,,
NMB,17,39,170,,
NMB,58,39,30,,
SLI,38,21,10,,
NTC,26,41,100,,
CHCL,19,26,50,,
NABIL,34,14,616,,
NABIL,40,14,20,,
NABIL,19,14,15,,
NABIL,41,14,100,,
NABIL,10,14,15,,
NABIL,45,14,15,,
NABIL,17,14,147,,
NABIL,48,14,10,,
NABIL,29,14,50,,
NABIL,17,14,12,,
API,36,11,136,,
API,36,11,574,,
API,53,11,290,,
HDHPC,13,38,100,,
UNHPL,6,6,500,,
UNHPL,45,6,10,,
UNHPL,7,6,112,,
UNHPL,1,6,10,,
UNHPL,26,6,100,,
UNHPL,33,6,110,,
IGI,55,38,20,,
SINDU,39,25,300,,
NUBL,21,8,30,,
NUBL,45,8,100,,
MHNL,32,35,100,,
BFC,20,7,500,,
SIC,39,59,30,,
SCB,59,58,10,,
SCB,16,58,50,,
SAHAS,55,34,10,,
AHPC,49,58,450,,
AHPC,34,58,500,,
AHPC,43,58,50,,
JBBL,44,16,134,,
CBBL,34,43,18,,
CBBL,45,43,10,,
CBBL,36,43,10,,
CBBL,34,43,50,,
CBBL,7,43,10,,
CBBL,22,43,40,,
CBBL,19,43,88,,
SFCL,28,42,10,,
SFCL,34,42,500,,
API,53,17,10,,
NIFRA,4,57,15,,
NIFRA,21,57,35,,
UPPER,42,34,20,,
SAHAS,33,49,10,,
MLBL,45,26,239,,
MLBL,38,26,100,,
MLBL,18,26,20,,
PRIN,13,26,340,,
MLBL,58,26,91,,
ICFC,55,26,150,,
USLB,55,17,10,,
LBL,28,1,100,,
GBIME,36,52,100,,
GBIME,46,52,100,,
JFL,52,48,20,,
JBBL,18,57,403,,
JBBL,17,57,97,,
SAHAS,33,34,10,,
MEN,38,56,10,,
SIL,49,25,50,,
SIL,43,25,20,,
SIL,26,25,10,,
SIL,44,25,255,,
SIL,52,25,160,,
AHPC,19,45,20,,
GRDBL,28,38,112,,
RADHI,26,49,10,,
NHPC,37,52,310,,
NHPC,57,52,100,,
NHPC,29,52,40,,
NHPC,26,52,50,,
API,53,58,100,,
NCCB,28,58,20,,
NCCB,17,58,80,,
CHCL,35,26,500,,
CHCL,14,26,50,,
CHCL,4,26,100,,
CHCL,4,26,100,,
CHCL,29,26,390,,
AKJCL,19,1,10,,
SBI,38,7,10,,
NHPC,50,41,282,,
NBL,35,11,110,,
NBL,45,11,40,,
API,55,11,300,,
NIFRA,21,42,10,,
SBI,38,5,130,,
SHPC,13,17,33,,
UIC,11,4,50,,
UIC,4,4,500,,
UIC,26,4,200,,
UIC,39,4,100,,
UIC,39,4,25,,
CBBL,19,34,69,,
GBIME,33,7,10,,
KBL,58,54,432,,
ULI,1,21,200,,
NHDL,47,11,11,,
KBL,58,13,248,,
KBL,45,13,50,,
SLI,38,35,10,,
NIFRA,21,39,60,,
NBL,41,11,15,,
SJCL,45,38,20,,
UPPER,57,42,250,,
UPPER,57,8,250,,
CIT,45,47,10,,
MLBS,33,19,10,,
CGH,32,56,10,,
NICA,22,57,50,,
NICA,11,57,50,,
SAHAS,33,44,10,,
NBL,44,45,100,,
NGPL,53,38,20,,
NUBL,34,8,30,,
SSHL,43,38,135,,
NGPL,57,46,10,,
GBIME,36,59,110,,
PIC,57,34,105,,
JBBL,7,52,100,,
NTC,49,41,200,,
JFL,43,52,40,,
NICLBSL,56,4,10,,
API,36,14,200,,
SAHAS,33,21,10,,
KKHC,13,46,200,,
SICL,14,17,10,,
SHPC,D01,14,10,,
SHPC,D01,49,1275,,
NIFRA,21,34,50,,
UPPER,36,17,301,,
UPPER,33,17,344,,
NUBL,32,8,40,,
NUBL,44,8,200,,
NUBL,7,8,100,,
MLBL,58,58,89,,
MLBL,38,58,11,,
HPPL,26,42,10,,
MMFDB,55,7,200,,
JBLB,49,44,10,,
API,36,1,226,,
API,6,1,100,,
API,33,1,100,,
API,52,1,74,,
NHPC,26,8,50,,
RHPL,48,38,40,,
MLBS,45,47,10,,
GBBL,49,20,987,,
GBBL,56,20,150,,
GBBL,48,20,100,,
JBLB,49,41,10,,
GBBL,35,20,100,,
GBBL,20,20,500,,
GBBL,48,20,25,,
GBBL,8,20,100,,
GBBL,1,20,200,,
GBBL,14,20,10,,
GBBL,38,20,100,,
GBBL,47,20,100,,
GBBL,21,20,60,,
GBBL,38,20,50,,
GBBL,1,20,300,,
GBBL,4,20,183,,
GBBL,26,20,35,,
ULI,1,40,10,,
HDHPC,20,38,100,,
HDHPC,28,38,800,,
UPCL,28,17,70,,
UPCL,28,38,30,,
UPCL,28,57,180,,
NIFRA,21,14,145,,
NIFRA,45,14,65,,
SLI,38,34,10,,
SIC,39,34,43,,
NRIC,51,38,10,,
NRIC,4,38,19,,
NRIC,38,38,40,,
NUBL,40,25,100,,
UPPER,33,56,10,,
NLIC,26,58,15,,
NLIC,26,57,265,,
SBI,38,43,50,,
KSBBL,42,57,72,,
KSBBL,42,53,28,,
BPCL,41,29,20,,
NTC,19,44,50,,
NTC,19,49,250,,
GBBL,26,49,50,,
MLBS,33,47,10,,
SHINE,32,57,100,,
HIDCL,51,8,100,,
NIFRA,45,58,40,,
NIFRA,58,58,20,,
GBIME,35,7,181,,
LBBL,49,7,40,,
ALICL,7,45,39,,
NGPL,53,6,62,,
NGPL,29,6,10,,
MEGA,17,33,235,,
MEGA,17,26,765,,
PRIN,28,34,125,,
HIDCL,25,8,65,,
NBL,D01,20,300,,
SWBBL,56,34,32,,
SWBBL,11,50,63,,
SWBBL,55,50,12,,
SWBBL,59,50,11,,
SWBBL,26,50,14,,
AKPL,14,6,227,,
AKPL,55,6,74,,
JBBL,52,52,200,,
CHCL,29,1,100,,
API,52,36,180,,
API,58,36,100,,
API,57,36,20,,
NUBL,45,3,10,,
NUBL,35,3,47,,
SBL,39,51,450,,
PRVU,17,32,70,,
SAHAS,33,45,10,,
NLICL,39,45,22,,
MLBL,58,21,20,,
NTC,48,49,50,,
SLI,38,40,10,,
SAHAS,55,52,10,,
RADHI,6,49,165,,
RADHI,6,49,19,,
SBI,38,39,50,,
SLICL,50,34,49,,
SLICL,53,34,122,,
SGI,36,58,10,,
NGPL,26,45,25,,
SIFC,20,17,50,,
NMB,13,13,50,,
NMB,57,13,20,,
NMB,8,13,18,,
PIC,57,17,10,,
GUFL,58,57,50,,
GUFL,35,57,50,,
HPPL,42,38,10,,
NIFRA,49,7,90,,
GBIME,42,7,138,,
RADHI,3,49,10,,
CORBL,4,51,10,,
JLI,22,11,10,,
BARUN,25,42,91,,
NTC,21,49,200,,
RSDC,57,40,10,,
JLI,22,44,10,,
AKJCL,19,34,33,,
AKJCL,39,34,19,,
AKPL,14,39,50,,
AKPL,14,14,275,,
AHPC,3,45,75,,
AHPC,35,41,78,,
ICFC,50,50,82,,
ICFC,50,53,18,,
SSHL,21,6,40,,
SSHL,4,6,100,,
SSHL,14,6,50,,
SSHL,26,6,50,,
SSHL,20,6,300,,
MDB,38,7,30,,
NUBL,35,26,203,,
DHPL,55,41,50,,
DHPL,41,41,50,,
JFL,43,28,300,,
SHINE,28,57,50,,
AHPC,3,57,25,,
NABIL,17,19,48,,
NHPC,56,41,50,,
SIFC,45,17,100,,
GBIME,42,7,100,,
NIFRA,45,4,60,,
NIFRA,45,58,35,,
NIFRA,49,58,13,,
NIFRA,58,58,35,,
NIFRA,55,58,292,,
CHL,36,33,50,,
CHL,28,33,100,,
CHL,51,33,20,,
UPPER,58,50,20,,
PRIN,51,26,310,,
PMHPL,57,32,200,,
PMHPL,43,32,50,,
PMHPL,59,32,36,,
DHPL,4,45,10,,
GBBL,26,4,15,,
NIFRA,34,22,50,,
EBL,17,38,30,,
NRIC,38,17,10,,
SPDL,14,49,50,,
LEC,4,45,115,,
PROFL,6,29,10,,
PROFL,49,29,100,,
PROFL,28,29,50,,
PROFL,25,29,131,,
JBBL,49,52,500,,
JBBL,57,52,200,,
SHPC,26,7,35,,
NABIL,34,19,12,,
KRBL,5,38,337,,
SBI,38,13,50,,
KRBL,35,38,240,,
SBI,38,49,78,,
KRBL,1,38,23,,
SMFDB,36,1,30,,
GIC,39,16,110,,
SMFDB,36,1,30,,
SMFDB,19,1,33,,
GIC,57,16,20,,
GIC,39,16,160,,
GIC,34,16,10,,
HDHPC,28,43,200,,
JBBL,58,41,120,,
JBBL,4,41,500,,
JBBL,42,41,100,,
JBBL,6,41,500,,
JBBL,49,41,77,,
CCBL,17,1,100,,
MLBL,38,32,139,,
NTC,26,21,50,,
KBL,18,49,19,,
AKJCL,39,33,281,,
PROFL,25,41,100,,
UPPER,33,29,95,,
SAHAS,55,38,10,,
PPCL,21,1,103,,
PPCL,21,58,47,,
SHIVM,4,35,48,,
SHIVM,45,35,100,,
NFS,6,53,90,,
NFS,28,53,100,,
NFS,58,53,10,,
HDL,58,49,10,,
NLIC,45,57,100,,
PIC,35,33,18,,
AKPL,44,14,50,,
SDLBSL,45,57,20,,
MNBBL,50,51,100,,
RURU,58,6,86,,
MLBS,33,8,10,,
RURU,16,6,44,,
RURU,25,6,20,,
RURU,21,6,80,,
RURU,56,6,10,,
RURU,58,6,20,,
RURU,42,6,40,,
MLBL,32,32,50,,
PLI,7,56,10,,
ICFC,55,38,80,,
ICFC,28,38,10,,
ICFC,28,38,100,,
MLBL,25,32,100,,
NIFRA,55,54,108,,
NIFRA,57,54,100,,
NIFRA,14,54,500,,
NIFRA,3,54,50,,
NIFRA,38,54,142,,
MLBL,58,32,30,,
NGPL,49,34,70,,
NICLBSL,56,35,10,,
NBL,41,11,15,,
RADHI,28,22,25,,
RADHI,58,22,15,,
SIC,39,34,34,,
NICA,32,16,10,,
SHINE,14,57,20,,
KSBBL,50,53,10,,
UMRH,39,29,20,,
UMRH,39,55,10,,
SJCL,45,1,40,,
NHPC,21,50,497,,
NHPC,20,50,403,,
NHPC,33,50,100,,
MHNL,32,52,80,,
MLBL,4,32,20,,
SKBBL,49,34,50,,
NMFBS,13,39,12,,
KPCL,46,38,300,,
MLBS,20,19,50,,
NLICL,58,41,29,,
NLICL,6,41,20,,
CIT,58,47,10,,
HIDCL,57,34,400,,
NIFRA,38,56,50,,
NSLB,45,45,30,,
NHPC,37,41,50,,
RURU,42,50,10,,
SHPC,26,58,32,,
AHPC,49,41,100,,
AHPC,49,26,100,,
KPCL,46,46,130,,
KPCL,45,46,100,,
KPCL,45,46,100,,
NABIL,49,19,10,,
NRIC,45,55,54,,
NRIC,45,38,46,,
KSBBL,38,53,150,,
JBBL,49,21,23,,
JBBL,16,21,50,,
JBBL,47,21,500,,
JBBL,3,21,200,,
JBBL,55,21,400,,
JBBL,32,21,10,,
JBBL,47,21,400,,
JBBL,11,21,10,,
JBBL,26,21,100,,
JBBL,41,21,20,,
JBBL,44,21,200,,
JBBL,1,21,500,,
JBBL,13,21,20,,
JBBL,38,21,20,,
JBBL,42,21,100,,
JBBL,32,21,400,,
JBBL,57,21,20,,
JBBL,58,21,200,,
JBBL,33,21,22,,
JBBL,38,21,505,,
JBBL,32,21,20,,
JBBL,11,21,10,,
JBBL,4,21,10,,
JBBL,25,21,50,,
JBBL,6,21,200,,
JBBL,25,21,10,,
NICLBSL,1,6,10,,
NHPC,13,41,100,,
MLBL,47,32,50,,
MLBL,45,32,11,,
NUBL,57,26,50,,
NUBL,54,26,10,,
NUBL,49,26,20,,
NUBL,38,26,30,,
NUBL,49,26,150,,
NUBL,52,26,100,,
SHEL,35,14,230,,
SHEL,57,14,220,,
NICLBSL,1,17,10,,
NABIL,42,19,30,,
LEC,33,55,10,,
MNBBL,22,51,20,,
JBBL,25,34,10,,
JBBL,11,34,50,,
CGH,22,28,15,,
CGH,28,28,80,,
API,35,28,300,,
PMHPL,59,7,64,,
PMHPL,14,7,200,,
PROFL,28,26,290,,
SLICL,53,34,78,,
SLICL,45,34,50,,
SLICL,14,34,10,,
UIC,39,58,75,,
KSBBL,42,53,32,,
KSBBL,56,53,20,,
KSBBL,45,53,100,,
KSBBL,53,53,160,,
AKJCL,57,33,15,,
MLBL,45,48,39,,
MLBL,22,48,50,,
MLBL,11,48,10,,
MLBL,21,48,100,,
MLBL,47,48,211,,
MLBL,37,48,50,,
MLBL,1,48,150,,
SHPC,49,58,200,,
NRIC,1,47,41,,
NRIC,46,47,10,,
EBL,13,44,28,,
EBL,13,28,22,,
EBL,13,44,50,,
EBL,44,44,30,,
SLI,38,50,10,,
MEN,38,56,10,,
AIL,34,35,10,,
NTC,26,48,50,,
CIT,45,19,15,,
CIT,21,19,20,,
CIT,3,19,90,,
CIT,45,19,75,,
SLI,38,52,10,,
NABIL,19,56,29,,
NABIL,19,22,40,,
NABIL,19,17,65,,
SAHAS,49,57,10,,
RHPL,45,44,160,,
RHPL,45,41,235,,
NHPC,26,41,30,,
NHPC,58,41,100,,
MERO,6,36,30,,
MERO,11,36,20,,
NGPL,29,34,30,,
MERO,11,54,37,,
JLI,22,33,10,,
GLH,34,50,10,,
SWBBL,26,34,26,,
SHEL,57,44,10,,
GUFL,16,21,90,,
NFS,38,46,40,,
KSBBL,53,35,100,,
NABIL,51,17,20,,
JLI,58,55,100,,
HDHPC,6,42,21,,
PIC,11,33,50,,
PIC,48,33,10,,
PIC,58,33,10,,
CORBL,4,41,50,,
SAHAS,55,26,10,,
NUBL,49,56,30,,
NUBL,49,33,20,,
NIFRA,38,4,308,,
NIFRA,54,4,100,,
NIFRA,41,4,10,,
NIFRA,35,4,50,,
NIFRA,21,4,50,,
NIFRA,34,4,14,,
NIFRA,50,4,18,,
NIFRA,14,4,30,,
NIFRA,42,4,25,,
NIFRA,14,4,310,,
UIC,39,58,100,,
UIC,34,58,20,,
BARUN,34,45,105,,
SADBL,45,44,154,,
BARUN,41,45,50,,
SADBL,38,44,40,,
RHPL,45,13,300,,
SADBL,17,44,100,,
SADBL,3,44,106,,
MLBS,20,19,40,,
MLBS,20,4,10,,
SBL,34,51,50,,
PCBL,36,17,10,,
GFCL,5,21,42,,
GFCL,19,21,100,,
GFCL,34,21,100,,
GFCL,45,21,300,,
GFCL,45,21,10,,
GFCL,22,21,10,,
GFCL,14,21,100,,
NBL,21,11,10,,
GFCL,55,21,38,,
EBL,5,1,50,,
EBL,3,1,300,,
EBL,5,1,20,,
EBL,34,1,100,,
RHPL,22,1,70,,
EBL,36,1,30,,
GIC,34,4,10,,
JLI,22,57,10,,
SAHAS,55,49,10,,
JBBL,11,45,50,,
JBBL,13,45,50,,
JBBL,57,45,50,,
UPCL,46,57,500,,
NBL,D01,25,700,,
NBL,44,25,100,,
PRVU,22,32,14,,
NIFRA,8,57,50,,
GBLBS,29,7,10,,
GBLBS,32,7,100,,
GBLBS,41,7,20,,
GBLBS,54,7,300,,
GBLBS,28,7,10,,
PMHPL,41,7,100,,
GBLBS,29,7,10,,
PMHPL,45,7,136,,
GBLBS,43,7,15,,
CGH,28,56,10,,
SHPC,10,58,2355,,
SHPC,10,17,215,,
SHPC,10,34,175,,
SHPC,10,49,255,,
SRBL,29,36,25,,
AHPC,38,44,300,,
AHPC,48,44,200,,
AHPC,28,44,272,,
UPPER,33,37,51,,
UPPER,33,37,49,,
MNBBL,6,54,95,,
MLBL,47,48,189,,
MLBL,42,48,25,,
MLBL,41,48,10,,
MLBL,19,48,250,,
MLBL,33,48,300,,
MLBL,38,48,25,,
MLBL,54,48,100,,
MLBL,45,48,11,,
MLBL,7,48,90,,
MBL,16,28,15,,
KBL,58,49,17,,
NLIC,34,56,140,,
NLIC,44,56,100,,
NLIC,11,56,10,,
NLIC,6,56,50,,
NLIC,41,56,50,,
NLIC,52,56,10,,
NLIC,14,56,56,,
CLBSL,10,5,200,,
CHCL,17,26,200,,
NIFRA,14,44,50,,
AKJCL,45,33,920,,
AKJCL,25,33,94,,
AKJCL,25,33,500,,
AKJCL,7,33,10,,
AKJCL,42,33,50,,
AKJCL,5,33,20,,
AKJCL,14,33,50,,
AKJCL,22,33,60,,
ULI,39,19,10,,
SHPC,37,49,500,,
SHPC,52,49,10,,
SHPC,48,49,50,,
SHPC,26,49,100,,
SHPC,22,49,100,,
SAHAS,55,48,10,,
NRIC,46,4,30,,
NRIC,6,4,20,,
GMFIL,53,53,150,,
SLI,47,16,39,,
SLI,16,16,100,,
SLI,1,16,11,,
SLI,51,16,130,,
NLIC,50,57,20,,
CFCL,59,38,50,,
CFCL,55,38,100,,
CFCL,38,38,100,,
CFCL,44,38,100,,
CFCL,21,38,100,,
CFCL,32,38,60,,
NCCB,58,52,10,,
EIC,14,26,500,,
UMHL,55,4,300,,
ALICL,7,32,11,,
NFS,38,32,50,,
NFS,46,32,450,,
MEGA,17,26,1000,,
SWBBL,50,50,73,,
BPCL,53,51,15,,
BPCL,34,51,80,,
BPCL,55,51,200,,
MBL,16,51,321,,
BPCL,59,51,179,,
BPCL,41,51,26,,
MBL,21,51,79,,
OHL,17,8,40,,
AHPC,51,41,10,,
RLI,56,57,10,,
NLIC,32,57,15,,
ICFC,28,41,90,,
ICFC,13,41,10,,
EBL,36,50,20,,
EBL,38,50,80,,
SLI,51,25,10,,
PRVU,7,32,50,,
PRVU,20,32,450,,
SHINE,1,57,200,,
RHPL,22,17,10,,
LBBL,41,21,300,,
SAHAS,55,54,10,,
SAHAS,55,45,10,,
SAHAS,55,28,493,,
SAHAS,55,39,10,,
NIFRA,14,55,140,,
NIFRA,47,55,160,,
NABIL,17,11,103,,
NABIL,17,11,50,,
NSLB,45,38,14,,
MEGA,17,26,235,,
MEGA,17,13,208,,
MEGA,17,14,251,,
MEGA,17,33,150,,
MEGA,17,26,156,,
MKLB,49,49,10,,
MKLB,49,54,10,,
MKLB,49,57,10,,
MLBS,20,47,10,,
HIDCL,44,13,14,,
HIDCL,58,13,20,,
HIDCL,6,13,10,,
HIDCL,42,13,311,,
HIDCL,21,13,145,,
NLG,28,49,20,,
CCBL,17,14,179,,
CCBL,43,14,20,,
CCBL,16,14,51,,
CCBL,45,14,50,,
CCBL,1,14,100,,
ADBL,38,1,50,,
AKJCL,42,14,50,,
LBBL,41,34,450,,
UPPER,33,14,330,,
MERO,26,57,30,,
NGPL,58,38,357,,
NGPL,6,38,200,,
GBIME,56,7,10,,
PLI,34,1,10,,
MLBS,20,49,10,,
SADBL,3,50,100,,
API,48,16,444,,
API,43,16,100,,
API,45,16,956,,
DDBL,51,5,11,,
KSBBL,56,53,100,,
API,45,48,120,,
API,49,48,150,,
HIDCL,45,34,100,,
NIFRA,47,19,50,,
SIL,52,29,40,,
CHDC,5,4,100,,
CHDC,14,4,10,,
CHDC,3,4,160,,
CHDC,58,4,10,,
CHDC,16,4,30,,
NICL,21,33,10,,
SHEL,57,44,10,,
API,41,47,10,,
AKPL,50,55,40,,
PIC,35,33,39,,
SAHAS,20,57,10,,
KPCL,29,38,34,,
KBL,45,49,75,,
MFIL,35,10,35,,
MFIL,1,10,400,,
MFIL,14,10,10,,
MFIL,34,10,100,,
MFIL,34,10,100,,
MFIL,22,10,20,,
MFIL,41,10,35,,
KSBBL,17,53,38,,
KSBBL,17,32,12,,
JFL,43,50,140,,
JFL,38,50,50,,
JFL,37,50,100,,
JFL,7,50,10,,
JFL,43,50,350,,
SWBBL,35,39,30,,
MLBL,38,38,200,,
AKPL,43,57,10,,
AKPL,43,38,16,,
RADHI,58,49,100,,
RADHI,26,49,20,,
RADHI,21,49,20,,
RADHI,45,49,100,,
RADHI,25,49,50,,
RADHI,39,49,280,,
AKJCL,22,33,140,,
AKJCL,47,33,100,,
JLI,22,52,10,,
PLI,34,6,10,,
SAPDBL,32,57,100,,
JBBL,57,38,50,,
JBBL,17,38,50,,
KKHC,49,41,50,,
KKHC,49,51,50,,
KKHC,49,25,100,,
CHDC,16,25,10,,
MEGA,17,26,844,,
MEGA,17,16,156,,
NTC,19,49,100,,
NTC,6,49,200,,
SAHAS,20,58,10,,
NTC,45,49,70,,
RURU,42,44,50,,
NABIL,17,11,50,,
NABIL,17,14,150,,
NABIL,19,14,50,,
NABIL,38,14,200,,
JBBL,11,17,10,,
MBL,21,57,21,,
MBL,10,57,30,,
MBL,38,57,100,,
MBL,45,57,100,,
MBL,11,57,100,,
MBL,1,57,200,,
MBL,42,57,60,,
MBL,44,57,100,,
MBL,35,57,1000,,
MBL,39,57,89,,
MBL,34,57,200,,
LBBL,41,49,10,,
NIFRA,47,54,90,,
NIFRA,26,54,10,,
UPPER,39,38,31,,
MLBS,20,54,10,,
MLBS,20,42,10,,
MLBS,20,58,10,,
GRDBL,28,41,100,,
STC,38,3,10,,
PCBL,57,58,50,,
SHINE,57,7,150,,
NICA,22,38,10,,
GBBL,56,6,220,,
PIC,38,14,100,,
PIC,32,14,20,,
PIC,44,14,210,,
LBBL,18,39,67,,
LBBL,22,39,30,,
LBBL,1,39,203,,
LBBL,45,39,200,,
SHPC,44,34,500,,
SHPC,33,34,100,,
SHPC,1,34,10,,
SHPC,42,34,100,,
SHPC,6,34,100,,
SHPC,34,34,15,,
KSBBL,53,51,240,,
KSBBL,29,51,200,,
KSBBL,58,51,60,,
CBBL,19,17,20,,
NIFRA,7,1,15,,
NIFRA,29,1,35,,
RLFL,57,52,20,,
SAHAS,20,49,10,,
NGPL,49,36,200,,
UNHPL,33,40,90,,
NUBL,49,45,40,,
PLI,34,56,10,,
SHINE,57,50,200,,
HIDCL,42,57,59,,
HIDCL,59,57,46,,
GRDBL,28,17,24,,
GRDBL,1,17,46,,
UMRH,33,29,30,,
SHL,13,42,400,,
SHL,44,42,100,,
ULI,39,49,10,,
SAHAS,20,45,10,,
CBL,38,1,50,,
SJCL,36,49,300,,
SJCL,36,40,300,,
SJCL,36,36,200,,
CIT,43,34,20,,
SAHAS,20,28,10,,
SBI,6,38,200,,
HDHPC,6,37,125,,
HDHPC,50,37,375,,
SSHL,58,34,50,,
SSHL,36,34,40,,
CHCL,17,10,50,,
SAHAS,20,21,10,,
SHEL,57,44,10,,
JBLB,49,38,10,,
GFCL,55,41,62,,
GFCL,8,41,10,,
GFCL,22,41,18,,
GFCL,45,41,10,,
NIFRA,29,56,15,,
NIFRA,58,56,35,,
LGIL,33,50,10,,
ULI,39,35,10,,
AKPL,55,6,26,,
NGPL,21,38,50,,
AKJCL,58,14,200,,
CZBIL,43,25,10,,
CZBIL,17,25,40,,
MEGA,7,16,100,,
NSLB,45,38,50,,
UMHL,6,29,34,,
JLI,34,28,10,,
MNBBL,32,54,10,,
API,49,26,500,,
GBBL,56,43,100,,
CBL,38,57,100,,
HIDCL,59,6,270,,
HIDCL,41,6,40,,
NIFRA,58,55,65,,
NIFRA,38,55,10,,
NIFRA,7,55,10,,
NIFRA,14,55,75,,
AKJCL,13,14,58,,
ICFC,32,53,400,,
ICFC,32,5,300,,
ICFC,32,22,240,,
ICFC,32,21,60,,
NIL,16,3,37,,
NICLBSL,56,1,10,,
MERO,11,48,63,,
HDHPC,54,43,70,,
HDHPC,54,25,110,,
UPPER,33,26,34,,
AKJCL,20,33,500,,
UPCL,49,57,220,,
UPCL,49,38,30,,
NICA,22,49,10,,
SJCL,41,36,100,,
MLBL,45,39,89,,
MLBL,42,39,100,,
MLBL,38,39,100,,
MLBL,56,39,100,,
MLBL,1,39,500,,
MLBL,35,39,20,,
MLBL,13,39,25,,
MLBL,39,39,500,,
MLBL,45,39,500,,
MLBL,28,39,66,,
SHINE,57,34,130,,
NABIL,17,17,250,,
PLI,34,4,10,,
BPCL,41,38,75,,
BPCL,43,38,25,,
SSHL,36,51,60,,
SSHL,4,51,140,,
SSHL,26,51,100,,
GLH,34,14,25,,
GLH,33,14,30,,
MNBBL,8,43,20,,
AKJCL,13,56,42,,
AKJCL,1,56,500,,
AKJCL,57,56,100,,
AKJCL,38,56,20,,
AKJCL,42,56,30,,
AKJCL,22,56,10,,
AKJCL,58,56,200,,
AKJCL,42,56,18,,
AKJCL,52,56,50,,
AKJCL,49,56,30,,
RLI,56,34,10,,
NTC,45,41,10,,
BFC,53,45,100,,
NICA,21,38,10,,
SBI,6,14,10,,
SBI,6,58,672,,
SBI,6,52,40,,
MEGA,40,16,10,,
MEGA,17,16,200,,
MEGA,45,16,34,,
GBLBS,43,38,35,,
GBLBS,58,38,10,,
GBLBS,47,38,15,,
UIC,34,42,80,,
UIC,20,42,100,,
UIC,39,42,100,,
UIC,58,42,20,,
GHL,6,45,130,,
GHL,58,45,10,,
GHL,6,45,20,,
HIDCL,50,8,100,,
PMHPL,45,34,10,,
AHPC,28,33,70,,
SHEL,57,26,50,,
MBL,53,38,1000,,
KBL,45,34,150,,
JBBL,22,51,93,,
JBBL,26,51,200,,
JBBL,57,51,100,,
JBBL,21,51,50,,
JBBL,21,51,50,,
JBBL,47,51,307,,
JBBL,32,51,200,,
PRIN,51,32,20,,
MLBL,32,38,50,,
AKPL,45,38,100,,
SINDU,54,14,50,,
SINDU,5,14,50,,
SINDU,6,14,50,,
SAHAS,20,7,10,,
SBI,49,49,105,,
SBI,49,17,600,,
SHEL,49,26,100,,
NABIL,17,17,165,,
NABIL,17,53,20,,
NABIL,17,36,50,,
RHPL,22,52,20,,
NABIL,17,29,15,,
GLH,33,22,10,,
SAHAS,20,6,10,,
NHPC,20,22,40,,
UPCL,46,38,70,,
UPCL,46,38,250,,
UPCL,46,19,280,,
SHINE,34,34,110,,
AKPL,14,38,10,,
AKPL,35,38,74,,
CBBL,19,45,23,,
CBBL,34,45,77,,
TPC,21,53,10,,
MEGA,45,43,66,,
MEGA,36,43,100,,
MEGA,56,43,10,,
MEGA,1,43,430,,
MEGA,35,43,10,,
MEGA,41,43,13,,
MEGA,25,43,200,,
MEGA,49,43,90,,
MEGA,29,43,50,,
MEGA,50,43,65,,
CORBL,4,43,50,,
MEGA,6,43,10,,
NHDL,46,45,100,,
EIC,14,49,54,,
EIC,32,49,31,,
CORBL,58,21,100,,
GBIME,56,41,10,,
NCCB,34,34,100,,
AKJCL,49,33,260,,
LICN,38,28,50,,
RADHI,57,49,100,,
LICN,10,28,40,,
ALBSL,8,4,12,,
MLBL,58,38,20,,
STC,48,3,12,,
STC,56,3,20,,
PIC,44,34,290,,
PIC,8,34,100,,
UPCL,26,34,40,,
UPCL,13,34,10,,
NHPC,20,37,300,,
NHPC,26,37,200,,
MMF1,52,40,500,,
SRBL,14,36,669,,
JLI,26,52,30,,
PIC,57,33,10,,
PIC,37,33,22,,
PIC,55,33,300,,
PIC,38,33,20,,
AKPL,46,54,100,,
SLI,51,42,10,,
NIFRA,26,55,100,,
NBB,56,14,50,,
NBB,22,14,200,,
NBB,36,14,2000,,
NTC,55,49,17,,
NBB,58,14,50,,
NBB,49,14,100,,
NBB,33,14,100,,
ULI,39,21,10,,
API,38,47,100,,
API,36,47,10,,
PRVU,20,45,500,,
PRVU,20,5,50,,
RADHI,34,49,46,,
RADHI,54,49,170,,
RADHI,28,49,85,,
HIDCL,59,52,84,,
HIDCL,32,52,180,,
HIDCL,52,52,500,,
HIDCL,25,52,100,,
HIDCL,58,52,50,,
HIDCL,34,52,49,,
HIDCL,38,52,10,,
HIDCL,41,52,67,,
HIDCL,4,52,42,,
ULI,39,28,10,,
SHPC,22,58,15,,
API,36,55,10,,
API,33,55,20,,
SKBBL,57,34,23,,
PLI,34,59,10,,
RHPL,41,26,100,,
MLBL,28,33,134,,
MLBL,6,33,30,,
MLBL,55,33,10,,
MLBL,59,33,100,,
MLBL,38,33,200,,
MLBL,6,33,500,,
MLBL,26,33,200,,
JBLB,8,33,10,,
MLBL,1,33,500,,
MLBL,57,33,31,,
JBLB,51,33,20,,
MLBL,36,33,340,,
JBLB,17,33,60,,
GIC,17,13,10,,
GIC,17,13,20,,
NIFRA,14,34,10,,
GIC,22,13,50,,
NTC,39,49,10,,
NTC,17,49,50,,
NTC,51,49,10,,
NTC,39,49,20,,
NTC,14,49,20,,
NTC,45,49,50,,
NTC,4,49,200,,
LEC,41,45,10,,
NTC,58,49,10,,
LEC,57,45,375,,
SAHAS,20,58,10,,
RLI,56,34,10,,
SAHAS,14,5,10,,
GRDBL,33,7,100,,
NABIL,17,29,10,,
API,33,13,50,,
NHPC,20,57,257,,
NHPC,45,57,143,,
NHPC,25,57,100,,
SSHL,26,38,60,,
GBBL,56,41,100,,
GIMES1,35,7,4000,,
GIMES1,42,7,5000,,
AKJCL,49,19,100,,
RLI,56,6,10,,
AKJCL,49,33,545,,
AKJCL,49,38,95,,
GLH,33,28,10,,
LBBL,16,34,150,,
SAHAS,14,17,10,,
NLIC,14,17,10,,
DHPL,7,45,10,,
UPPER,33,34,34,,
GBIME,57,7,250,,
CBBL,34,34,23,,
CBBL,34,34,20,,
CBBL,35,34,20,,
CBBL,59,34,50,,
NMB,8,25,608,,
RMDC,7,14,100,,
RMDC,26,14,350,,
SHINE,52,34,120,,
SHINE,22,34,50,,
SHINE,14,34,500,,
SHINE,46,34,50,,
SHINE,57,34,50,,
SHINE,26,34,100,,
SHINE,45,34,50,,
SHINE,57,34,100,,
SHINE,11,34,100,,
SHINE,41,34,200,,
SHINE,51,34,440,,
NIFRA,14,57,365,,
NIFRA,43,57,285,,
RADHI,28,4,15,,
SLI,51,42,10,,
MNBBL,8,43,30,,
MNBBL,49,43,30,,
MNBBL,13,43,20,,
SHPC,22,58,985,,
SHPC,57,58,15,,
NSLB,38,38,25,,
CHCL,45,10,50,,
HDL,58,46,30,,
HIDCL,40,8,100,,
HDHPC,56,25,50,,
NIFRA,43,48,50,,
UMHL,29,29,200,,
PCBL,42,38,20,,
ADBL,34,26,10,,
NCCB,28,38,954,,
NCCB,34,38,46,,
EIC,32,49,150,,
SLICL,14,34,90,,
SLICL,34,34,50,,
SLICL,43,34,100,,
SLICL,36,34,10,,
DHPL,55,7,70,,
DHPL,38,7,300,,
DHPL,7,7,10,,
DHPL,58,7,200,,
DHPL,28,7,100,,
DHPL,58,7,100,,
DHPL,34,7,10,,
DHPL,25,7,200,,
DHPL,45,7,10,,
GLH,38,14,15,,
MLBL,14,33,335,,
MLBL,58,33,120,,
AKJCL,41,13,50,,
AKJCL,45,13,50,,
AKJCL,34,13,250,,
AKJCL,34,13,300,,
AKJCL,45,13,150,,
AKJCL,49,13,300,,
AKJCL,57,13,40,,
AKJCL,38,13,20,,
AKJCL,46,13,1000,,
AKJCL,5,13,100,,
AKJCL,25,13,100,,
AKJCL,35,13,50,,
AKJCL,34,13,200,,
AKJCL,35,13,500,,
AKJCL,16,13,100,,
AKJCL,45,13,300,,
AKJCL,34,13,100,,
AKJCL,57,13,100,,
AKJCL,51,13,100,,
AKJCL,55,13,100,,
AKJCL,34,13,170,,
AHPC,28,40,100,,
NABIL,10,38,10,,
SDLBSL,42,57,30,,
AKJCL,38,13,1864,,
AKJCL,7,13,50,,
AKJCL,58,13,100,,
AKJCL,57,13,100,,
AKJCL,58,13,100,,
AKJCL,3,13,200,,
AKJCL,35,13,300,,
AKJCL,39,13,150,,
AKJCL,43,13,50,,
AKJCL,59,13,500,,
AKJCL,21,13,200,,
AKJCL,13,13,150,,
AKJCL,38,13,116,,
AKJCL,45,13,120,,
AKJCL,58,13,10,,
AKJCL,44,13,90,,
AKJCL,54,13,1000,,
AKJCL,51,13,10,,
AKJCL,49,13,145,,
AKJCL,10,13,100,,
AKJCL,53,13,300,,
AKJCL,49,13,30,,
NHPC,58,17,10,,
HIDCL,4,41,40,,
NBB,36,14,40,,
NBB,36,16,60,,
HDHPC,18,25,50,,
GRDBL,1,4,954,,
SICL,22,56,40,,
GBIME,38,13,20,,
GBIME,14,13,31,,
GBIME,42,13,100,,
GBIME,41,13,60,,
NLIC,14,21,34,,
LBBL,1,7,297,,
LBBL,49,7,100,,
LBBL,41,7,100,,
LBBL,40,7,100,,
LBBL,35,7,10,,
LBBL,45,7,100,,
LBBL,28,7,200,,
LBBL,48,7,500,,
LBBL,42,7,500,,
LBBL,49,7,300,,
LBBL,34,7,1000,,
LBBL,45,7,50,,
LBBL,14,7,1000,,
LBBL,1,7,100,,
LBBL,29,7,100,,
LBBL,3,7,200,,
LBBL,17,7,20,,
LBBL,46,7,30,,
LBBL,58,7,640,,
LBBL,42,7,653,,
NICBF,28,18,300,,
UMHL,50,29,10,,
AKPL,35,41,171,,
AKPL,36,41,50,,
AKPL,21,41,300,,
AKPL,7,41,79,,
MKJC,28,19,10,,
GLH,58,14,90,,
JBLB,36,13,10,,
JBLB,36,21,10,,
SAHAS,14,21,10,,
RHPL,48,4,100,,
NRIC,44,38,104,,
NRIC,44,55,53,,
NRIC,44,55,343,,
SHPC,7,49,10,,
SCB,14,57,21,,
GLH,58,41,40,,
KBL,45,17,20,,
UPPER,55,38,665,,
UPPER,55,48,40,,
UPPER,55,39,180,,
UPPER,55,16,100,,
UPPER,55,51,15,,
HIDCL,43,8,100,,
HDHPC,50,6,125,,
SBI,49,49,928,,
HDHPC,28,6,875,,
SICL,38,3,92,,
KRBL,10,40,40,,
RHPL,19,26,40,,
CGH,55,38,50,,
SANIMA,44,49,200,,
SANIMA,44,35,100,,
DDBL,51,57,30,,
DDBL,14,57,50,,
DDBL,42,57,10,,
DDBL,42,57,10,,
PCBL,36,36,50,,
DDBL,21,57,80,,
DDBL,47,57,20,,
DDBL,58,57,50,,
SSHL,26,38,140,,
SSHL,41,38,50,,
SSHL,41,38,10,,
RLI,56,45,10,,
UNHPL,33,40,100,,
SRBL,3,36,200,,
SJCL,22,36,100,,
MNBBL,37,58,50,,
CBL,4,58,108,,
SANIMA,47,48,50,,
CCBL,43,49,30,,
CCBL,49,49,14,,
SMFDB,19,3,100,,
SMFDB,6,3,35,,
HPPL,35,1,10,,
UNHPL,34,40,10,,
CHDC,16,28,10,,
NIFRA,43,50,165,,
NIFRA,43,50,35,,
BFC,21,38,150,,
BFC,21,7,50,,
UPCL,57,19,20,,
UPCL,34,19,50,,
UPCL,26,19,100,,
UPCL,28,19,50,,
NCCB,45,49,10,,
NBL,34,20,73,,
NBL,34,33,27,,
KBL,4,38,420,,
SAHAS,20,53,10,,
SLI,51,25,20,,
UMRH,33,34,10,,
NABIL,34,17,130,,
NABIL,46,17,50,,
SAHAS,20,57,10,,
LBL,28,49,200,,
LEC,57,22,10,,
NGPL,4,38,50,,
SHPC,19,49,100,,
HIDCL,4,52,18,,
HIDCL,55,52,82,,
MLBL,35,38,100,,
SINDU,6,10,150,,
SINDU,49,10,50,,
KSBBL,50,40,50,,
KSBBL,8,40,50,,
KSBBL,34,40,90,,
KSBBL,58,40,10,,
RMDC,26,21,100,,
SHINE,51,46,60,,
SHINE,28,46,50,,
SHINE,45,46,85,,
SHINE,45,46,200,,
SHINE,14,46,100,,
SHINE,41,46,50,,
SHINE,56,46,55,,
RLI,56,59,10,,
MLBS,35,49,10,,
AKJCL,34,51,830,,
AKJCL,19,51,150,,
AKJCL,5,51,20,,
JLI,11,57,10,,
NGPL,58,6,100,,
PLI,34,34,10,,
NRN,49,44,50,,
SAHAS,20,6,10,,
STC,56,11,30,,
NBB,44,53,795,,
SBI,38,58,828,,
SBI,38,21,100,,
UMHL,58,29,10,,
UMHL,38,29,46,,
SICL,34,56,50,,
SHIVM,58,35,25,,
SHIVM,6,35,10,,
SHIVM,41,35,50,,
SHIVM,21,35,122,,
KPCL,29,34,40,,
MLBL,45,48,500,,
NTC,55,37,116,,
NLIC,34,58,30,,
NLIC,39,58,10,,
NLIC,49,58,20,,
NBB,44,56,10,,
UPCL,33,57,100,,
LEC,57,51,150,,
NFS,19,52,100,,
NFS,42,52,27,,
NFS,55,52,170,,
API,33,29,430,,
API,56,29,50,,
API,26,29,200,,
API,43,29,20,,
API,35,29,100,,
API,26,29,200,,
GBIME,21,53,200,,
NRN,49,59,10,,
ICFC,13,52,10,,
GMFIL,48,43,20,,
GMFIL,48,21,80,,
GMFIL,48,43,200,,
GRDBL,48,7,74,,
NABIL,45,29,60,,
IGI,55,57,39,,
IGI,54,57,10,,
KSBBL,34,38,10,,
NICLBSL,56,58,10,,
JLI,17,19,10,,
SAPDBL,32,41,10,,
RLI,56,57,10,,
SHEL,35,21,10,,
MHNL,32,55,170,,
MEN,38,54,10,,
PICL,41,4,24,,
PICL,46,4,15,,
NABIL,19,29,65,,
NABIL,19,43,85,,
SANIMA,6,48,50,,
JBBL,45,49,20,,
UMHL,38,57,54,,
NHPC,49,17,143,,
GILB,50,4,100,,
SAHAS,20,47,10,,
CBL,58,43,10,,
NBL,41,33,73,,
NBL,41,33,42,,
SJCL,16,34,10,,
NICL,7,16,110,,
NICL,38,16,40,,
PFL,48,19,70,,
GLH,58,28,10,,
LBL,28,17,10,,
JBBL,47,14,263,,
JBBL,57,14,200,,
JBBL,8,14,100,,
JBBL,28,14,1000,,
JBBL,7,14,150,,
JBBL,1,14,287,,
HIDCL,54,48,10,,
HIDCL,21,48,1000,,
HIDCL,49,48,219,,
HIDCL,22,48,50,,
HIDCL,34,48,500,,
HIDCL,41,48,40,,
HIDCL,26,48,1000,,
HIDCL,51,48,50,,
HIDCL,3,48,50,,
HIDCL,57,48,10,,
HIDCL,6,48,10,,
HIDCL,39,48,100,,
HIDCL,55,48,1020,,
HIDCL,45,48,100,,
HIDCL,43,48,100,,
HIDCL,25,48,30,,
HIDCL,3,48,100,,
HIDCL,44,48,100,,
NTC,55,58,200,,
HIDCL,41,48,33,,
HIDCL,39,48,100,,
HIDCL,4,48,250,,
HIDCL,14,48,500,,
HIDCL,32,48,50,,
HIDCL,6,48,100,,
HIDCL,45,48,40,,
HIDCL,58,48,100,,
HIDCL,22,48,50,,
HIDCL,47,48,500,,
HIDCL,42,48,40,,
HIDCL,33,48,200,,
HIDCL,34,48,50,,
HIDCL,5,48,50,,
HIDCL,51,48,350,,
HIDCL,40,48,20,,
HIDCL,19,48,35,,
HIDCL,58,48,25,,
HIDCL,1,48,50,,
HIDCL,21,48,50,,
HIDCL,39,48,100,,
HIDCL,42,48,10,,
HIDCL,45,48,30,,
HIDCL,58,48,50,,
HIDCL,34,48,45,,
HIDCL,39,48,10,,
HIDCL,35,48,166,,
HIDCL,58,48,107,,
HIDCL,26,48,200,,
HIDCL,38,48,10,,
HIDCL,35,48,300,,
HIDCL,50,48,110,,
EDBL,33,35,16,,
HIDCL,50,48,50,,
HIDCL,38,48,200,,
HIDCL,51,48,199,,
HIDCL,45,48,200,,
HIDCL,35,48,300,,
HIDCL,32,48,50,,
HIDCL,7,48,1000,,
HIDCL,6,48,200,,
HIDCL,41,48,100,,
HIDCL,38,48,500,,
HIDCL,51,48,10,,
HIDCL,58,48,200,,
HIDCL,38,48,250,,
HIDCL,35,48,100,,
HIDCL,57,48,10,,
HIDCL,57,48,50,,
HIDCL,43,48,100,,
HIDCL,48,48,200,,
HIDCL,58,48,50,,
HIDCL,1,48,300,,
HIDCL,52,48,100,,
HIDCL,7,48,10,,
HIDCL,54,48,30,,
HIDCL,53,48,1000,,
HIDCL,43,48,50,,
HIDCL,14,48,30,,
HIDCL,58,48,50,,
HIDCL,54,48,20,,
HIDCL,6,48,180,,
HIDCL,49,48,50,,
HIDCL,49,48,10,,
HIDCL,1,48,500,,
HIDCL,6,48,500,,
HIDCL,39,48,100,,
RHPL,48,4,40,,
HIDCL,45,48,20,,
HIDCL,34,48,50,,
HIDCL,34,48,50,,
HIDCL,58,48,50,,
HIDCL,22,48,50,,
HIDCL,21,48,400,,
HIDCL,25,48,15,,
HIDCL,33,48,50,,
HIDCL,17,48,200,,
HIDCL,42,48,300,,
HIDCL,58,48,25,,
HIDCL,49,48,50,,
HIDCL,21,48,100,,
HIDCL,38,48,200,,
HIDCL,58,48,500,,
HIDCL,13,48,49,,
HIDCL,45,48,40,,
HIDCL,1,48,200,,
HIDCL,47,48,10,,
HIDCL,44,48,25,,
HIDCL,32,48,200,,
HIDCL,49,48,10,,
HIDCL,42,48,100,,
HIDCL,4,48,500,,
HIDCL,34,48,1000,,
HIDCL,50,48,100,,
HIDCL,46,48,150,,
HIDCL,25,48,100,,
HIDCL,50,48,300,,
HIDCL,47,48,50,,
HIDCL,52,48,10,,
HIDCL,57,48,500,,
HIDCL,44,48,300,,
HIDCL,26,48,100,,
HIDCL,45,48,200,,
HIDCL,34,48,200,,
HIDCL,17,48,100,,
HIDCL,28,48,50,,
HIDCL,59,48,80,,
HIDCL,4,48,17,,
HIDCL,34,48,500,,
HIDCL,41,48,30,,
HIDCL,57,48,100,,
SWBBL,50,48,127,,
SWBBL,58,48,84,,
SWBBL,50,48,200,,
SWBBL,45,48,40,,
SWBBL,50,48,49,,
MLBSL,34,14,10,,
EIC,32,5,100,,
SIL,44,42,80,,
ULI,39,58,10,,
CHDC,16,45,10,,
SHL,13,51,100,,
SHL,7,51,100,,
TRH,43,26,100,,
BOKL,26,28,100,,
NBL,48,33,40,,
NBL,56,33,10,,
NBL,45,33,30,,
NBL,38,33,90,,
NBL,44,33,100,,
NBL,33,33,50,,
NBL,45,33,100,,
NBL,16,33,100,,
NBL,7,33,50,,
NBL,58,33,100,,
NBL,21,33,10,,
NBL,29,33,50,,
NBL,6,33,200,,
NBL,55,33,100,,
NBL,57,33,200,,
NBL,55,33,20,,
NBL,17,33,1000,,
NBL,32,33,358,,
NIFRA,43,57,15,,
NIFRA,17,57,10,,
NIFRA,58,57,25,,
DDBL,28,38,10,,
KPCL,29,59,10,,
NBL,42,33,280,,
NBL,7,33,50,,
NBL,45,33,450,,
NBL,39,33,1000,,
NBL,41,33,20,,
NBL,45,33,500,,
NBL,47,33,110,,
NBL,40,33,50,,
NBL,22,33,100,,
NBL,41,33,500,,
NBL,34,33,50,,
NBL,28,33,10,,
NBL,6,33,35,,
NBL,49,33,30,,
NBL,26,33,50,,
NBL,45,33,65,,
NBL,43,33,50,,
DDBL,11,38,76,,
DDBL,38,38,100,,
DDBL,56,38,25,,
DDBL,55,38,100,,
DDBL,54,38,20,,
DDBL,46,38,29,,
API,43,45,100,,
CHDC,13,26,10,,
SHPC,7,49,100,,
SBI,38,32,1000,,
SBI,38,47,1000,,
SBI,38,25,30,,
SBI,38,17,512,,
HDHPC,22,25,10,,
UMHL,48,57,46,,
UMHL,48,41,104,,
KBL,45,51,255,,
JBBL,1,57,213,,
JBBL,13,57,200,,
JBBL,52,57,50,,
JBBL,57,57,20,,
JBBL,28,57,517,,
RMDC,26,28,50,,
RMDC,26,28,500,,
RMDC,26,28,500,,
RMDC,57,28,100,,
RMDC,16,28,850,,
PIC,38,52,80,,
PIC,42,52,70,,
PIC,48,52,50,,
GBBL,45,41,10,,
SLBSL,44,22,17,,
LEC,57,58,10,,
LBBL,42,34,190,,
LBBL,19,34,100,,
LBBL,45,34,10,,
GBIME,1,7,700,,
AIL,21,34,10,,
NGPL,45,38,20,,
NGPL,6,38,100,,
NGPL,35,38,50,,
NGPL,14,38,300,,
NGPL,26,38,10,,
NGPL,57,38,146,,
NGPL,38,38,100,,
NGPL,20,38,100,,
NGPL,22,38,200,,
NGPL,35,38,20,,
NGPL,34,38,50,,
NGPL,49,38,100,,
NGPL,3,38,10,,
NGPL,58,38,90,,
MLBSL,48,25,10,,
NLICL,58,14,460,,
NLICL,44,14,30,,
NLICL,13,14,100,,
NLICL,13,14,200,,
NLICL,53,14,10,,
GHL,1,7,10,,
SRBL,49,36,120,,
GLICL,37,45,10,,
JLI,17,58,10,,
MLBL,38,48,100,,
RHPL,48,34,10,,
SFMF,28,51,2150,,
ALICL,25,32,30,,
ALICL,6,32,10,,
NLIC,6,21,50,,
NLIC,38,21,51,,
NLIC,34,21,25,,
NLIC,39,21,10,,
NLIC,47,21,50,,
NLIC,10,21,20,,
NLIC,52,21,200,,
NLIC,33,21,10,,
NLIC,39,21,50,,
NLIC,6,21,50,,
HURJA,11,7,100,,
NLIC,45,21,50,,
BOKL,57,28,27,,
NLIC,11,25,40,,
EBL,52,44,10,,
ADBL,26,55,100,,
UPPER,33,4,40,,
UPPER,26,4,60,,
DHPL,4,45,20,,
JBLB,17,17,10,,
JBBL,45,49,50,,
UMHL,33,41,100,,
AKJCL,25,33,50,,
AKJCL,42,33,230,,
AKJCL,8,33,100,,
PFL,29,19,30,,
GBIME,7,7,500,,
GLH,58,21,10,,
MBL,33,28,10,,
SADBL,3,6,30,,
SADBL,59,6,100,,
CZBIL,17,13,60,,
CZBIL,34,13,100,,
CZBIL,45,13,140,,
SAHAS,20,58,10,,
NRIC,29,55,40,,
NRIC,1,55,37,,
NRIC,1,58,13,,
GBLBS,10,17,100,,
GBLBS,33,17,200,,
GBLBS,29,17,50,,
GBLBS,41,17,200,,
GBLBS,29,17,10,,
GBLBS,29,17,300,,
GBLBS,38,17,100,,
GBLBS,57,17,50,,
GBLBS,49,17,15,,
GBLBS,57,17,20,,
GBLBS,29,17,50,,
GBLBS,42,17,50,,
GBLBS,53,17,460,,
GBLBS,42,17,50,,
GBLBS,41,17,45,,
GBLBS,6,17,50,,
GBLBS,58,17,100,,
GBLBS,28,17,255,,
LICN,10,17,10,,
JBBL,28,14,1000,,
CBBL,35,41,25,,
CBBL,45,41,18,,
CBBL,11,41,50,,
CBBL,48,41,10,,
CBBL,32,41,13,,
NBL,34,33,225,,
GLH,42,34,354,,
NABIL,58,43,35,,
NICLBSL,56,57,10,,
HIDCL,22,8,1000,,
NHPC,37,17,50,,
PCBL,38,14,191,,
PCBL,22,14,265,,
GBIME,48,52,40,,
RLI,56,4,10,,
CFCL,32,49,440,,
CFCL,32,49,160,,
CHDC,56,26,10,,
RADHI,21,48,100,,
RADHI,57,48,50,,
RADHI,51,48,15,,
PROFL,28,7,10,,
GILB,42,4,10,,
GILB,44,4,50,,
GILB,22,4,11,,
GILB,14,4,20,,
GILB,51,4,27,,
GILB,37,4,100,,
GILB,57,4,12,,
GILB,42,4,30,,
GILB,33,4,200,,
UPCL,3,58,65,,
JLI,17,44,10,,
DDBL,46,34,29,,
EBL,38,48,170,,
EBL,58,48,40,,
MLBL,55,51,90,,
UPPER,57,51,50,,
SHIVM,21,38,40,,
SHIVM,36,38,50,,
SHIVM,45,38,30,,
SRBL,22,36,11,,
KBL,49,38,100,,
MERO,21,48,10,,
EBL,58,38,30,,
MLBL,57,39,100,,
SLI,51,6,10,,
ULI,13,38,10,,
SIL,44,59,140,,
SIL,11,59,50,,
SIL,43,59,10,,
NIFRA,58,39,50,,
SHPC,57,55,185,,
SHPC,28,55,15,,
SCB,14,1,172,,
SCB,29,1,400,,
SCB,10,1,300,,
SCB,10,1,28,,
SCB,34,1,100,,
DHPL,7,45,10,,
DHPL,13,45,50,,
DHPL,34,45,50,,
DHPL,54,45,500,,
JBBL,45,49,30,,
DHPL,22,45,200,,
JBBL,45,41,100,,
DHPL,7,45,10,,
JBBL,45,52,400,,
DHPL,51,45,40,,
JBBL,45,43,120,,
SHINE,56,58,245,,
SHINE,57,58,50,,
SHINE,45,58,1000,,
SHINE,45,58,100,,
SHINE,49,58,380,,
SHINE,41,58,100,,
SHINE,7,58,1000,,
SHINE,1,58,20,,
SHINE,52,58,105,,
MPFL,33,59,11,,
NHPC,14,17,250,,
NHPC,48,17,57,,
SFCL,47,45,100,,
SHPC,51,49,15,,
MMF1,52,58,100,,
AIL,19,34,20,,
SHIVM,45,42,170,,
SHIVM,25,42,10,,
NTC,55,52,100,,
AHPC,28,16,100,,
BOKL,57,43,45,,
BOKL,45,43,55,,
NMB,8,1,234,,
NMB,19,1,66,,
PRIN,51,14,70,,
PRIN,56,14,100,,
PRIN,52,14,30,,
NTC,55,14,64,,
PRIN,14,14,100,,
RLI,56,51,100,,
SADBL,46,59,500,,
AKPL,34,42,30,,
GLH,42,55,646,,
GLH,58,55,20,,
GLH,57,55,80,,
GLH,39,55,100,,
UMHL,57,41,15,,
BPCL,11,57,10,,
SICL,38,58,23,,
SICL,22,58,50,,
SICL,57,58,50,,
SICL,16,58,1000,,
SICL,45,58,10,,
SICL,57,58,200,,
SICL,13,58,20,,
SICL,58,58,20,,
SICL,49,58,300,,
SICL,14,58,50,,
SICL,59,58,10,,
SICL,1,58,10,,
SICL,51,58,20,,
SICL,45,58,200,,
SICL,7,58,20,,
SICL,59,58,50,,
SICL,14,58,10,,
SICL,40,58,587,,
SICL,59,58,100,,
SICL,56,58,50,,
SICL,43,58,100,,
SICL,14,58,10,,
SICL,21,58,40,,
SICL,25,58,250,,
SICL,1,58,50,,
SICL,17,58,300,,
SICL,42,58,31,,
SICL,34,58,50,,
SICL,51,58,100,,
SICL,48,58,200,,
SICL,44,58,60,,
SICL,51,58,80,,
SICL,45,58,100,,
SICL,7,58,10,,
SICL,48,58,50,,
SICL,57,58,19,,
SICL,17,58,200,,
ACLBSL,59,1,10,,
SICL,13,58,20,,
SICL,44,58,50,,
SICL,52,58,25,,
SICL,32,58,10,,
SICL,55,58,20,,
SICL,6,58,25,,
SICL,36,58,30,,
SICL,42,58,130,,
SICL,17,58,180,,
SICL,1,58,50,,
SICL,29,58,30,,
JBLB,17,21,10,,
AKPL,33,42,100,,
NUBL,49,58,200,,
NUBL,3,58,11,,
NUBL,52,58,50,,
NUBL,38,58,56,,
NUBL,58,58,102,,
NUBL,11,58,10,,
NUBL,26,58,20,,
NUBL,29,58,100,,
NUBL,37,58,100,,
NUBL,53,58,35,,
NUBL,14,58,12,,
NUBL,29,58,10,,
NUBL,45,58,10,,
NUBL,21,58,20,,
NUBL,26,58,50,,
NUBL,26,58,50,,
NUBL,28,58,500,,
NUBL,34,58,35,,
NUBL,54,58,10,,
NUBL,13,58,20,,
NUBL,13,58,11,,
NUBL,37,58,50,,
PROFL,28,35,50,,
IGI,55,17,10,,
MEGA,50,34,35,,
MEGA,42,34,50,,
MEGA,57,34,50,,
MEGA,38,34,200,,
MEGA,1,34,200,,
MEGA,57,34,50,,
MEGA,56,34,100,,
MEGA,29,34,15,,
MEGA,50,34,80,,
PRIN,36,34,10,,
MEGA,14,34,15,,
PRIN,20,34,60,,
SCB,1,58,30,,
DHPL,51,51,10,,
DHPL,7,51,10,,
DHPL,19,51,20,,
DHPL,7,51,10,,
DHPL,34,51,50,,
DHPL,29,51,150,,
SLI,51,35,10,,
NABIL,45,43,30,,
PLIC,17,50,555,,
PLIC,38,50,500,,
PLIC,16,50,50,,
PLIC,38,50,100,,
PLIC,1,50,200,,
PLIC,53,50,100,,
PLIC,8,50,50,,
PLIC,57,50,50,,
PLIC,59,50,50,,
PLIC,22,50,10,,
PLIC,46,50,40,,
PLIC,28,50,1000,,
PLIC,10,50,100,,
PLIC,33,50,200,,
PLIC,8,50,100,,
PLIC,43,50,50,,
PLIC,33,50,300,,
PLIC,49,50,10,,
PLIC,21,50,25,,
PLIC,33,50,10,,
LBBL,56,4,330,,
LBBL,56,41,10,,
LBBL,56,34,50,,
LBBL,56,43,50,,
LBBL,56,34,60,,
MERO,34,48,42,,
MERO,34,48,155,,
NIL,16,45,36,,
SBI,38,37,1000,,
SBI,38,14,10,,
SBI,38,19,20,,
NIFRA,14,4,40,,
HIDCL,38,57,110,,
NIFRA,34,44,115,,
UPPER,33,29,13,,
UPPER,16,29,100,,
UPPER,48,29,20,,
UPPER,36,29,841,,
UPPER,57,29,16,,
UPPER,34,29,10,,
ULI,39,28,10,,
SSHL,35,38,90,,
SSHL,8,38,10,,
SSHL,50,38,20,,
NABIL,45,43,10,,
UPCL,6,58,500,,
NABIL,38,43,75,,
AIL,1,34,10,,
UPCL,26,58,100,,
AHPC,28,16,58,,
API,45,48,40,,
SHINE,41,57,50,,
NCCB,34,17,10,,
SJCL,45,36,100,,
HDL,40,57,10,,
ICFC,32,34,40,,
CZBIL,45,36,50,,
UNHPL,20,6,39,,
NLIC,11,47,10,,
SCB,56,58,20,,
SCB,38,58,10,,
SCB,58,58,10,,
SCB,52,58,30,,
SCB,46,58,60,,
NRIC,4,58,10,,
MLBL,18,38,15,,
EIC,32,41,19,,
GHL,3,56,5,,
GHL,13,56,100,,
GHL,19,56,20,,
GHL,16,56,500,,
GHL,58,56,25,,
GHL,32,56,150,,
NCCB,7,13,150,,
BPCL,57,57,100,,
BPCL,45,57,100,,
BPCL,54,57,10,,
SHIVM,44,57,10,,
BPCL,41,57,100,,
SHIVM,19,57,25,,
BPCL,34,57,22,,
UPPER,34,3,40,,
GBLBS,37,39,260,,
RMF1,58,38,200,,
TPC,38,38,50,,
MHNL,7,58,65,,
GUFL,58,57,100,,
GUFL,14,57,50,,
GUFL,28,57,100,,
CHDC,16,4,940,,
CHDC,32,4,60,,
PLI,34,34,10,,
SIFC,58,25,100,,
PLI,52,38,150,,
SHEL,35,28,10,,
PLI,52,45,10,,
PLI,52,10,10,,
CBBL,45,35,30,,
SIFC,44,33,100,,
SIFC,16,33,50,,
SIFC,13,33,50,,
NMB,16,11,100,,
SIFC,57,33,50,,
SIFC,28,33,100,,
SIFC,38,33,500,,
SIFC,38,33,470,,
SHPC,34,7,385,,
SHPC,43,7,200,,
SHPC,48,7,250,,
SHPC,58,7,165,,
JBBL,28,43,30,,
SINDU,49,20,50,,
SINDU,5,20,15,,
SINDU,5,20,10,,
SINDU,39,20,15,,
MNBBL,55,13,19,,
MNBBL,47,13,100,,
MNBBL,39,13,30,,
NCCB,34,14,44,,
NCCB,21,14,100,,
SHINE,57,57,150,,
SHINE,45,57,185,,
UPCL,29,58,100,,
UPCL,28,58,55,,
UPCL,45,58,500,,
UPCL,22,58,110,,
UPCL,56,58,100,,
UPCL,14,58,470,,
NTC,55,26,200,,
NABBC,40,19,100,,
RADHI,51,22,85,,
RADHI,45,22,15,,
SHL,14,51,100,,
SHL,43,51,500,,
SHL,44,51,100,,
PIC,17,33,609,,
PIC,17,34,95,,
CBL,4,57,2,,
CBL,4,38,200,,
CBL,4,48,3000,,
CBL,4,38,100,,
CBL,4,49,50,,
CBL,4,5,104,,
CBL,4,7,100,,
CBL,4,58,60,,
CBL,4,4,2500,,
CBL,4,6,32,,
CBL,4,46,350,,
CBL,4,16,20,,
CBL,4,17,150,,
CBL,4,45,490,,
CBL,4,32,400,,
CBL,4,49,200,,
CBL,4,18,242,,
AIL,1,34,10,,
NIL,16,48,173,,
NHPC,28,35,200,,
AKPL,50,42,10,,
GFCL,21,57,50,,
JBLB,17,28,10,,
ULI,39,34,10,,
SFCL,28,11,70,,
NGPL,58,53,10,,
MLBL,36,7,100,,
MLBL,21,38,200,,
JLI,17,17,10,,
GLICL,29,57,37,,
HDHPC,28,45,1000,,
SHINE,45,58,15,,
SHINE,41,58,20,,
AHPC,33,16,500,,
AHPC,57,16,33,,
AHPC,39,16,11,,
BFC,43,14,350,,
BFC,33,14,50,,
UMHL,57,41,20,,
SHINE,41,38,50,,
PIC,17,34,20,,
TPC,3,38,50,,
SLBBL,42,57,21,,
AKJCL,42,33,270,,
AKJCL,50,33,100,,
AKJCL,14,33,1000,,
AKJCL,58,33,430,,
AKJCL,26,33,200,,
GBIME,51,7,130,,
AHPC,39,49,70,,
EBL,58,48,30,,
EBL,6,48,50,,
EBL,58,48,50,,
EBL,5,48,20,,
EBL,26,48,60,,
NIFRA,54,44,40,,
CCBL,45,55,250,,
HPPL,35,42,324,,
HPPL,34,42,76,,
ULI,39,58,10,,
NRIC,40,58,27,,
ICFC,55,33,443,,
ICFC,58,33,57,,
EIC,26,41,31,,
NLIC,37,1,10,,
GBIME,45,7,100,,
SJCL,41,4,10,,
NUBL,11,58,11,,
LBBL,45,29,50,,
UNHPL,20,26,461,,
UNHPL,33,26,89,,
UMRH,33,50,10,,
BFC,33,16,50,,
NABIL,34,17,215,,
NABIL,5,17,10,,
NABIL,26,17,50,,
NABIL,57,17,130,,
NABIL,42,17,10,,
NABIL,39,17,10,,
NABIL,58,17,10,,
NABIL,22,17,20,,
NABIL,4,17,25,,
NABIL,42,17,10,,
NABIL,49,17,10,,
RURU,42,58,40,,
SIFC,38,33,10,,
MLBS,42,58,10,,
CBBL,32,34,16,,
CBBL,45,34,14,,
CBBL,41,34,38,,
HIDCL,56,8,10,,
SHINE,45,4,10,,
PFL,34,4,200,,
PFL,34,4,100,,
NHPC,10,35,95,,
SIFC,38,34,30,,
SIFC,22,34,50,,
SIFC,28,34,50,,
SIFC,17,34,20,,
SIFC,39,34,50,,
SIFC,55,34,200,,
SIFC,51,34,100,,
SIFC,57,34,500,,
API,34,48,60,,
SIFC,7,34,1000,,
SCB,46,54,90,,
SCB,13,54,10,,
SBCF,38,35,100,,
BFC,43,53,56,,
NLIC,42,1,20,,
CHDC,18,26,90,,
SWBBL,50,4,28,,
AKPL,7,1,136,,
CHDC,18,13,10,,
NRN,49,58,30,,
SLICL,52,34,250,,
SLICL,5,34,20,,
SLICL,38,34,100,,
SLICL,57,34,50,,
SLICL,22,34,200,,
SLICL,4,34,100,,
SLICL,57,34,50,,
SLICL,25,34,100,,
SLICL,5,34,50,,
SLICL,42,34,50,,
SLICL,21,34,32,,
SLICL,28,34,436,,
SLICL,20,34,10,,
JLI,41,19,20,,
JLI,26,19,30,,
SAHAS,20,44,10,,
NIFRA,21,44,15,,
NMB,19,34,34,,
ADBL,14,34,145,,
ADBL,36,34,50,,
ADBL,45,34,50,,
ADBL,22,34,10,,
ADBL,43,34,50,,
ADBL,5,34,100,,
ADBL,54,34,45,,
NHPC,34,54,100,,
ADBL,22,34,50,,
KRBL,1,47,11,,
SBL,32,1,500,,
SBL,56,1,52,,
RADHI,45,57,85,,
RADHI,34,57,20,,
RADHI,45,57,100,,
RADHI,45,57,210,,
NRIC,40,48,33,,
RADHI,4,57,50,,
RADHI,49,57,500,,
RADHI,34,57,50,,
RADHI,39,57,385,,
SHEL,26,26,10,,
SHEL,33,26,50,,
SHEL,32,26,40,,
SABSL,36,4,12,,
CGH,28,57,10,,
SLBSL,44,35,145,,
SLI,34,50,10,,
JBBL,28,51,100,,
NBB,44,38,50,,
LGIL,51,46,217,,
HDL,58,4,20,,
NHPC,48,48,193,,
NHPC,45,48,100,,
NHPC,58,48,200,,
NHPC,55,48,200,,
NHPC,44,48,300,,
NHPC,4,48,100,,
NHPC,14,48,300,,
NHPC,44,48,100,,
NHPC,17,48,50,,
NHPC,19,48,500,,
NHPC,6,48,200,,
NHPC,57,48,200,,
NHPC,57,48,65,,
NHPC,47,48,2500,,
MLBL,57,38,100,,
SHINE,45,32,10,,
SIFC,57,33,200,,
NRIC,28,48,17,,
NRIC,28,34,33,,
SADBL,55,59,450,,
MHNL,32,56,160,,
JOSHI,43,41,10,,
HIDCL,35,28,194,,
HIDCL,56,28,200,,
HIDCL,5,28,10,,
HIDCL,21,28,20,,
HIDCL,32,28,250,,
HIDCL,57,28,50,,
HIDCL,35,28,30,,
HIDCL,29,28,157,,
HIDCL,55,28,30,,
HIDCL,17,28,100,,
HIDCL,47,28,500,,
HIDCL,25,28,10,,
HIDCL,1,28,309,,
HIDCL,49,28,140,,
GBBL,56,32,80,,
GBBL,11,32,30,,
DDBL,46,4,42,,
DDBL,35,4,50,,
GBLBS,37,38,40,,
NLG,34,45,37,,
NICA,20,49,250,,
NICA,1,49,100,,
NICA,49,49,50,,
NICA,44,49,100,,
MERO,10,48,100,,
GLICL,37,45,10,,
NRIC,29,34,17,,
KKHC,8,14,200,,
NHPC,47,46,2500,,
BOKL,45,35,145,,
SGI,36,50,10,,
BOKL,29,35,50,,
BOKL,22,35,50,,
BOKL,6,35,55,,
TRH,43,26,875,,
TRH,56,26,125,,
MLBL,19,38,50,,
MLBL,13,38,200,,
MLBL,28,38,30,,
MLBL,6,38,80,,
MLBL,7,38,200,,
MLBL,1,38,100,,
MLBL,41,38,25,,
AIL,57,34,40,,
AIL,57,34,200,,
SAPDBL,32,58,40,,
UPCL,14,14,30,,
UPCL,26,14,50,,
UPCL,29,14,420,,
API,33,48,100,,
HIDCL,1,6,1145,,
HIDCL,45,6,265,,
HIDCL,38,6,50,,
NIFRA,21,34,50,,
RHPL,25,26,20,,
NIL,16,45,42,,
NIL,19,45,37,,
SIC,32,34,22,,
GLICL,29,37,324,,
GLICL,45,37,176,,
SHPC,58,49,40,,
LBBL,45,41,20,,
EBL,26,34,20,,
AIL,57,57,10,,
MLBL,49,48,100,,
SAPDBL,32,41,100,,
NFS,55,39,100,,
NTC,42,37,300,,
ULI,39,13,10,,
NTC,55,14,320,,
NTC,17,14,20,,
NTC,33,14,60,,
JBBL,28,32,231,,
JBBL,26,32,119,,
UPPER,57,44,34,,
NLIC,59,58,5,,
NLIC,42,58,10,,
SHPC,58,58,95,,
UPPER,36,39,450,,
UPPER,36,41,50,,
GILB,33,37,100,,
MLBL,58,48,110,,
MLBL,58,26,190,,
AKPL,50,42,10,,
PLI,34,50,10,,
AKPL,50,55,50,,
RADHI,39,33,73,,
SIFC,17,33,10,,
SIFC,4,33,100,,
SIFC,38,33,50,,
CLBSL,18,34,64,,
CLBSL,49,34,10,,
CLBSL,22,34,20,,
CLBSL,18,34,20,,
CLBSL,33,34,200,,
CLBSL,10,34,30,,
CLBSL,54,34,10,,
CLBSL,37,34,11,,
CLBSL,53,34,20,,
CLBSL,41,34,154,,
SBI,49,16,10,,
AKJCL,49,33,15,,
CBL,41,57,201,,
CBL,21,57,50,,
CBL,4,57,249,,
MLBL,38,26,50,,
MLBL,16,26,150,,
MLBL,4,26,100,,
MLBL,34,26,500,,
NIFRA,21,32,25,,
NLG,14,45,14,,
SICL,47,21,50,,
SAHAS,55,5,100,,
SAHAS,39,5,200,,
ADBL,26,55,100,,
BFC,43,57,87,,
HURJA,3,34,20,,
UPCL,29,47,80,,
SIL,43,17,10,,
SHPC,43,58,25,,
AIL,21,34,60,,
GBIME,35,7,403,,
GBIME,35,42,50,,
GBIME,35,58,175,,
GBIME,35,33,1000,,
GBIME,35,50,98,,
GBIME,35,26,100,,
GBIME,35,47,888,,
GBIME,35,58,69,,
GBIME,35,33,500,,
GBIME,35,49,50,,
GBIME,35,28,364,,
GBIME,35,49,1303,,
LBL,28,29,75,,
CMF1,32,34,500,,
NTC,59,37,60,,
MHNL,18,58,305,,
MHNL,20,58,50,,
MHNL,57,58,100,,
MHNL,7,58,500,,
MHNL,58,58,10,,
MHNL,58,58,55,,
CCBL,45,4,200,,
AHPC,39,7,19,,
AHPC,11,7,85,,
NMB,8,18,145,,
SLBSL,47,22,13,,
NABIL,45,38,20,,
SWBBL,50,39,64,,
SWBBL,42,39,26,,
SWBBL,18,39,10,,
SAHAS,55,19,10,,
HIDCL,1,1,46,,
HIDCL,45,1,19,,
HIDCL,35,1,50,,
HIDCL,57,1,30,,
HIDCL,34,1,100,,
HIDCL,45,1,200,,
HIDCL,49,1,40,,
HIDCL,58,1,15,,
NIFRA,21,50,10,,
NIFRA,21,50,40,,
AHPC,6,58,200,,
MDB,21,29,28,,
GBLBS,38,10,10,,
NRIC,26,34,50,,
NRIC,26,34,20,,
NRIC,26,26,50,,
NLIC,52,58,100,,
NLIC,14,58,50,,
NLIC,44,58,50,,
NLIC,34,58,200,,
NLIC,32,58,30,,
NLIC,45,58,35,,
AKJCL,58,42,70,,
AKJCL,58,42,10,,
AKJCL,38,42,200,,
AKJCL,17,42,40,,
AKJCL,34,42,655,,
AKJCL,43,42,25,,
JBBL,26,43,100,,
SLI,34,21,10,,
BPCL,21,54,30,,
UPPER,57,56,150,,
SGI,36,4,10,,
SAHAS,55,4,1000,,
EIC,26,38,69,,
EIC,59,38,26,,
EIC,43,38,25,,
NMFBS,20,33,100,,
SLICL,28,34,192,,
SLICL,40,34,85,,
SLICL,42,34,100,,
SLICL,25,34,241,,
SFMF,37,51,2000,,
HDHPC,28,57,125,,
LGIL,55,28,50,,
LGIL,55,50,300,,
SHPC,6,58,50,,
SHPC,21,58,50,,
SHPC,6,58,150,,
SHPC,17,58,25,,
SHPC,58,58,200,,
SHPC,14,58,50,,
SHPC,25,58,200,,
SHPC,17,58,50,,
SHPC,34,58,2000,,
SHPC,16,58,100,,
SHPC,52,58,50,,
NIFRA,21,58,50,,
SHPC,37,58,555,,
UPCL,29,19,100,,
RHPL,25,59,80,,
PIC,17,58,50,,
UNHPL,33,38,11,,
AKPL,39,41,117,,
ADBL,54,48,68,,
AKPL,39,10,100,,
AKPL,39,49,12,,
ADBL,56,48,20,,
ADBL,37,48,14,,
NABIL,45,22,102,,
NUBL,35,58,94,,
NUBL,52,58,20,,
MLBSL,6,39,10,,
MKLB,51,6,10,,
MHNL,58,58,30,,
DDBL,58,34,10,,
SWBBL,18,14,90,,
SWBBL,20,14,10,,
GHL,32,34,30,,
TPC,34,19,10,,
MLBSL,48,52,10,,
NICLBSL,56,11,28,,
NICLBSL,21,11,42,,
NICLBSL,57,11,10,,
GILB,58,17,10,,
GLH,57,58,10,,
MDB,51,46,100,,
NIL,16,25,82,,
NTC,59,41,190,,
SKBBL,14,28,225,,
SHEL,32,28,10,,
SKBBL,36,28,60,,
SIC,32,34,17,,
SIC,26,34,10,,
SIC,1,34,10,,
API,45,58,161,,
API,45,41,22,,
GMFIL,53,53,150,,
HDHPC,32,57,175,,
RADHI,39,38,42,,
RADHI,21,38,30,,
RADHI,34,38,100,,
RADHI,45,38,100,,
RADHI,32,38,28,,
RSDC,16,49,57,,
RSDC,49,49,10,,
AKJCL,25,33,60,,
UPPER,36,52,34,,
UPPER,35,52,20,,
UPPER,16,52,46,,
NLG,58,45,100,,
NLG,11,45,100,,
NLG,45,45,10,,
NIFRA,45,4,45,,
UPPER,16,58,34,,
SHPC,37,58,2445,,
SHPC,22,58,50,,
SHPC,17,58,20,,
SHPC,13,58,25,,
SHPC,16,58,50,,
SHPC,44,58,10,,
SHPC,16,58,100,,
SHPC,22,58,100,,
SHPC,49,58,10,,
SHPC,49,58,10,,
SHPC,45,58,50,,
SHPC,58,58,78,,
MNBBL,39,38,20,,
LBBL,58,17,360,,
LBBL,39,17,50,,
LBBL,6,17,20,,
LBBL,10,17,100,,
LBBL,49,17,300,,
LBBL,20,17,20,,
LBBL,53,17,30,,
LBBL,6,17,100,,
LBBL,11,17,20,,
BFC,28,53,444,,
MEGA,50,1,300,,
LBBL,11,34,80,,
NHPC,47,17,42,,
MERO,34,57,50,,
BFC,13,57,13,,
BFC,13,45,80,,
BFC,13,48,407,,
MNBBL,32,58,100,,
NUBL,33,22,50,,
NICLBSL,57,58,10,,
SIFC,38,14,775,,
SLI,34,1,10,,
MLBL,58,54,50,,
PIC,17,34,199,,
ICFC,58,34,200,,
RADHI,32,45,72,,
RADHI,14,45,30,,
RADHI,8,45,50,,
RADHI,7,45,61,,
UPCL,29,44,400,,
UMRH,14,29,10,,
NICLBSL,52,14,150,,
AIL,21,20,30,,
ULI,38,28,10,,
JLI,26,58,10,,
BPCL,34,34,13,,
UIC,39,26,238,,
NABIL,57,22,75,,
NABIL,57,20,25,,
HDHPC,21,57,150,,
HDHPC,25,57,100,,
API,45,41,10,,
SBL,56,44,48,,
SBL,11,44,52,,
JBLB,17,51,10,,
GBIME,34,49,65,,
SICL,56,29,10,,
NHPC,44,17,500,,
NHPC,8,17,50,,
NHPC,59,17,200,,
NHPC,28,17,200,,
NHPC,51,17,150,,
NHPC,57,17,100,,
NHPC,42,17,100,,
NHPC,53,17,200,,
NHPC,39,17,458,,
SHEL,32,4,10,,
SLICL,25,34,259,,
SLICL,41,34,70,,
SLI,34,26,10,,
SHINE,45,19,100,,
MERO,34,17,10,,
JOSHI,43,38,88,,
JOSHI,36,38,200,,
JOSHI,32,38,80,,
JOSHI,33,38,300,,
JOSHI,57,38,120,,
JOSHI,47,38,200,,
JOSHI,3,38,12,,
RMDC,16,16,150,,
RMDC,43,16,50,,
JBBL,26,36,100,,
AKPL,50,49,10,,
SAHAS,55,58,10,,
MBL,45,42,20,,
SICL,34,29,86,,
AKPL,57,49,15,,
JBBL,26,1,40,,
NABIL,55,34,5,,
NABIL,41,34,10,,
MEGA,21,34,20,,
CBL,4,26,504,,
API,45,59,286,,
API,45,52,110,,
API,45,26,331,,
API,45,38,105,,
API,45,45,155,,
API,45,49,400,,
API,45,36,1970,,
API,45,57,460,,
API,45,8,386,,
API,45,1,604,,
JLI,26,56,10,,
BPCL,42,57,60,,
BPCL,42,57,63,,
GLH,57,28,10,,
AHPC,22,58,100,,
CHCL,29,34,510,,
UPCL,34,32,50,,
UPCL,21,32,130,,
UPCL,45,32,500,,
UPCL,42,32,200,,
UPCL,46,32,10,,
UPCL,34,32,50,,
UPCL,42,32,26,,
UPCL,44,32,200,,
UPCL,41,32,25,,
UPCL,39,32,200,,
UPCL,10,32,1000,,
UPCL,44,32,600,,
UPCL,7,32,50,,
UPCL,57,32,100,,
UPCL,57,32,500,,
UPCL,17,32,100,,
UPCL,14,32,153,,
UPCL,57,32,100,,
KRBL,1,29,16,,
KRBL,18,29,100,,
ALICL,7,32,48,,
ALICL,57,32,52,,
UPPER,16,49,20,,
NLG,45,43,40,,
SHINE,45,34,80,,
SPDL,14,21,43,,
PCBL,22,42,10,,
SJCL,42,4,10,,
GMFIL,53,43,150,,
GMFBS,34,10,12,,
DDBL,28,28,46,,
DDBL,58,28,154,,
CCBL,22,33,22,,
CCBL,22,43,38,,
KSBBL,58,38,10,,
MLBL,38,26,300,,
AKPL,7,17,275,,
AKPL,22,17,50,,
AKPL,26,17,150,,
AKPL,43,17,25,,
NIL,14,25,50,,
SBI,38,19,80,,
SBI,38,17,100,,
SBI,38,51,70,,
SBI,38,58,20,,
MLBL,58,51,450,,
MEN,38,58,10,,
PRVU,17,5,50,,
SAHAS,33,21,10,,
SAHAS,33,50,10,,
CIT,43,58,50,,
ALICL,57,20,50,,
ALICL,45,20,50,,
MLBL,45,51,50,,
SAHAS,55,4,10,,
MLBS,42,49,10,,
CBL,57,45,10,,
NRIC,44,55,240,,
NRIC,44,49,90,,
SLI,34,38,10,,
MDB,26,29,20,,
SIFC,38,57,150,,
HDHPC,4,57,50,,
ULI,38,56,10,,
ULI,38,1,10,,
ULI,38,59,10,,
CBBL,45,34,36,,
CBBL,59,34,77,,
CBBL,59,34,23,,
NBL,32,58,50,,
MPFL,33,20,100,,
API,35,1,148,,
API,35,48,300,,
ACLBSL,59,34,10,,
HDHPC,21,25,100,,
PRVU,45,59,730,,
PRVU,39,59,100,,
PRVU,32,59,15,,
PRVU,42,59,100,,
PRVU,21,59,25,,
PRVU,49,59,20,,
PRVU,19,59,10,,
KKHC,8,35,40,,
KKHC,14,35,50,,
KKHC,20,35,100,,
KKHC,50,35,10,,
SLI,34,50,10,,
CZBIL,45,33,500,,
NABIL,28,20,25,,
GILB,58,17,10,,
SLBSL,55,43,16,,
NLG,36,59,24,,
GBIME,40,49,80,,
MKJC,28,54,10,,
LBBL,48,34,10,,
LBBL,36,34,10,,
SLI,34,58,40,,
SLI,55,58,30,,
SLI,58,58,30,,
GBIME,47,49,192,,
GBIME,57,49,200,,
GBIME,22,49,10,,
UPCL,50,44,100,,
MLBL,18,45,50,,
ULI,39,29,10,,
GFCL,1,51,50,,
PIC,17,34,27,,
PIC,1,34,10,,
SADBL,55,43,50,,
SAHAS,55,29,10,,
RLI,56,4,110,,
UPPER,16,4,100,,
CIT,44,58,50,,
AHPC,48,58,200,,
NIFRA,35,14,55,,
MHNL,20,44,50,,
MHNL,19,44,460,,
MHNL,45,44,15,,
ILBS,25,40,12,,
SAHAS,55,14,10,,
NHPC,39,57,42,,
NLIC,45,10,250,,
NLIC,45,42,50,,
BARUN,57,38,10,,
SAHAS,55,34,10,,
NICLBSL,52,10,10,,
PROFL,28,57,450,,
PROFL,39,57,100,,
LBBL,19,34,10,,
SHEL,32,28,10,,
SLICL,41,34,30,,
SLICL,34,34,12,,
SLICL,10,34,35,,
AHPC,11,46,15,,
AHPC,52,46,100,,
AHPC,32,46,100,,
AHPC,22,46,10,,
AHPC,56,46,200,,
AHPC,35,46,400,,
RMDC,58,32,50,,
MNBBL,21,29,200,,
ICFC,58,28,100,,
HIDCL,17,8,90,,
JBLB,4,4,40,,
NHPC,52,57,45,,
RLFL,46,49,84,,
RLFL,46,58,16,,
AHPC,43,57,45,,
AHPC,28,57,405,,
MKJC,28,28,80,,
AHPC,25,57,50,,
ULI,1,53,10,,
GBLBS,29,47,10,,
GBLBS,56,47,10,,
API,45,21,100,,
PIC,11,33,50,,
PIC,53,33,50,,
PIC,13,33,12,,
PIC,1,33,20,,
PIC,11,33,50,,
PIC,57,33,100,,
PIC,8,33,100,,
PIC,33,33,20,,
LBBL,57,34,30,,
STC,37,59,10,,
MBL,39,38,100,,
ULI,39,58,10,,
NIL,26,25,100,,
PMHPL,8,7,200,,
BPCL,42,34,200,,
SINDU,39,19,10,,
GILB,58,17,10,,
UMHL,38,41,50,,
PROFL,52,56,110,,
NBB,44,19,95,,
API,45,13,1824,,
API,49,13,10,,
API,56,13,100,,
API,58,13,66,,
SAHAS,55,34,290,,
SAHAS,37,34,90,,
SAHAS,3,34,100,,
AHPC,21,58,150,,
CIT,3,33,27,,
CIT,35,33,73,,
JBBL,48,1,100,,
MDB,48,29,452,,
NLG,13,45,219,,
DDBL,58,50,46,,
DDBL,32,50,100,,
DDBL,20,50,30,,
DDBL,4,50,15,,
DDBL,45,50,10,,
DDBL,13,50,150,,
DDBL,45,50,15,,
VLBS,11,38,50,,
NABIL,19,32,55,,
MLBS,42,34,10,,
MLBS,33,34,10,,
SJCL,13,6,350,,
SJCL,58,6,50,,
SJCL,57,6,148,,
API,58,26,204,,
API,28,26,296,,
DDBL,45,41,35,,
DDBL,6,41,50,,
GBBL,4,33,317,,
GBBL,20,33,97,,
GBBL,56,33,86,,
PROFL,28,43,200,,
SHPC,26,49,100,,
DHPL,57,57,48,,
DHPL,46,57,19,,
DHPL,17,57,50,,
NMB,25,18,105,,
NMB,25,37,50,,
AKPL,50,49,10,,
NRIC,46,49,40,,
NRIC,37,49,50,,
NRIC,13,49,100,,
NRIC,13,49,300,,
NRIC,34,49,10,,
NRIC,48,49,10,,
NRIC,13,49,300,,
NRIC,13,49,100,,
GFCL,1,34,15,,
HDL,50,6,10,,
SIFC,38,45,75,,
NICL,38,45,50,,
SIFC,26,45,125,,
SLI,58,53,10,,
PRVU,59,41,120,,
PRVU,56,41,15,,
PRVU,58,41,55,,
PRVU,6,41,10,,
SBI,49,51,30,,
NHPC,32,57,15,,
NHPC,51,57,19,,
NHPC,6,57,79,,
KBL,58,7,200,,
JBLB,4,58,10,,
UMRH,41,29,10,,
RLI,45,49,100,,
BFC,28,43,100,,
GFCL,45,6,100,,
GFCL,45,34,200,,
SFCL,28,57,100,,
CHCL,17,26,20,,
CBL,4,43,1000,,
CBL,4,55,500,,
CBL,4,57,50,,
CBL,4,58,25,,
CBL,4,18,250,,
CBL,4,45,340,,
CBL,4,41,32,,
CBL,4,4,141,,
CBL,4,6,100,,
CBL,4,45,18,,
CBL,4,56,40,,
RLI,56,53,10,,
MLBSL,42,49,10,,
NHPC,6,49,21,,
NHPC,28,49,500,,
NHPC,57,49,25,,
NHPC,14,49,500,,
NHPC,5,49,100,,
NHPC,22,49,30,,
NHPC,52,49,500,,
NUBL,49,59,65,,
NHPC,26,49,150,,
MERO,34,17,10,,
SAHAS,37,45,10,,
GLH,57,28,10,,
JBBL,28,1,500,,
JBBL,34,1,100,,
BOKL,6,33,10,,
RLI,42,4,610,,
SICL,34,56,520,,
API,28,39,204,,
API,28,39,17,,
FMDBL,45,57,21,,
RADHI,7,57,39,,
FMDBL,48,57,64,,
FMDBL,45,57,100,,
RADHI,59,57,50,,
FMDBL,58,57,15,,
RADHI,6,57,20,,
NUBL,16,59,10,,
AHPC,28,58,95,,
AHPC,58,58,40,,
MLBS,42,58,10,,
AHPC,58,58,15,,
AHPC,43,58,50,,
AKPL,53,57,100,,
PLI,34,53,10,,
SJCL,6,1,500,,
NABIL,59,48,100,,
NABIL,59,44,48,,
UPPER,36,57,125,,
UPPER,58,57,25,,
UPPER,48,57,20,,
UPPER,42,57,180,,
KBL,58,52,120,,
KBL,58,52,50,,
KBL,41,52,30,,
UPPER,42,43,20,,
UPPER,52,43,10,,
UPPER,48,43,20,,
MPFL,33,58,389,,
MPFL,26,58,516,,
MPFL,43,58,10,,
NLIC,19,10,45,,
NRIC,28,55,100,,
STC,43,50,10,,
STC,37,50,10,,
UMRH,41,29,10,,
ULI,1,4,10,,
NABIL,7,44,10,,
NABIL,45,44,200,,
NABIL,21,44,42,,
NFS,55,57,230,,
NFS,51,57,270,,
SINDU,36,20,100,,
SINDU,17,20,110,,
GBBL,56,33,414,,
AKPL,14,57,42,,
AKPL,33,57,945,,
AKPL,50,57,13,,
ULI,1,38,10,,
NRN,49,53,10,,
CBL,4,50,100,,
LBBL,1,43,50,,
RLFL,59,20,100,,
CFCL,32,38,240,,
CFCL,42,38,10,,
CFCL,58,38,50,,
CFCL,59,38,100,,
NHPC,26,17,150,,
NHPC,48,17,40,,
NHPC,44,17,100,,
NHPC,21,17,1000,,
NHPC,29,17,200,,
NHPC,49,17,150,,
NHPC,20,17,50,,
NHPC,49,17,18,,
NHPC,42,17,1150,,
NHPC,26,17,300,,
NHPC,11,17,50,,
NHPC,28,17,50,,
NHPC,56,17,200,,
NHPC,53,17,200,,
NHPC,45,17,1000,,
NHPC,45,17,500,,
NHPC,43,17,100,,
NHPC,41,17,20,,
NHPC,41,17,10,,
NHPC,4,17,20,,
NHPC,42,17,200,,
NHPC,14,17,100,,
NHPC,41,17,118,,
NHPC,28,17,100,,
NHPC,35,17,500,,
NHPC,50,17,2000,,
NHPC,33,17,500,,
NHPC,41,17,500,,
NHPC,35,17,1000,,
NHPC,48,17,100,,
NHPC,46,17,1000,,
NHPC,25,17,413,,
NHPC,38,17,50,,
NHPC,51,17,1000,,
NHPC,48,17,1542,,
NHPC,49,17,94,,
NHPC,4,17,475,,
NIFRA,32,14,20,,
JBLB,4,49,10,,
MEGA,50,48,200,,
ICFC,48,32,750,,
ICFC,46,32,250,,
SAHAS,55,19,10,,
NRIC,13,6,200,,
NRIC,21,6,10,,
NRIC,40,6,200,,
TPC,34,58,10,,
KSBBL,47,56,60,,
SAHAS,33,56,10,,
NBB,44,50,50,,
MFIL,14,43,190,,
MFIL,55,43,10,,
AKPL,50,42,10,,
SLI,58,19,10,,
SAEF,7,34,13000,,
SAEF,37,34,20000,,
HIDCL,29,36,100,,
HIDCL,58,36,200,,
NTC,33,58,940,,
NTC,16,58,100,,
NTC,48,58,20,,
NTC,59,58,50,,
NTC,45,58,100,,
NTC,18,58,100,,
NTC,59,58,500,,
NTC,38,58,190,,
NICLBSL,52,53,10,,
MNBBL,55,59,533,,
MNBBL,16,59,20,,
MNBBL,55,59,147,,
MNBBL,34,59,100,,
MNBBL,40,59,100,,
MNBBL,1,59,100,,
JLI,26,28,10,,
HDHPC,50,25,45,,
HDHPC,35,25,20,,
HDHPC,34,25,67,,
MLBS,42,7,10,,
AKJCL,14,33,10,,
AKJCL,58,33,100,,
CFCL,52,58,62,,
AKJCL,42,33,100,,
AKJCL,26,33,210,,
API,35,1,20,,
NABIL,43,32,65,,
SAHAS,33,1,10,,
SAHAS,33,16,10,,
SHPC,51,34,145,,
NFS,51,34,30,,
SHPC,56,34,200,,
AHPC,6,58,20,,
BARUN,25,38,725,,
HIDCL,34,54,100,,
GHL,32,50,120,,
GHL,43,50,80,,
UMHL,58,41,311,,
GBIME,47,6,150,,
MLBL,35,28,300,,
SFCL,28,45,197,,
DHPL,17,38,50,,
DHPL,17,1,30,,
MEN,29,53,10,,
UPPER,26,33,192,,
UPPER,42,33,100,,
UPPER,46,33,208,,
SCB,13,48,21,,
JLI,26,44,10,,
SBI,6,54,471,,
MLBL,41,28,18,,
MLBL,14,28,40,,
MLBL,25,28,440,,
RADHI,35,11,50,,
SJCL,11,47,50,,
ICFC,32,36,500,,
AKPL,50,6,47,,
ICFC,32,38,500,,
ICFC,32,5,100,,
ALBSL,34,52,12,,
AKJCL,26,14,250,,
RHPL,48,57,40,,
RLI,42,57,10,,
GIC,53,38,10,,
MMFDB,59,21,20,,
NTC,3,49,131,,
GBBL,42,57,50,,
GBBL,22,57,300,,
GBBL,32,57,30,,
GBBL,38,57,500,,
GBBL,49,57,100,,
GBBL,6,57,500,,
GBBL,6,57,100,,
GBBL,34,57,50,,
GBBL,57,57,130,,
GBBL,19,57,500,,
GBBL,32,57,500,,
GBBL,54,57,30,,
GBBL,36,57,200,,
GBBL,19,57,20,,
GBBL,4,57,462,,
GBBL,49,57,100,,
GBBL,44,57,100,,
GBBL,4,57,30,,
MHNL,19,14,40,,
MHNL,34,14,40,,
NIFRA,49,14,65,,
JBLB,4,52,10,,
GBBL,20,57,203,,
GBBL,11,57,200,,
GBBL,53,57,200,,
GBBL,58,57,45,,
GBBL,49,57,300,,
GBBL,45,57,50,,
GBBL,41,57,200,,
GBBL,43,57,100,,
BFC,45,48,100,,
AHPC,3,58,100,,
NIFRA,21,50,10,,
SAHAS,55,59,10,,
JBLB,4,58,10,,
JBLB,4,42,10,,
JBLB,4,21,10,,
JBLB,4,42,10,,
JBLB,4,52,10,,
JBLB,4,14,100,,
JBLB,4,38,10,,
JBLB,4,25,10,,
JBLB,4,42,140,,
JBLB,4,48,60,,
JBLB,4,34,10,,
JBLB,4,34,20,,
JBLB,4,49,10,,
JBLB,4,21,10,,
JBLB,4,58,10,,
NLIC,58,10,10,,
KSBBL,47,58,20,,
NLIC,46,10,30,,
BPCL,42,44,100,,
MLBS,42,7,10,,
GBIME,34,49,10,,
GBIME,53,49,40,,
HIDCL,51,34,50,,
HIDCL,51,35,50,,
NIFRA,57,14,50,,
EBL,26,38,20,,
GIC,29,53,10,,
RMDC,57,49,20,,
ILBS,41,42,50,,
ILBS,45,42,50,,
ILBS,28,42,39,,
ILBS,6,42,15,,
MBL,39,58,11,,
MBL,45,58,50,,
MBL,41,58,60,,
MBL,22,58,545,,
MBL,32,58,1000,,
UMHL,58,58,189,,
MBL,39,58,15,,
UMHL,26,58,161,,
MBL,38,58,160,,
GIC,39,58,30,,
GIC,39,17,30,,
UIC,33,26,262,,
NHPC,4,57,125,,
NHPC,34,57,75,,
MLBL,25,38,490,,
MLBL,42,38,40,,
MLBL,28,38,20,,
MLBSL,42,53,20,,
MLBSL,6,53,10,,
JBBL,43,1,40,,
CBBL,11,50,14,,
NRIC,33,55,100,,
MLBL,18,26,100,,
NUBL,39,59,16,,
NGPL,22,52,100,,
AKJCL,6,33,75,,
SGI,36,41,10,,
NICLBSL,52,57,10,,
KKHC,28,51,20,,
GLICL,37,45,10,,
GLICL,37,45,10,,
NMB,26,37,15,,
AIL,21,53,10,,
HDHPC,34,58,33,,
HDHPC,11,58,10,,
HDHPC,13,58,200,,
HDHPC,14,58,50,,
HDHPC,29,58,107,,
HDHPC,29,35,49,,
HDHPC,25,35,10,,
PLI,29,29,10,,
NTC,3,49,184,,
SLI,26,1,10,,
NTC,59,49,10,,
SLI,22,1,20,,
NTC,55,49,106,,
SLI,8,1,20,,
NBF3,51,26,1000,,
HDHPC,25,58,10,,
SAHAS,55,29,10,,
SIFC,26,57,375,,
SIFC,22,57,85,,
SIFC,5,57,540,,
AKPL,4,6,103,,
CORBL,4,41,10,,
SHPC,51,16,50,,
SHPC,34,16,50,,
NRIC,49,55,60,,
MBL,49,42,10,,
HIDCL,51,35,250,,
NRN,49,10,10,,
UMHL,57,11,15,,
NMB,26,54,115,,
NMB,8,54,150,,
SMFBS,36,4,25,,
SMFBS,44,4,10,,
SMFBS,17,4,190,,
SMFBS,13,4,20,,
SMFBS,1,4,20,,
NBL,32,41,20,,
NBL,14,41,50,,
HIDCL,29,7,143,,
NBL,56,41,10,,
HIDCL,8,7,111,,
NBL,18,41,20,,
HIDCL,11,7,64,,
OHL,17,52,400,,
SANIMA,47,43,50,,
ULI,36,25,90,,
API,19,1,100,,
SICL,46,56,20,,
SJCL,57,57,10,,
AIL,58,38,40,,
AKPL,50,42,10,,
AKPL,50,38,10,,
API,59,1,128,,
SAHAS,55,38,10,,
JLI,26,50,10,,
NABIL,7,40,10,,
NABIL,41,40,10,,
NABIL,54,40,10,,
NABIL,57,40,60,,
MDB,48,57,18,,
MDB,43,57,25,,
MDB,11,57,10,,
MDB,26,57,20,,
MDB,48,57,10,,
NBB,45,16,40,,
NBB,45,57,10,,
NBB,45,53,100,,
GBIME,53,57,60,,
GBIME,58,57,40,,
SAHAS,55,57,10,,
SAHAS,55,49,10,,
JBBL,43,45,10,,
JBBL,43,19,40,,
NIL,26,45,52,,
NIL,48,45,100,,
NIL,44,45,80,,
NIL,37,45,20,,
NLIC,42,10,10,,
GBBL,4,57,470,,
GBBL,19,57,400,,
GBBL,22,57,130,,
FMDBL,58,35,20,,
AHPC,49,58,90,,
AKJCL,28,33,500,,
JBBLPO,50,49,21176,,
JLI,26,41,10,,
NGPL,58,28,900,,
HIDCL,11,3,236,,
HIDCL,1,3,1500,,
HIDCL,47,3,235,,
HIDCL,38,3,450,,
HIDCL,58,3,49,,
HIDCL,25,3,400,,
HIDCL,43,3,50,,
HIDCL,49,3,20,,
HIDCL,54,3,50,,
HIDCL,32,3,10,,
SINDU,17,45,50,,
SBI,49,6,62,,
SBI,49,21,110,,
UPPER,46,33,392,,
LGIL,51,50,24,,
JBLB,5,53,10,,
BOKL,6,14,10,,
HDHPC,16,58,10,,
JBBL,28,6,152,,
JBBL,33,6,10,,
JBBL,28,6,408,,
JBBL,43,6,100,,
JBBL,45,6,50,,
GIMES1,25,44,128,,
SHINE,1,57,30,,
NICA,3,4,1000,,
NICA,49,4,200,,
NICA,48,4,20,,
SAHAS,55,41,10,,
UMHL,26,49,14,,
SHPC,34,58,10,,
SHPC,43,58,100,,
SHPC,34,58,45,,
SHPC,19,58,500,,
SHPC,45,58,250,,
SHPC,1,58,100,,
SHPC,57,58,100,,
SHPC,13,58,20,,
SHPC,14,58,50,,
SHPC,5,58,50,,
SHPC,16,58,50,,
SHPC,49,58,10,,
ADBL,6,55,100,,
API,59,45,300,,
API,59,14,72,,
NBF3,51,26,100,,
NBF3,29,26,100,,
PSF,16,36,1000,,
PSF,52,36,100,,
SAHAS,55,36,10,,
MKJC,28,35,46,,
CZBIL,42,48,300,,
PCBL,57,49,475,,
PCBL,57,49,600,,
PCBL,42,49,25,,
SPDL,4,21,50,,
SPDL,48,21,107,,
SCB,28,45,200,,
SCB,22,45,20,,
SCB,6,45,100,,
SLBBL,29,57,135,,
SLBBL,36,57,10,,
SLBBL,4,57,34,,
JLI,26,57,10,,
BFC,28,22,13,,
BFC,56,22,27,,
ULI,21,25,10,,
GIC,29,38,30,,
SAPDBL,34,58,150,,
STC,25,59,10,,
STC,41,59,10,,
STC,22,59,10,,
SMB,33,4,300,,
NHPC,34,41,25,,
BOKL,22,28,10,,
MLBL,45,26,100,,
CBBL,42,50,28,,
PMHPL,45,50,42,,
KSBBL,25,58,20,,
NRN,49,26,27,,
NRN,58,26,458,,
LBBL,14,14,28,,
LBBL,57,14,72,,
UPPER,46,34,50,,
ULI,1,59,10,,
SHPC,48,34,500,,
SHPC,49,34,50,,
SHPC,50,34,200,,
SHPC,32,34,100,,
SHPC,36,34,50,,
SHPC,35,34,100,,
SHPC,43,34,50,,
SHPC,52,34,50,,
SHPC,16,34,100,,
SHPC,28,34,200,,
SHPC,40,34,500,,
SHPC,22,34,200,,
SHPC,42,34,50,,
SHPC,34,34,260,,
AHPC,43,58,1000,,
PSF,52,33,100,,
ULI,29,29,10,,
OHL,17,57,10,,
BARUN,45,38,100,,
GLICL,45,57,14,,
AKPL,21,38,100,,
HIDCL,19,35,200,,
UPPER,45,39,10,,
CBBL,49,50,11,,
SINDU,17,45,95,,
SINDU,58,45,55,,
HIDCL,32,40,90,,
HIDCL,33,40,10,,
AHPC,45,58,500,,
NIFRA,29,6,55,,
NIFRA,29,42,45,,
PRVU,6,34,290,,
PRVU,17,34,100,,
PRVU,58,34,25,,
PRVU,16,34,20,,
PRVU,59,34,250,,
PRVU,22,34,50,,
PRVU,49,34,10,,
PRVU,48,34,30,,
PRVU,49,34,100,,
PRVU,44,34,30,,
PRVU,8,34,95,,
NHPC,48,58,458,,
NIFRA,42,44,99,,
NIFRA,55,44,20,,
NIFRA,37,44,81,,
NIL,45,45,100,,
JBBL,38,19,10,,
RADHI,54,58,55,,
NMB,8,32,350,,
ICFC,48,49,245,,
ICFC,45,49,95,,
NLICL,34,50,25,,
LBBL,57,11,500,,
HDHPC,29,25,14,,
BOKL,51,28,100,,
HIDCL,51,16,100,,
SFCL,28,39,400,,
PRVU,8,56,10,,
LBBL,57,48,250,,
NBF3,29,26,500,,
SJCL,57,10,40,,
NUBL,48,41,50,,
MLBSL,22,53,10,,
MLBSL,22,53,10,,
LEC,57,47,50,,
NGPL,39,33,73,,
API,28,1,202,,
JBBL,58,19,50,,
NIBSF2,16,33,100,,
AKJCL,21,13,100,,
UPCL,14,38,47,,
UPCL,21,38,100,,
UPCL,58,38,200,,
UPCL,41,38,25,,
UPCL,3,38,100,,
UPCL,18,38,100,,
UPCL,44,38,200,,
UPCL,41,38,30,,
UPCL,38,38,75,,
UPCL,21,38,60,,
UPCL,16,38,63,,
SGI,36,1,70,,
SGI,53,1,30,,
NLIC,32,34,50,,
UPPER,16,39,200,,
UPPER,48,39,10,,
UPPER,42,39,100,,
UPPER,56,39,50,,
GBIME,47,47,179,,
STC,42,3,10,,
STC,21,3,10,,
STC,52,3,10,,
JBLB,5,59,22,,
JBLB,17,59,50,,
JBLB,6,59,40,,
JBLB,33,59,50,,
JBLB,58,59,38,,
GIC,22,57,10,,
AKPL,38,38,90,,
SAHAS,55,47,10,,
SSHL,50,35,480,,
SSHL,26,35,50,,
SSHL,1,35,500,,
SSHL,44,35,170,,
MLBS,45,41,10,,
KMCDB,14,13,15,,
KMCDB,37,13,10,,
MLBL,19,26,50,,
EBL,16,48,90,,
AKPL,38,45,10,,
API,28,49,781,,
API,26,49,179,,
API,59,49,100,,
GBBL,22,14,80,,
LBBL,57,44,100,,
ICFC,45,29,20,,
MFIL,16,28,100,,
MFIL,28,28,200,,
NGPL,33,33,10,,
NGPL,20,33,100,,
NGPL,58,33,110,,
AHPC,42,58,10,,
CORBL,4,41,10,,
NGPL,58,34,90,,
NGPL,57,34,10,,
KSBBL,47,49,250,,
BARUN,41,43,50,,
SLI,8,5,10,,
CBL,4,21,200,,
NRIC,1,50,100,,
NRIC,28,50,90,,
AIL,41,49,20,,
AIL,44,49,10,,
NRN,58,59,42,,
NRN,35,59,50,,
NRN,49,59,100,,
NRN,16,59,150,,
NRN,38,59,100,,
NRN,34,59,18,,
NRN,55,59,40,,
BBC,38,50,10,,
BBC,45,50,10,,
SIFC,5,8,300,,
AHPC,43,58,839,,
SSHL,21,48,50,,
SSHL,21,49,50,,
AKPL,33,57,34,,
ULI,38,25,90,,
CBBL,22,50,37,,
GBIME,1,47,270,,
SJCL,57,41,52,,
GBIME,37,47,50,,
SJCL,32,41,10,,
SJCL,57,41,78,,
API,4,39,12,,
NUBL,48,37,50,,
HDHPC,29,58,30,,
AIL,44,59,10,,
HGI,5,43,71,,
MLBS,45,28,10,,
NRIC,28,35,10,,
EBL,16,39,135,,
GBIME,45,47,30,,
GBIME,47,58,19,,
SANIMA,52,52,20,,
SANIMA,56,52,10,,
SANIMA,1,52,70,,
SFCL,28,26,100,,
NBF3,29,26,400,,
SFCL,22,26,50,,
SFCL,39,26,50,,
NBF3,42,26,100,,
NMFBS,45,33,19,,
NMFBS,6,33,100,,
NMFBS,34,33,10,,
NMFBS,21,33,10,,
LBBL,57,29,50,,
LBBL,57,45,28,,
NABIL,38,32,50,,
JBLB,53,37,10,,
NHPC,25,1,1587,,
NHPC,16,1,200,,
NHPC,34,1,200,,
NHPC,42,1,13,,
NRIC,29,14,90,,
AKPL,50,42,10,,
AKPL,50,50,30,,
CLBSL,18,42,140,,
CLBSL,18,1,40,,
UPPER,56,39,450,,
UPPER,48,39,20,,
UPPER,57,39,10,,
UPPER,33,39,500,,
UPPER,8,39,20,,
RLI,42,55,10,,
RHPL,48,48,200,,
SLBBL,4,4,96,,
SLBBL,49,4,100,,
SLBBL,57,4,80,,
KBL,41,1,50,,
SBI,6,45,150,,
JLI,42,43,10,,
SHPC,34,21,40,,
MLBL,38,29,60,,
MLBL,38,41,40,,
SJCL,57,32,20,,
NIL,37,49,50,,
NIFRA,37,5,19,,
NIFRA,58,5,31,,
AHPC,43,58,100,,
CBBL,22,29,13,,
CBBL,20,29,17,,
AKPL,33,50,21,,
CBBL,20,28,43,,
NHPC,36,58,150,,
KBL,41,42,100,,
MHNL,28,57,100,,
SMFBS,4,6,10,,
SMFBS,1,6,50,,
SMFBS,36,6,20,,
NGPL,38,33,200,,
NGPL,35,33,100,,
NGPL,17,33,35,,
NGPL,47,33,20,,
PRVU,8,38,395,,
PRVU,49,38,10,,
PRVU,53,38,300,,
PRVU,54,38,10,,
PRVU,11,38,100,,
PRVU,45,38,175,,
PRVU,22,38,10,,
PRVU,7,38,37,,
PRVU,45,38,146,,
PRVU,42,38,17,,
HDHPC,16,25,286,,
CHDC,32,37,10,,
NBF3,42,26,150,,
SABSL,36,58,51,,
SABSL,36,33,133,,
STC,50,48,10,,
GMFIL,51,43,100,,
EIC,43,41,40,,
CHDC,32,33,10,,
PCBL,42,32,55,,
PCBL,26,32,80,,
PCBL,48,32,50,,
PCBL,45,32,90,,
PCBL,22,32,50,,
PCBL,46,32,25,,
SBI,6,45,150,,
SBI,6,19,70,,
SBI,6,35,30,,
SBI,6,51,50,,
SBI,6,37,200,,
PRVU,42,45,11,,
EBL,49,44,50,,
API,45,14,15,,
API,45,59,485,,
LGIL,51,43,168,,
LGIL,52,43,92,,
LGIL,5,43,20,,
DDBL,43,59,50,,
UPPER,54,33,108,,
UPPER,54,38,92,,
NBB,32,53,400,,
UMRH,41,5,10,,
PLI,34,43,10,,
UPPER,11,38,50,,
GBIME,47,56,10,,
NHPC,25,42,3000,,
NHPC,14,42,500,,
NHPC,51,42,100,,
NHPC,52,42,1000,,
NHPC,58,42,40,,
NHPC,8,42,200,,
NHPC,21,42,160,,
API,4,57,30,,
NBF3,41,26,200,,
CHCL,49,18,100,,
CHCL,29,18,50,,
SAHAS,55,34,10,,
RSDC,38,4,40,,
RSDC,55,4,10,,
RSDC,16,4,10,,
UMHL,26,47,25,,
SBI,6,58,100,,
NGPL,8,33,100,,
NGPL,55,33,84,,
AHPC,43,58,61,,
AHPC,46,58,30,,
AHPC,45,58,59,,
RLI,42,57,20,,
NABIL,14,32,100,,
MBL,38,50,500,,
SMFBS,14,6,10,,
GHL,43,35,30,,
AKPL,38,50,100,,
NIFRA,3,42,15,,
NIFRA,3,57,110,,
NIFRA,35,57,70,,
SAHAS,16,56,10,,
NBB,32,16,100,,
ICFC,45,48,50,,
NGPL,45,28,100,,
RLI,42,38,10,,
AKPL,36,50,30,,
AKPL,3,50,100,,
AKPL,44,50,100,,
LGIL,5,34,130,,
SJCL,57,13,240,,
SJCL,43,13,40,,
SJCL,16,13,120,,
MHNL,39,57,20,,
NABIL,21,32,100,,
MEGA,50,21,20,,
MEGA,4,21,30,,
RLI,42,5,10,,
SIL,44,38,15,,
AKPL,57,49,10,,
AKPL,3,49,1160,,
NICLBSL,52,57,10,,
PLI,48,10,40,,
RADHI,54,58,45,,
NBF3,34,26,105,,
NBF3,32,26,895,,
NICA,48,6,10,,
ULI,1,43,10,,
MLBL,41,26,25,,
MLBL,45,26,100,,
MLBL,4,26,200,,
MLBL,19,26,10,,
MLBL,22,26,150,,
MLBL,14,26,765,,
MLBL,44,26,10,,
MLBL,35,26,390,,
MLBL,58,26,100,,
MLBL,39,26,50,,
MLBL,7,26,200,,
RLI,42,49,10,,
KEF,47,46,300,,
CBL,4,42,30,,
NHPC,58,58,100,,
UPPER,59,38,16,,
UPPER,54,38,10,,
UPPER,54,38,20,,
UPPER,50,38,300,,
UPPER,55,38,50,,
UPPER,22,38,40,,
UPPER,21,38,100,,
UPPER,50,38,20,,
UPPER,41,38,100,,
UPPER,58,38,20,,
UPPER,26,38,182,,
NLIC,32,33,20,,
PCBL,7,58,32,,
PCBL,7,1,68,,
NIFRA,58,57,20,,
STC,49,57,10,,
MHNL,35,57,400,,
MHNL,49,57,500,,
GLICL,35,43,100,,
MLBS,35,40,10,,
GLICL,42,43,100,,
GLICL,56,43,400,,
GLICL,26,43,20,,
GLICL,34,43,42,,
GLICL,16,43,10,,
GLICL,43,43,25,,
RLI,42,42,110,,
SAHAS,16,5,10,,
EBL,13,44,100,,
SJCL,16,57,10,,
SJCL,38,57,10,,
MLBS,35,22,10,,
SHEL,32,43,10,,
RLFL,35,58,62,,
RLFL,35,19,138,,
GIC,22,49,40,,
GIC,19,49,60,,
ICFC,35,49,20,,
SAHAS,16,29,10,,
GBBL,7,22,280,,
GBBL,7,58,50,,
MEN,1,53,10,,
UNHPL,6,47,25,,
SHEL,32,54,10,,
ICFC,49,49,40,,
HPPL,34,6,84,,
SANIMA,1,32,130,,
SANIMA,45,32,100,,
SANIMA,56,32,100,,
SANIMA,10,32,20,,
MBL,38,45,950,,
MBL,43,45,50,,
SHPC,34,6,200,,
SHPC,56,6,10,,
SFCL,39,50,100,,
RHPL,43,41,15,,
SICL,55,56,110,,
KBL,41,54,10,,
SAHAS,16,38,10,,
NUBL,26,37,100,,
PIC,33,50,10,,
SAHAS,49,48,10,,
RLI,42,57,10,,
SHEL,32,21,10,,
MLBS,35,43,10,,
HIDCL,47,58,265,,
HIDCL,56,58,100,,
HIDCL,21,58,50,,
HIDCL,25,58,100,,
HIDCL,25,58,50,,
HIDCL,55,58,200,,
HIDCL,45,58,57,,
NGPL,55,33,101,,
PLI,48,5,10,,
SWBBL,58,14,16,,
AKPL,50,42,10,,
CORBL,4,41,10,,
NICLBSL,52,53,10,,
HDHPC,21,22,300,,
HDHPC,34,22,15,,
SBL,11,54,48,,
SBL,58,54,12,,
AKJCL,58,39,70,,
NIFRA,43,57,50,,
SSHL,44,58,30,,
PRVU,45,45,600,,
PRVU,28,45,250,,
UNHPL,6,14,100,,
PCBL,44,1,200,,
UPPER,26,46,18,,
UPPER,48,46,20,,
UPPER,16,46,100,,
UPPER,21,46,52,,
SWBBL,50,32,159,,
SWBBL,43,32,50,,
SWBBL,50,32,25,,
SWBBL,58,32,16,,
GBIME,41,52,100,,
UPPER,21,49,48,,
UPPER,42,49,70,,
UPPER,22,49,100,,
UPPER,41,49,12,,
UPPER,57,49,50,,
UPPER,56,49,20,,
UPPER,46,49,650,,
UPPER,13,49,100,,
UPPER,38,49,100,,
UPPER,58,49,50,,
UPPER,11,49,100,,
NABBC,22,32,70,,
SGI,53,35,10,,
NRN,55,53,10,,
GBIME,41,54,40,,
HDL,56,39,50,,
CFCL,52,7,138,,
CFCL,51,7,100,,
CFCL,45,7,200,,
CFCL,56,7,100,,
CFCL,58,7,100,,
NIFRA,22,57,100,,
LBL,28,34,74,,
SAHAS,34,45,10,,
NGPL,55,39,15,,
NGPL,57,39,10,,
MLBL,39,38,250,,
NICA,20,4,41,,
NICA,43,4,25,,
NICA,57,4,100,,
NICA,57,4,25,,
NICA,51,4,19,,
NMFBS,44,4,20,,
NMFBS,58,4,10,,
NMFBS,43,4,10,,
NMFBS,47,4,50,,
NMFBS,26,4,10,,
NMFBS,14,4,30,,
NMFBS,33,4,100,,
NMFBS,1,4,20,,
NMFBS,20,4,140,,
NMFBS,48,4,100,,
NMFBS,49,4,15,,
NMFBS,47,4,100,,
NMFBS,1,4,10,,
NBF3,19,26,500,,
PLI,48,53,10,,
RLFL,46,19,12,,
RLFL,46,19,50,,
PROFL,25,21,269,,
PROFL,14,21,31,,
RHPL,43,57,20,,
NIFRA,58,34,93,,
NIFRA,21,34,25,,
NIFRA,22,34,60,,
NIFRA,14,34,100,,
NIFRA,19,34,70,,
NIFRA,44,34,50,,
NIFRA,58,34,10,,
NIFRA,19,34,12,,
NIFRA,57,34,600,,
NIFRA,57,34,10,,
NIFRA,14,34,50,,
NIFRA,7,34,10,,
NIFRA,51,34,200,,
NIFRA,48,34,20,,
NIFRA,28,34,50,,
NMB,11,34,41,,
NIFRA,58,34,60,,
NMB,21,34,20,,
NIFRA,34,34,30,,
NMB,6,34,39,,
NIFRA,39,34,250,,
UPCL,26,38,20,,
UPCL,16,6,37,,
UPCL,45,6,100,,
UPCL,38,6,63,,
NIFRA,49,57,10,,
MERO,13,48,100,,
NIL,21,45,40,,
SKBBL,14,57,20,,
HIDCL,45,58,43,,
HIDCL,42,58,157,,
HIDCL,32,58,200,,
NLIC,32,33,80,,
UPPER,26,42,50,,
UPPER,41,42,200,,
UPPER,10,42,20,,
UPPER,20,42,40,,
UPPER,28,42,100,,
UPPER,21,42,30,,
UPPER,6,42,20,,
UPPER,57,42,200,,
UPPER,22,42,50,,
UPPER,41,42,283,,
NABIL,22,32,30,,
NABIL,22,49,40,,
NABIL,57,21,50,,
NABIL,44,21,10,,
MBL,38,50,1500,,
PLI,48,42,110,,
PLI,48,41,10,,
PLI,48,49,10,,
PLI,48,4,10,,
HDHPC,52,56,140,,
HDHPC,52,58,60,,
SHPC,5,58,500,,
NHPC,13,58,400,,
NHPC,41,58,150,,
NHPC,38,58,50,,
NHPC,45,58,500,,
NHPC,52,58,30,,
NHPC,34,58,500,,
NHPC,13,58,500,,
NHPC,28,58,368,,
NHPC,49,58,32,,
NHPC,42,58,12,,
NHPC,58,58,200,,
NHPC,58,58,500,,
NHPC,45,58,50,,
AHPC,45,50,20,,
ILBS,28,57,166,,
ILBS,34,57,100,,
ILBS,34,57,28,,
ILBS,35,57,10,,
ILBS,14,57,188,,
ILBS,13,57,88,,
RLI,42,53,10,,
JLI,42,42,10,,
NRIC,58,55,20,,
LEC,57,35,10,,
JFL,46,48,25,,
SICL,35,56,100,,
NMB,6,47,100,,
PLI,7,57,10,,
HDHPC,42,58,40,,
UNHPL,46,38,20,,
CLBSL,41,54,11,,
CLBSL,35,54,20,,
NICA,51,38,21,,
CBBL,28,28,10,,
LLBS,17,25,100,,
SGI,53,53,10,,
AKPL,3,57,100,,
LEC,57,21,1000,,
ULI,1,39,10,,
ADBL,37,55,150,,
ADBL,49,55,50,,
NGPL,14,33,169,,
NGPL,38,33,50,,
NGPL,34,33,40,,
NGPL,6,33,25,,
NGPL,53,33,200,,
NGPL,55,33,100,,
NGPL,44,33,50,,
NGPL,41,33,200,,
NGPL,44,33,145,,
PRVU,28,34,99,,
NIFRA,48,57,80,,
NIFRA,7,57,60,,
NRIC,1,55,10,,
NRIC,33,55,50,,
HIDCL,58,6,150,,
AHPC,45,38,21,,
AHPC,17,38,82,,
NIFRA,38,42,100,,
PROFL,14,50,355,,
PROFL,29,50,25,,
NMB,6,48,80,,
NLG,13,4,140,,
NLG,39,4,10,,
NLG,13,4,200,,
ULI,1,53,10,,
SABSL,14,33,100,,
BOKL,57,43,75,,
NRN,8,57,10,,
GBIME,58,47,16,,
GBIME,58,56,54,,
AKPL,3,34,46,,
AKPL,3,14,780,,
AKPL,3,55,585,,
NMB,6,34,31,,
NMB,17,34,70,,
NMB,16,34,19,,
NMB,58,34,60,,
SHEL,26,43,42,,
SHEL,19,43,48,,
SHEL,44,43,100,,
ULI,29,25,10,,
HDL,39,39,10,,
HDL,44,45,10,,
SFMF,7,51,1000,,
HDL,50,45,10,,
SFMF,45,51,1000,,
JBBL,28,38,592,,
JBBL,49,38,200,,
JBBL,3,38,500,,
JBBL,49,38,45,,
ICFC,57,5,50,,
AKPL,21,49,50,,
AKPL,18,49,1786,,
BOKL,45,58,12,,
RMDC,42,41,10,,
SAHAS,34,21,10,,
NGPL,44,26,55,,
NGPL,39,26,200,,
NGPL,1,26,10,,
NGPL,26,26,100,,
NGPL,42,26,200,,
NGPL,3,26,200,,
NGPL,14,26,25,,
NGPL,16,26,50,,
NGPL,42,26,10,,
NTC,55,53,50,,
GIC,19,51,10,,
MEGA,54,58,60,,
UPPER,39,58,200,,
UPPER,57,58,321,,
ADBL,49,45,50,,
MNBBL,55,42,13,,
ADBL,37,42,100,,
LLBS,17,42,100,,
HDHPC,43,56,50,,
API,6,59,115,,
TPC,21,51,10,,
GFCL,7,51,100,,
RMDC,42,38,10,,
KKHC,49,51,30,,
KKHC,49,52,50,,
KKHC,49,14,150,,
HIDCL,42,3,43,,
HIDCL,49,3,100,,
HIDCL,49,3,33,,
HIDCL,42,3,50,,
HIDCL,6,3,25,,
HIDCL,16,3,100,,
HIDCL,8,3,1000,,
HIDCL,14,3,200,,
HIDCL,50,3,300,,
HIDCL,58,3,20,,
HIDCL,34,3,1000,,
HIDCL,41,3,30,,
HIDCL,54,3,100,,
HIDCL,47,3,500,,
HIDCL,43,3,50,,
HIDCL,34,3,49,,
MNBBL,40,1,91,,
NTC,55,58,669,,
NTC,3,58,160,,
NTC,49,58,25,,
NTC,3,58,146,,
SHPC,26,58,100,,
NTC,3,21,50,,
NRIC,33,57,10,,
NRIC,38,57,30,,
SLI,10,49,20,,
UPPER,57,44,179,,
PIC,33,50,10,,
LUK,43,38,500,,
NABIL,32,49,100,,
SAHAS,34,58,10,,
NBL,18,35,30,,
SLI,8,53,10,,
SAHAS,34,42,105,,
SAHAS,53,42,20,,
SAHAS,55,42,75,,
MDB,36,45,10,,
LEMF,16,33,200,,
NGPL,28,33,200,,
NICSF,47,22,100,,
MLBL,35,3,110,,
MLBL,7,3,400,,
MLBL,57,3,35,,
MLBL,58,3,13,,
MLBL,58,3,100,,
MLBL,38,3,100,,
MLBL,7,3,42,,
MLBL,58,3,100,,
MLBL,34,3,100,,
HIDCL,34,3,451,,
HIDCL,45,3,100,,
HIDCL,29,3,799,,
HIDCL,34,3,100,,
HIDCL,10,3,1500,,
HIDCL,58,3,50,,
UMHL,26,56,10,,
UMHL,26,21,200,,
UMHL,26,7,50,,
UMHL,26,52,140,,
CZBIL,45,49,310,,
CZBIL,21,49,40,,
GBIME,25,56,46,,
GBIME,25,26,50,,
GBIME,25,45,50,,
GBIME,25,38,154,,
MNBBL,46,1,25,,
ULI,51,25,10,,
ULI,45,25,40,,
NGPL,29,33,10,,
SINDU,58,54,75,,
UPPER,41,57,50,,
SAHAS,55,34,10,,
PRVU,45,35,254,,
PRVU,54,35,100,,
PRVU,42,35,100,,
PRVU,42,35,66,,
TPC,38,51,10,,
RLI,42,53,10,,
AKPL,58,49,50,,
NABBC,40,32,589,,
RHPL,43,35,10,,
SANIMA,40,20,218,,
SANIMA,1,20,100,,
SANIMA,25,20,500,,
SANIMA,58,20,10,,
SANIMA,26,20,395,,
SANIMA,42,20,50,,
SANIMA,34,20,50,,
SANIMA,38,20,10,,
SANIMA,43,20,413,,
SANIMA,41,20,100,,
SANIMA,49,20,1000,,
SANIMA,44,20,300,,
SANIMA,25,20,10,,
SANIMA,42,20,100,,
SANIMA,45,20,200,,
SANIMA,7,20,50,,
SANIMA,45,20,1000,,
SANIMA,1,20,200,,
SANIMA,10,20,294,,
MERO,34,6,75,,
MERO,57,6,15,,
MERO,43,6,10,,
GBIME,28,38,144,,
GBIME,57,38,100,,
GBIME,25,38,100,,
GBIME,49,38,100,,
GBIME,51,38,50,,
GBIME,54,38,100,,
GBIME,34,38,40,,
GBIME,55,38,20,,
GBIME,46,38,112,,
GBIME,29,38,114,,
GBIME,54,38,120,,
UMHL,16,52,100,,
MLBSL,19,14,15,,
NGPL,33,33,400,,
UMHL,6,52,10,,
NABIL,26,49,100,,
MNBBL,44,1,500,,
SHPC,14,58,10,,
AKPL,18,54,10,,
AHPC,17,34,18,,
AHPC,48,34,82,,
SMATA,57,47,100,,
SAHAS,55,59,10,,
NMFBS,13,4,10,,
NICLBSL,56,53,10,,
MKJC,28,50,10,,
RLI,42,57,40,,
SAHAS,55,38,10,,
GBIME,49,38,150,,
SANIMA,58,20,15,,
SANIMA,22,20,50,,
SANIMA,47,20,20,,
SANIMA,19,20,50,,
SANIMA,56,20,20,,
SANIMA,44,20,50,,
SANIMA,55,20,10,,
LBBL,29,45,50,,
SANIMA,16,20,60,,
SANIMA,5,20,400,,
SANIMA,7,20,50,,
SANIMA,42,20,120,,
SANIMA,58,20,50,,
SANIMA,55,20,100,,
SANIMA,59,20,100,,
SANIMA,58,20,50,,
SANIMA,21,20,100,,
SANIMA,21,20,100,,
SANIMA,4,20,50,,
SANIMA,43,20,299,,
SANIMA,34,20,100,,
NGPL,36,26,100,,
SANIMA,10,20,706,,
SBI,48,51,150,,
NGPL,28,26,50,,
ICFC,45,4,10,,
MMF1,52,38,500,,
SAHAS,55,22,10,,
PCBL,22,1,32,,
PCBL,22,1,128,,
SIC,19,34,10,,
SIC,58,34,50,,
SIC,45,34,50,,
SIC,14,34,100,,
SIC,26,34,50,,
SIC,56,34,10,,
SIC,42,34,200,,
SIC,26,34,10,,
SIC,49,34,20,,
AIL,44,42,20,,
CCBL,58,43,20,,
MNBBL,46,1,25,,
NLBBL,41,4,30,,
NLBBL,58,4,30,,
NLBBL,58,4,25,,
NLBBL,33,4,50,,
NLBBL,46,4,56,,
NLBBL,11,4,100,,
NLBBL,38,4,50,,
NLBBL,43,4,14,,
NLBBL,59,4,100,,
NLBBL,49,4,100,,
NLBBL,26,4,20,,
NLBBL,58,4,56,,
NLBBL,41,4,20,,
NLBBL,25,4,20,,
SAHAS,55,25,10,,
NLBBL,59,4,100,,
NLBBL,19,4,28,,
NLBBL,38,4,20,,
NLBBL,33,4,40,,
NLBBL,28,4,100,,
NLBBL,41,4,50,,
NLBBL,26,4,20,,
NLBBL,19,4,28,,
NLBBL,41,4,50,,
NLBBL,58,4,200,,
NLBBL,21,4,20,,
NLBBL,35,4,19,,
GLBSL,26,42,80,,
GLBSL,28,42,50,,
GLBSL,43,42,20,,
GLBSL,8,42,10,,
GLBSL,32,42,10,,
ICFC,45,46,125,,
MEN,32,53,10,,
SAHAS,55,58,10,,
GBBL,19,38,100,,
GBBL,34,38,50,,
UMHL,6,58,60,,
HIDCL,29,33,101,,
HIDCL,6,33,10,,
HIDCL,50,33,100,,
HIDCL,34,33,11,,
MBL,38,49,125,,
MBL,51,49,50,,
MBL,5,49,25,,
AHPC,48,59,18,,
AHPC,48,59,25,,
PMHPL,45,5,12,,
PMHPL,32,5,88,,
KBL,42,38,10,,
SHL,43,52,400,,
SHL,44,52,100,,
JLI,42,21,10,,
NIFRA,7,35,10,,
NABIL,7,48,10,,
IGI,13,33,10,,
NGPL,28,47,950,,
NGPL,42,47,50,,
UPPER,41,58,150,,
UPPER,28,58,50,,
EIC,22,41,10,,
BFC,3,58,17,,
KBL,41,56,310,,
KBL,42,56,200,,
KBL,41,56,490,,
SLCF,42,52,100,,
TPC,38,58,10,,
GBBL,58,14,20,,
ICFC,41,53,82,,
ICFC,41,5,10,,
ICFC,41,49,30,,
CBL,4,43,148,,
CBL,4,25,24,,
CBL,4,36,15,,
JBBL,49,21,170,,
JBBL,57,21,30,,
NABIL,57,38,20,,
CHCL,58,26,20,,
JLI,42,53,10,,
SHINE,32,49,850,,
KMCDB,14,42,63,,
KMCDB,41,42,106,,
KMCDB,34,42,31,,
SADBL,43,57,50,,
EBL,16,34,1175,,
EBL,5,34,30,,
EBL,19,34,30,,
EBL,6,34,500,,
EBL,5,34,30,,
EBL,36,34,100,,
EBL,57,34,50,,
EBL,6,34,85,,
KSBBL,47,35,10,,
KSBBL,47,45,17,,
KSBBL,47,41,450,,
GBIME,6,38,25,,
AHPC,39,58,200,,
LBL,7,34,30,,
SAHAS,55,6,10,,
PRVU,42,32,434,,
PRVU,4,32,16,,
GFCL,7,43,400,,
CHL,25,3,986,,
LLBS,17,25,26,,
LLBS,14,25,100,,
LLBS,6,25,300,,
LLBS,47,25,40,,
LLBS,8,25,24,,
LLBS,47,25,10,,
MNBBL,46,1,25,,
NABIL,55,33,20,,
AKPL,18,51,204,,
AKPL,49,51,30,,
MLBL,38,13,103,,
AKPL,40,49,10,,
AKPL,34,49,20,,
ULI,45,33,150,,
AKPL,50,49,79,,
GLH,38,53,10,,
MNBBL,39,1,600,,
NRIC,33,45,40,,
NRIC,57,45,10,,
NMB,42,11,25,,
CBL,55,36,85,,
CBL,55,21,75,,
CBL,55,38,1000,,
CBL,55,17,50,,
CBL,55,45,90,,
TRH,56,58,40,,
AHPC,48,59,25,,
AHPC,58,59,25,,
AHPC,56,59,250,,
NHPC,58,4,600,,
NHPC,58,45,20,,
NHPC,58,10,200,,
PROFL,7,56,50,,
PROFL,7,57,50,,
NHPC,58,1,80,,
NHPC,58,14,100,,
UPCL,38,56,937,,
UPCL,38,56,50,,
UPCL,45,56,100,,
NLIC,32,6,20,,
CFCL,32,25,50,,
CFCL,32,25,50,,
SHPC,28,58,50,,
GBBL,34,41,10,,
MFIL,14,34,240,,
NGPL,47,33,15,,
NTC,58,21,50,,
SLI,8,39,10,,
SAHAS,55,7,10,,
MFIL,50,34,100,,
CHL,25,45,100,,
NIFRA,7,21,30,,
NLIC,29,34,50,,
LBL,45,34,730,,
AKJCL,58,56,14,,
LBL,45,21,100,,
LBL,45,42,70,,
RADHI,59,58,955,,
LBL,45,41,100,,
NIL,41,45,30,,
NHDL,28,38,100,,
NHDL,28,21,100,,
NHDL,28,38,40,,
NBL,32,34,135,,
NBL,34,34,500,,
NBL,34,34,465,,
NRN,8,40,90,,
NRN,10,40,100,,
NRN,59,40,10,,
API,6,54,85,,
API,6,54,10,,
API,29,54,50,,
SSHL,5,47,40,,
AKPL,50,57,10,,
SAHAS,55,49,100,,
NBL,34,45,35,,
AIL,40,53,10,,
SIFC,5,14,150,,
UMHL,6,52,30,,
MNBBL,42,38,15,,
FMDBL,58,17,12,,
JBLB,52,56,20,,
NCCB,44,28,14,,
HIDCL,35,58,100,,
SBI,48,14,10,,
SBI,48,43,40,,
MNBBL,8,1,250,,
CFCL,41,34,46,,
CFCL,32,34,54,,
NIFRA,39,34,150,,
UNHPL,21,34,50,,
ACLBSL,38,45,15,,
CFCL,32,39,321,,
MFIL,16,34,100,,
MNBBL,11,1,10,,
NIFRA,49,33,40,,
SPDL,48,41,100,,
GBIME,29,28,386,,
GBIME,43,28,50,,
GBIME,25,28,10,,
GBIME,55,28,300,,
GBIME,49,28,101,,
GBIME,57,28,500,,
GBIME,37,28,100,,
GBIME,56,28,50,,
GBIME,22,28,20,,
GBIME,22,28,400,,
GBIME,14,28,200,,
GBIME,28,28,100,,
GBIME,48,28,197,,
GBIME,11,28,100,,
GBIME,49,28,100,,
GBIME,20,28,1000,,
GBIME,41,28,20,,
GBIME,1,28,50,,
GBIME,42,28,100,,
GBIME,10,28,358,,
GBIME,50,28,500,,
GBIME,7,28,100,,
GBIME,41,28,100,,
GBIME,35,28,158,,
DDBL,43,34,20,,
DDBL,54,34,200,,
DDBL,14,34,20,,
LEC,45,50,100,,
NCCB,44,57,11,,
SLI,8,58,10,,
NTC,49,11,15,,
GIC,19,57,10,,
AHPC,6,58,100,,
MNBBL,36,1,50,,
UPCL,58,56,20,,
CBL,41,57,16,,
PROFL,14,52,114,,
PROFL,58,52,65,,
MLBSL,49,38,10,,
GBBL,20,14,50,,
MMF1,52,21,1000,,
API,49,57,500,,
SHPC,35,58,300,,
SHPC,45,58,100,,
SHPC,57,58,300,,
SHPC,16,58,300,,
SHPC,16,58,100,,
SHPC,34,58,100,,
SHPC,17,58,192,,
SSHL,5,21,10,,
JSLBB,1,1,37,,
JSLBB,56,1,11,,
JSLBB,29,1,50,,
JSLBB,40,1,10,,
RADHI,59,58,45,,
BFC,28,58,83,,
RADHI,32,58,500,,
HDHPC,25,17,60,,
CHL,25,38,145,,
CHL,59,38,80,,
CHL,56,38,500,,
CHL,1,38,100,,
CHL,38,38,75,,
CHL,58,38,100,,
NLG,19,38,200,,
ADBL,37,47,50,,
ADBL,37,48,100,,
ADBL,37,22,86,,
NABIL,57,34,50,,
NABIL,19,34,50,,
UPCL,45,44,20,,
UPCL,57,44,40,,
UPCL,44,44,200,,
UPCL,44,44,20,,
UPCL,57,44,100,,
UPCL,34,44,50,,
UPCL,25,44,70,,
PRVU,4,34,50,,
NICA,51,38,160,,
NICA,49,38,40,,
LICN,26,43,50,,
LICN,33,43,50,,
RURU,42,14,50,,
NABBC,40,35,411,,
NABBC,19,35,50,,
NABBC,53,35,90,,
NABBC,35,35,15,,
NABBC,7,35,100,,
NABBC,19,35,10,,
NABBC,54,35,50,,
NABBC,38,35,10,,
NABBC,6,35,150,,
NABBC,58,35,20,,
NABBC,57,35,25,,
NABBC,32,35,10,,
NABBC,46,35,209,,
NABBC,48,35,50,,
BFC,28,19,57,,
MFIL,38,34,100,,
API,29,35,110,,
SHPC,17,34,308,,
SHPC,13,34,20,,
SHPC,53,34,35,,
SHPC,44,34,50,,
SHPC,16,34,540,,
NGPL,19,33,10,,
KSBBL,25,38,20,,
MHNL,57,14,120,,
SADBL,3,38,120,,
SADBL,59,38,100,,
SADBL,43,38,30,,
SSHL,25,48,80,,
RADHI,51,43,100,,
RADHI,46,43,27,,
NIFRA,49,43,27,,
SHINE,33,49,80,,
AKJCL,26,3,100,,
HIDCL,34,35,59,,
AHPC,14,58,10,,
AHPC,28,58,250,,
AHPC,3,58,100,,
AHPC,57,58,500,,
AHPC,26,58,200,,
AHPC,35,58,300,,
AHPC,34,58,500,,
AHPC,44,58,105,,
AHPC,10,58,50,,
AHPC,17,58,287,,
AHPC,19,58,300,,
AHPC,38,58,10,,
KEF,47,1,100,,
HDHPC,42,35,10,,
HIDCL,38,35,500,,
SINDU,58,57,100,,
RLI,42,35,10,,
AIL,44,57,10,,
JLI,42,43,10,,
GBBL,4,3,38,,
GBBL,41,3,30,,
GBBL,4,3,100,,
GBBL,20,3,500,,
GBBL,3,3,500,,
GBBL,58,3,100,,
GBBL,41,3,200,,
GBBL,19,3,50,,
GBBL,32,3,100,,
GBBL,16,3,1000,,
GBBL,22,3,100,,
GBBL,25,3,50,,
GBBL,34,3,20,,
GBBL,14,3,62,,
GBBL,6,3,150,,
MNBBL,42,1,50,,
EBL,6,47,25,,
AKPL,50,59,21,,
ULI,45,58,10,,
SAHAS,55,58,10,,
SRBL,58,44,50,,
NTC,49,36,160,,
API,29,41,55,,
HDHPC,36,17,16,,
NGPL,35,33,200,,
NGPL,45,33,250,,
SLBBL,57,41,20,,
SHINE,54,49,70,,
MDB,21,1,70,,
CBL,42,45,20,,
IGI,39,33,10,,
NUBL,35,59,200,,
NUBL,35,29,156,,
MLBS,17,35,10,,
BPCL,42,29,60,,
PBD85,45,42,15,,
HDHPC,36,52,10,,
HDHPC,36,39,474,,
GBLBS,58,38,50,,
GBLBS,42,38,10,,
LBL,38,49,800,,
NRIC,57,53,40,,
UMHL,36,52,170,,
GUFL,52,21,10,,
UMHL,34,52,300,,
MLBL,7,38,58,,
MLBL,22,38,92,,
SHEL,44,49,100,,
SHEL,17,49,10,,
SHEL,58,49,10,,
SHEL,34,49,100,,
SHEL,46,49,20,,
SHEL,58,49,20,,
SHEL,7,49,40,,
NLBBL,28,42,19,,
NIL,34,45,20,,
NIL,1,45,64,,
HDHPC,45,39,26,,
HDHPC,45,45,474,,
SANIMA,19,5,50,,
SANIMA,19,45,30,,
AKJCL,26,47,1440,,
SAHAS,55,43,10,,
ULI,45,21,10,,
HPPL,34,34,40,,
HPPL,16,34,30,,
HPPL,59,34,30,,
RHPL,48,4,50,,
RHPL,43,4,30,,
NTC,3,38,185,,
SBCF,42,1,200,,
SHPC,16,34,70,,
SHIVM,25,19,90,,
SHIVM,22,19,50,,
KBL,4,49,211,,
GBIME,42,38,20,,
KBL,41,1,10,,
PCBL,6,1,40,,
PCBL,6,58,10,,
MMFDB,20,4,100,,
MMFDB,37,4,50,,
MMFDB,49,4,62,,
MMFDB,47,4,20,,
SAHAS,55,5,10,,
ICFC,7,49,225,,
ICFC,7,51,50,,
NGPL,29,33,185,,
KSBBL,25,38,10,,
KSBBL,45,38,10,,
KSBBL,58,38,20,,
BOKL,50,13,50,,
KSBBL,29,38,10,,
NBL,45,45,15,,
HPPL,59,16,10,,
UPCL,25,10,50,,
ALICL,39,45,10,,
AKPL,26,59,979,,
AKPL,26,36,21,,
SHINE,49,14,70,,
GBBL,6,52,50,,
LBL,38,32,200,,
UPPER,58,44,20,,
NFS,25,46,50,,
NRIC,29,53,13,,
NRIC,7,53,37,,
JBBL,49,38,85,,
JBBL,16,38,800,,
JBBL,33,38,25,,
JBBL,4,38,18,,
JBBL,58,38,72,,
SABSL,5,33,50,,
HIDCL,58,35,69,,
NABIL,55,33,50,,
TRH,3,19,100,,
HIDCL,58,50,44,,
HIDCL,58,17,50,,
GBIME,59,38,500,,
HIDCL,58,36,140,,
NGPL,29,45,15,,
NGPL,57,45,10,,
KKHC,57,16,46,,
MFIL,43,34,30,,
MFIL,35,34,30,,
MFIL,10,34,50,,
MFIL,41,34,100,,
MFIL,55,34,10,,
MFIL,29,34,150,,
MFIL,49,34,10,,
MFIL,41,34,80,,
NHPC,45,1,50,,
SLI,8,32,10,,
LBBL,29,59,50,,
API,19,6,100,,
HIDCL,25,36,360,,
HIDCL,25,13,100,,
HIDCL,25,25,40,,
EBL,6,38,30,,
CORBL,4,1,106,,
CORBL,50,1,10,,
CORBL,47,1,55,,
CORBL,53,1,20,,
CORBL,51,1,100,,
CORBL,57,1,50,,
CORBL,6,1,35,,
CORBL,16,1,29,,
AKJCL,34,39,345,,
AKJCL,1,39,205,,
AKJCL,45,39,150,,
API,19,34,65,,
SPDL,57,17,11,,
GUFL,51,36,50,,
ADBL,50,43,500,,
JBBL,3,37,10,,
HPPL,55,16,160,,
HPPL,55,1,140,,
HPPL,55,38,200,,
ICFC,32,49,300,,
NABBC,48,47,150,,
ICFC,28,46,100,,
CCBL,42,43,139,,
PRVU,4,32,934,,
PRVU,37,32,100,,
PRVU,45,32,25,,
PRVU,51,32,18,,
PRVU,35,32,100,,
PRVU,16,32,23,,
PRVU,53,32,100,,
NICSF,47,20,100,,
AKPL,55,36,100,,
AKPL,29,36,411,,
AKPL,46,36,10,,
AKPL,41,36,50,,
AKPL,59,36,30,,
AKPL,34,36,200,,
AKPL,37,36,100,,
AKPL,52,36,100,,
AKPL,25,36,20,,
AKPL,34,36,40,,
AKPL,32,36,20,,
AKPL,25,36,15,,
AKPL,8,36,100,,
AKPL,32,36,300,,
AKPL,36,36,200,,
AKPL,51,36,30,,
AKPL,54,36,500,,
AKPL,57,36,421,,
AKPL,47,36,332,,
GBIME,45,38,100,,
HDL,57,34,25,,
HDL,45,34,10,,
HDL,59,34,10,,
HDL,45,34,20,,
HDL,53,34,30,,
SRBL,41,38,500,,
JLI,42,58,10,,
SAHAS,55,34,10,,
DDBL,20,41,15,,
UPPER,57,44,100,,
NICA,32,45,49,,
KRBL,6,57,190,,
NGPL,40,36,25,,
NGPL,58,36,10,,
NGPL,33,36,20,,
NGPL,54,36,100,,
NGPL,37,36,20,,
NGPL,36,36,500,,
NGPL,51,36,92,,
NGPL,49,36,747,,
NIL,1,45,16,,
NIL,29,45,30,,
MLBS,29,4,100,,
MLBS,54,4,10,,
MLBS,33,4,50,,
MLBS,7,4,190,,
MLBS,16,4,20,,
MLBS,1,4,40,,
MLBS,35,4,150,,
MLBS,45,4,10,,
MLBS,13,4,10,,
MLBS,37,4,10,,
NCCB,32,4,500,,
MKJC,28,14,10,,
NGPL,49,36,35,,
NGPL,44,36,20,,
NGPL,37,36,300,,
NGPL,49,36,100,,
NGPL,6,36,125,,
NGPL,49,36,100,,
NGPL,52,36,30,,
AKJCL,45,33,350,,
SHINE,58,14,300,,
SHINE,26,14,30,,
SHINE,35,14,100,,
SHINE,51,14,100,,
ULI,45,5,10,,
GBLBS,38,42,10,,
NABIL,51,33,30,,
AKJCL,35,33,170,,
NRIC,29,53,40,,
AKJCL,38,33,60,,
AKPL,50,57,10,,
PROFL,58,55,35,,
SMATA,46,25,96,,
SMATA,32,25,50,,
SMATA,5,25,50,,
SMATA,22,25,20,,
SMATA,26,25,34,,
SPDL,7,48,161,,
MKJC,28,49,10,,
MLBL,56,3,49,,
MLBL,34,3,100,,
MLBL,33,3,1000,,
MLBL,32,3,500,,
MLBL,1,3,10,,
MLBL,45,3,200,,
MLBL,19,3,100,,
MLBL,38,3,100,,
MLBL,57,3,150,,
MLBL,45,3,41,,
MLBL,59,3,100,,
MLBL,17,3,50,,
MLBL,34,3,100,,
SIFC,5,32,10,,
SIFC,28,32,190,,
SIFC,13,32,100,,
SIFC,45,32,50,,
SIFC,48,32,130,,
SIFC,36,32,20,,
CHCL,38,26,511,,
MLBS,37,21,10,,
PIC,33,58,10,,
NRN,1,58,20,,
NGPL,49,1,50,,
NGPL,49,34,1203,,
AKJCL,38,33,390,,
SJCL,16,35,10,,
NLIC,49,57,50,,
MDB,21,38,30,,
SDLBSL,43,57,10,,
HIDCL,58,25,10,,
MNBBL,13,1,30,,
UPPER,47,44,20,,
JFL,57,48,50,,
JFL,57,29,50,,
JFL,57,41,100,,
NLIC,49,38,46,,
CLBSL,35,45,100,,
RLFL,32,7,150,,
HIDCL,41,25,10,,
RLI,58,47,50,,
GBLBS,42,21,90,,
ICFC,32,49,77,,
TPC,55,49,10,,
LEC,57,7,395,,
LEC,29,7,140,,
LEC,28,7,50,,
LEC,45,7,250,,
SSHL,25,7,100,,
SMATA,26,25,16,,
SMATA,34,25,10,,
SMATA,35,25,20,,
SMATA,55,25,20,,
SMATA,34,25,50,,
SMATA,58,25,10,,
SMATA,7,25,50,,
SMATA,46,25,100,,
SMATA,35,25,24,,
PRVU,58,34,50,,
NLIC,42,38,10,,
NLIC,36,38,30,,
NLIC,25,38,30,,
NLIC,41,38,50,,
NLIC,42,38,162,,
HIDCL,13,25,100,,
PCBL,49,58,15,,
MFIL,45,10,18,,
API,16,57,338,,
MFIL,1,10,100,,
MFIL,48,10,100,,
MFIL,55,10,10,,
MFIL,44,10,72,,
GLICL,1,45,67,,
MNBBL,42,21,70,,
NFS,42,46,45,,
CBBL,29,58,100,,
DDBL,48,58,30,,
DDBL,26,58,50,,
DDBL,42,58,25,,
DDBL,28,58,11,,
DDBL,1,58,111,,
CHDC,5,57,40,,
NABIL,34,32,178,,
NABIL,6,32,429,,
NGPL,42,34,10,,
MNBBL,26,1,100,,
ILBS,13,25,100,,
ICFC,56,49,20,,
CCBL,42,36,100,,
NLIC,42,57,17,,
ADBL,54,58,87,,
ADBL,58,58,10,,
HDHPC,13,45,526,,
HDHPC,13,48,200,,
HDHPC,13,38,20,,
HDHPC,13,42,10,,
HDHPC,13,49,100,,
HDHPC,13,49,144,,
MNBBL,42,46,55,,
MNBBL,8,46,50,,
NBF3,42,58,5000,,
GLICL,1,49,20,,
AKJCL,57,3,100,,
NLIC,42,58,11,,
SLBBL,29,41,50,,
NBL,44,47,92,,
NBL,55,47,100,,
NBL,33,47,200,,
NBL,42,47,100,,
NBL,54,47,13,,
NBL,22,47,300,,
NBL,10,47,120,,
NBL,19,47,40,,
NBL,6,47,25,,
NBL,21,47,10,,
SMATA,35,25,76,,
SMATA,17,25,100,,
SMATA,21,25,50,,
SMATA,34,25,20,,
SMATA,41,25,35,,
SMATA,45,25,30,,
SMATA,45,25,50,,
SMATA,34,25,39,,
SLI,8,58,10,,
JFL,43,58,150,,
JFL,51,58,200,,
JFL,38,58,100,,
JFL,34,58,200,,
JFL,42,58,50,,
JFL,45,58,100,,
RHPL,14,4,20,,
CBBL,20,51,40,,
CBBL,55,51,10,,
NGPL,6,34,500,,
CHL,42,43,20,,
SHPC,11,34,30,,
SLI,8,35,10,,
GUFL,11,36,50,,
NIFRA,28,43,70,,
AKPL,47,46,468,,
HIDCL,41,25,10,,
SANIMA,42,45,300,,
SAHAS,55,38,10,,
RLFL,13,29,100,,
NICA,32,34,551,,
NICA,14,34,40,,
NICA,20,34,100,,
NICA,58,34,77,,
NICA,54,34,50,,
NICA,22,34,100,,
NICA,26,34,60,,
NICA,49,34,22,,
NUBL,41,29,20,,
HIDCL,6,25,300,,
API,19,58,100,,
ALICL,7,45,50,,
JFL,7,45,60,,
KKHC,58,16,20,,
KKHC,7,16,134,,
CHCL,41,26,500,,
CHCL,4,26,200,,
CHCL,25,26,110,,
MLBSL,3,38,11,,
SHINE,41,38,100,,
NLIC,43,35,10,,
LGIL,28,50,30,,
HIDCL,29,1,100,,
CBL,36,45,100,,
MNBBL,42,1,221,,
MNBBL,42,34,160,,
KKHC,7,19,16,,
KKHC,16,19,50,,
KKHC,50,19,30,,
ULI,45,51,10,,
API,19,6,190,,
API,49,6,10,,
AKJCL,38,33,110,,
NFS,42,51,55,,
NFS,10,51,200,,
NFS,43,51,25,,
JBBL,58,37,47,,
JBBL,58,58,53,,
SMATA,17,25,50,,
SMATA,25,25,20,,
SMATA,17,25,50,,
SMATA,42,25,50,,
SMATA,8,25,13,,
SMATA,35,25,69,,
SMATA,58,25,20,,
AKPL,47,44,200,,
SAHAS,55,58,10,,
RHPL,14,47,50,,
ICFC,49,49,50,,
MHNL,41,44,50,,
GLICL,1,14,13,,
PIC,43,35,10,,
AKJCL,3,33,500,,
UPCL,13,28,100,,
NICA,49,42,50,,
SWBBL,58,13,55,,
SIL,44,25,368,,
SIL,25,25,140,,
ULI,45,34,10,,
SIL,33,25,50,,
SIL,43,25,50,,
KSBBL,41,56,144,,
KSBBL,33,56,86,,
GFCL,11,21,50,,
GFCL,11,21,100,,
NABIL,4,32,25,,
EBL,6,21,60,,
EBL,5,21,20,,
EBL,33,21,150,,
EBL,5,21,20,,
EBL,58,21,50,,
CZBIL,45,49,10,,
SHIVM,22,17,10,,
ILBS,13,50,12,,
RLFL,57,16,385,,
RLFL,41,16,470,,
NMB,16,32,280,,
GBIME,50,38,51,,
GBIME,50,47,75,,
GBIME,50,41,200,,
GBIME,50,33,174,,
NGPL,39,34,100,,
GBIME,35,33,42,,
UNHPL,21,58,50,,
LGIL,42,50,170,,
GLH,38,58,10,,
NLIC,42,45,10,,
SAHAS,55,58,10,,
SAHAS,55,49,10,,
SLI,8,45,10,,
MNBBL,54,34,20,,
PCBL,51,1,100,,
MLBS,37,58,10,,
NLIC,47,45,20,,
AKPL,57,16,379,,
AKPL,25,16,50,,
AKPL,11,16,500,,
AKPL,46,16,10,,
AKPL,18,16,17,,
AKPL,49,16,10,,
AKPL,43,16,34,,
SRBL,6,22,206,,
SRBL,6,19,100,,
SRBL,6,28,50,,
SRBL,6,7,50,,
SRBL,6,35,20,,
SRBL,6,34,74,,
SRBL,6,40,500,,
SRBL,6,46,500,,
GHL,43,21,140,,
GHL,58,21,10,,
SICL,17,45,20,,
NGPL,38,34,100,,
CBL,41,11,23,,
UPPER,41,4,17,,
UPPER,57,4,53,,
UPPER,38,4,30,,
ICFC,1,46,100,,
SSHL,11,28,55,,
SHPC,34,58,60,,
LICN,17,49,121,,
RLFL,41,45,30,,
RLFL,39,45,20,,
API,19,58,100,,
NABIL,6,42,30,,
CCBL,42,58,261,,
NABIL,6,29,41,,
NABIL,45,29,10,,
NABIL,35,29,214,,
SIC,49,38,10,,
SANIMA,58,45,70,,
HIDCL,59,25,50,,
SAHAS,55,43,10,,
SANIMA,58,35,30,,
SANIMA,58,35,10,,
SANIMA,46,35,100,,
SANIMA,7,35,50,,
SANIMA,16,35,70,,
SANIMA,43,35,40,,
UNHPL,21,19,100,,
AKPL,43,48,466,,
KKHC,50,6,70,,
CGH,44,34,98,,
JBLB,6,25,10,,
JBLB,44,25,30,,
PROFL,34,55,65,,
MNBBL,26,34,20,,
MLBSL,22,53,10,,
MLBSL,59,53,10,,
NLICL,53,34,190,,
NLICL,39,34,200,,
NLICL,49,34,150,,
NLICL,13,34,100,,
NLICL,59,34,100,,
NLICL,56,34,70,,
NLICL,39,34,100,,
NLICL,53,34,50,,
NLICL,49,34,40,,
MEGA,55,33,440,,
SANIMA,57,58,85,,
SSHL,11,28,190,,
SSHL,11,7,10,,
GBBL,14,32,118,,
GBBL,34,32,52,,
GBBL,41,32,100,,
GBBL,16,32,100,,
GBBL,51,32,430,,
SWBBL,29,54,10,,
RSDC,22,49,17,,
AKPL,18,38,125,,
NMB,16,49,500,,
HIDCL,48,25,228,,
NABBC,46,35,241,,
NABBC,51,35,20,,
NABBC,45,35,24,,
NABBC,36,35,15,,
NABBC,36,35,60,,
SAHAS,55,8,10,,
NGPL,51,57,225,,
JLI,42,59,10,,
HIDCL,6,25,10,,
RLFL,39,25,130,,
BPCL,42,50,77,,
BPCL,42,50,20,,
BPCL,43,50,45,,
BPCL,45,50,38,,
BPCL,53,50,20,,
BOKL,34,13,200,,
BOKL,21,13,300,,
CGH,58,34,30,,
MNBBL,55,1,1000,,
MNBBL,20,45,130,,
MNBBL,55,45,1000,,
MNBBL,46,45,10,,
MNBBL,28,45,10,,
PCBL,50,1,232,,
PCBL,50,43,200,,
PCBL,50,49,68,,
AKPL,3,48,34,,
HDL,59,8,90,,
API,19,56,138,,
API,38,56,362,,
API,17,57,100,,
SSHL,25,57,20,,
SSHL,16,57,650,,
GBIME,38,33,100,,
HIDCL,13,25,70,,
HIDCL,41,25,172,,
RADHI,21,48,20,,
BFC,28,11,10,,
CHDC,32,59,10,,
KKHC,44,34,220,,
SJCL,16,34,30,,
MKJC,28,35,10,,
NUBL,13,41,29,,
NUBL,58,41,11,,
NUBL,50,41,10,,
MNBBL,14,1,10,,
LEC,45,4,250,,
LEC,52,4,50,,
LEC,45,4,50,,
LEC,1,4,50,,
HDL,45,8,10,,
MPFL,32,26,900,,
LBL,28,57,983,,
LBL,34,57,150,,
LBL,42,57,67,,
NFS,34,46,148,,
SAHAS,55,49,10,,
NLICL,19,50,100,,
MFIL,44,57,28,,
MFIL,46,57,100,,
MFIL,29,57,10,,
MFIL,55,57,100,,
MFIL,39,57,25,,
MFIL,53,57,87,,
SBCF,38,36,2550,,
NABBC,25,45,50,,
GRDBL,48,55,19,,
AKPL,18,58,358,,
CGH,40,34,10,,
GBBL,51,19,70,,
NABIL,35,47,48,,
NABIL,58,47,12,,
NABIL,35,47,20,,
NABIL,26,47,20,,
TPC,21,58,10,,
NLBBL,37,42,31,,
NLBBL,36,42,30,,
NLBBL,22,42,20,,
KRBL,53,57,100,,
NIFRA,28,46,10,,
NMB,16,34,40,,
NIFRA,28,32,170,,
NIFRA,6,32,20,,
NIFRA,46,32,10,,
ICFC,14,22,100,,
GLH,38,34,10,,
GMFBS,34,50,12,,
LBL,42,35,20,,
MNBBL,40,1,100,,
NMB,16,57,20,,
NHPC,49,58,468,,
NHPC,45,58,32,,
NGPL,51,54,40,,
API,18,57,500,,
NIL,21,49,25,,
NTC,59,11,43,,
MLBSL,59,14,10,,
AHPC,17,49,170,,
AHPC,49,49,20,,
AKPL,52,58,300,,
NABIL,26,58,20,,
NFS,34,45,52,,
NFS,21,45,218,,
SHEL,43,38,20,,
SHPC,47,58,100,,
NLIC,55,34,50,,
JBLB,44,47,10,,
AKJCL,39,47,650,,
API,35,57,52,,
JBBL,58,38,108,,
JBBL,14,38,100,,
JBBL,38,38,100,,
JBBL,55,38,100,,
JBBL,33,38,100,,
JBBL,19,38,20,,
JBBL,57,38,500,,
JBBL,26,38,20,,
JBBL,39,38,300,,
JBBL,51,38,352,,
MNBBL,41,1,10,,
SMATA,50,42,20,,
SAHAS,55,58,10,,
AKPL,35,58,192,,
JBBL,42,58,50,,
GBIME,57,33,50,,
NICLBSL,52,32,10,,
SHIVM,22,51,40,,
SHIVM,35,51,10,,
AKJCL,1,49,200,,
NHPC,45,1,50,,
NHPC,45,42,18,,
GBIME,41,32,200,,
OHL,17,57,250,,
OHL,17,57,200,,
OHL,57,57,50,,
NHPC,3,42,192,,
HDHPC,35,49,200,,
SAHAS,55,58,10,,
NRIC,49,42,150,,
MNBBL,11,1,10,,
NMB,16,34,141,,
CFCL,32,25,1025,,
SAHAS,55,38,10,,
AKPL,35,21,38,,
CZBIL,43,6,20,,
AKJCL,47,47,10,,
SICL,22,49,20,,
RMDC,49,38,38,,
RMDC,51,38,10,,
RMDC,13,38,50,,
NICLBSL,13,50,10,,
SBI,49,43,60,,
SBI,49,43,50,,
NLIC,55,4,50,,
CHDC,32,38,10,,
UPCL,44,37,60,,
UMHL,36,41,30,,
AKJCL,47,1,190,,
LGIL,53,43,500,,
LGIL,13,43,110,,
AIL,49,41,20,,
AKPL,50,46,10,,
CBBL,7,58,70,,
CBBL,7,13,130,,
NABIL,58,32,10,,
SAHAS,55,16,400,,
AKJCL,1,32,95,,
AKJCL,45,32,450,,
BNT,57,19,10,,
BNT,54,19,20,,
BNT,45,19,10,,
BNT,3,19,10,,
NGPL,29,34,20,,
EBL,22,44,10,,
PLI,7,14,10,,
NIFRA,46,7,20,,
NIFRA,48,38,50,,
AKJCL,45,49,50,,
CBBL,45,13,25,,
SPDL,52,5,74,,
SPDL,33,5,500,,
SPDL,36,5,100,,
MEGA,55,41,250,,
SPDL,33,5,100,,
SPDL,42,5,401,,
SPDL,43,5,25,,
SPDL,57,5,100,,
JBLB,52,57,15,,
SAHAS,55,38,10,,
NLIC,59,43,14,,
CHCL,25,32,390,,
CHCL,38,32,60,,
CHCL,52,32,250,,
CHL,7,7,11,,
API,38,36,23,,
RSDC,22,32,83,,
RSDC,16,32,10,,
JBBL,51,32,148,,
CFCL,32,29,500,,
SAHAS,55,58,10,,
CFCL,21,29,490,,
CFCL,54,29,10,,
HGI,5,14,200,,
HGI,29,14,100,,
UPCL,44,49,24,,
SLI,8,58,10,,
SAHAS,55,58,10,,
RADHI,46,57,73,,
RADHI,32,57,150,,
NBL,57,33,100,,
NGPL,21,34,200,,
CORBL,58,43,50,,
NMB,22,34,10,,
MLBL,45,38,169,,
MLBL,20,38,200,,
MLBL,14,38,75,,
MLBL,59,38,36,,
MLBL,34,38,20,,
MLBL,19,38,100,,
ULI,45,38,10,,
ALICL,38,25,30,,
ALICL,4,25,40,,
ALICL,5,25,200,,
ALICL,4,25,12,,
ALICL,58,25,50,,
ALICL,35,25,100,,
ALICL,7,25,10,,
ALICL,25,25,10,,
ALICL,22,25,20,,
ALICL,17,25,128,,
NIFRA,19,28,50,,
SICL,43,3,10,,
RLFL,39,14,20,,
GBIME,10,26,542,,
GBIME,53,26,20,,
GBIME,7,26,160,,
GBIME,38,26,100,,
GBIME,57,26,100,,
GBIME,26,26,100,,
GBIME,34,26,400,,
GBIME,45,26,100,,
GBIME,49,26,10,,
GBIME,11,26,100,,
GBIME,56,26,10,,
GBIME,58,26,200,,
GBIME,58,26,15,,
GBIME,37,26,200,,
GBIME,42,26,100,,
GBIME,50,26,100,,
GBIME,21,26,10,,
GBIME,45,26,95,,
SAHAS,55,58,10,,
GBIME,13,33,100,,
NLIC,59,50,11,,
NCCB,42,28,10,,
CHDC,29,57,10,,
CBBL,20,34,200,,
SAPDBL,32,35,10,,
SAPDBL,32,55,100,,
SAPDBL,32,41,10,,
SAPDBL,32,8,175,,
ULI,45,58,10,,
GBBL,34,49,210,,
JBBL,21,58,10,,
NABIL,45,38,10,,
BARUN,26,51,10,,
SHINE,32,21,1000,,
HDL,58,45,10,,
AKPL,50,6,10,,
SLI,8,38,10,,
NMB,4,34,10,,
NMB,32,34,100,,
NMB,22,34,25,,
CHDC,58,57,10,,
CHDC,22,57,40,,
JBLB,44,52,10,,
KBL,55,49,100,,
NHPC,46,42,500,,
SAHAS,55,38,10,,
SHPC,11,34,85,,
SAHAS,55,45,10,,
CIT,22,22,10,,
SLI,8,58,10,,
MLBS,13,48,10,,
LBBL,29,45,300,,
LBBL,43,45,200,,
ULI,11,45,10,,
SHPC,13,45,200,,
NRIC,57,42,100,,
SIFC,36,38,480,,
API,38,38,115,,
SIFC,17,38,20,,
API,28,1,658,,
DHPL,47,1,25,,
DHPL,47,54,50,,
SFCL,25,11,10,,
AHPC,6,49,10,,
SHPC,11,45,15,,
SLI,8,50,10,,
RADHI,32,51,50,,
CHDC,58,29,10,,
GBIME,25,57,100,,
SBI,49,14,300,,
JFL,32,6,100,,
NLIC,42,59,10,,
NLIC,26,59,20,,
NLIC,4,59,20,,
NLIC,22,59,30,,
NLIC,58,59,20,,
SABSL,33,33,290,,
SABSL,33,50,10,,
AKPL,35,40,1000,,
AKPL,35,38,480,,
ULI,45,38,10,,
NMB,26,34,65,,
NMB,49,34,30,,
SBI,10,14,200,,
UPPER,28,44,181,,
KSBBL,33,50,14,,
KSBBL,51,50,750,,
KSBBL,1,50,50,,
HIDCL,41,21,28,,
HIDCL,55,21,35,,
NABIL,56,32,10,,
MLBL,16,38,100,,
NABIL,34,32,80,,
NABIL,45,32,28,,
NABIL,44,32,100,,
NABIL,34,32,32,,
NABIL,54,32,10,,
NABIL,53,32,50,,
NABIL,45,32,10,,
NABIL,58,32,10,,
NABIL,35,32,33,,
NABIL,45,32,10,,
NABIL,45,32,10,,
ICFC,32,58,22,,
AKPL,35,14,170,,
AKPL,58,14,200,,
PMHPL,32,25,300,,
KKHC,44,38,10,,
KKHC,20,38,100,,
AKJCL,26,1,10,,
SAHAS,55,6,10,,
NIFRA,11,7,30,,
UPPER,28,42,100,,
UPPER,28,49,14,,
UPPER,28,58,55,,
API,14,1,342,,
UPCL,19,37,190,,
NICA,49,38,15,,
EIC,58,49,50,,
MKLB,45,38,10,,
SAHAS,55,11,10,,
AKPL,58,49,30,,
NMB,44,34,15,,
NUBL,6,29,24,,
NUBL,6,37,10,,
NUBL,6,33,16,,
DHPL,46,52,21,,
NHPC,28,32,500,,
HPPL,52,35,10,,
SBL,42,45,60,,
NLIC,56,41,100,,
UNHPL,57,26,100,,
JSLBB,46,4,50,,
JSLBB,26,4,10,,
JSLBB,34,4,10,,
JSLBB,35,4,50,,
JSLBB,55,4,20,,
JSLBB,36,4,20,,
JSLBB,16,4,10,,
JSLBB,34,4,50,,
JSLBB,39,4,18,,
JSLBB,26,4,10,,
JSLBB,51,4,10,,
JSLBB,1,4,10,,
JSLBB,33,4,15,,
MDB,48,36,30,,
MDB,34,36,20,,
NGPL,51,50,20,,
RADHI,32,57,300,,
CZBIL,36,49,272,,
KPCL,29,5,16,,
GBBL,34,49,105,,
GBBL,37,49,10,,
GBBL,38,49,200,,
BFC,28,54,350,,
NLICL,49,7,10,,
ALICL,17,25,22,,
ALICL,34,25,20,,
ALICL,47,25,800,,
ALICL,45,25,58,,
ALICL,36,25,50,,
ALICL,56,25,40,,
ALICL,36,25,10,,
NMFBS,1,49,10,,
AKPL,46,42,40,,
AKPL,34,42,200,,
AKPL,49,42,100,,
AKPL,14,42,500,,
AKPL,53,42,30,,
AKPL,58,42,50,,
AKPL,32,42,300,,
AKPL,36,42,300,,
AKPL,58,42,100,,
AKPL,54,42,20,,
AKPL,14,42,500,,
AKPL,14,42,200,,
AKPL,41,42,50,,
AKPL,35,42,50,,
AKPL,53,42,20,,
AKPL,44,42,500,,
AKPL,13,42,10,,
AKPL,50,42,500,,
AKPL,46,42,20,,
AKPL,26,42,500,,
AKPL,20,42,100,,
AKPL,56,42,319,,
KBL,37,49,100,,
KPCL,29,5,50,,
SIFC,50,58,16,,
NMB,45,34,20,,
CGH,29,29,10,,
API,14,58,158,,
SLI,8,41,10,,
KBL,45,49,89,,
NIFRA,11,6,100,,
SAPDBL,32,41,500,,
GBBL,46,58,100,,
SBL,42,42,20,,
SBL,42,13,200,,
SBL,42,42,120,,
SBL,39,32,395,,
SPC,41,38,10,,
HIDCL,55,35,20,,
HIDCL,55,1,245,,
MKJC,28,35,400,,
RMDC,51,38,40,,
RMDC,25,38,50,,
RMDC,53,38,10,,
RMDC,53,38,20,,
RMDC,50,38,80,,
SSHL,16,34,350,,
AIL,44,6,10,,
AKPL,57,50,40,,
AKPL,50,49,10,,
SIGS2,7,44,3000,,
ICFC,58,51,143,,
CBL,42,32,79,,
CBL,52,32,100,,
CBL,41,32,250,,
CBL,18,32,71,,
MLBSL,51,14,10,,
HDL,58,51,10,,
RHPL,53,59,50,,
CLBSL,41,5,35,,
CLBSL,18,5,20,,
CLBSL,57,5,100,,
CLBSL,58,5,15,,
CLBSL,29,5,10,,
CLBSL,18,5,20,,
ULI,45,6,10,,
SAHAS,55,38,10,,
LBBL,34,45,171,,
KRBL,22,57,50,,
KRBL,26,57,50,,
PCBL,54,36,76,,
AHPC,21,49,170,,
HIDCL,14,38,10,,
HIDCL,56,38,84,,
SSHL,55,56,198,,
NABIL,28,5,10,,
NABIL,57,5,100,,
NABIL,58,5,140,,
CZBIL,36,17,1228,,
BPCL,45,43,45,,
BARUN,42,51,10,,
BARUN,13,51,60,,
BARUN,45,51,10,,
MLBL,54,38,150,,
MLBL,6,38,100,,
PMHPL,32,34,60,,
PMHPL,33,34,140,,
PMHPL,8,34,100,,
MLBL,21,42,50,,
MLBL,5,42,200,,
CZBIL,50,17,500,,
NBL,10,45,50,,
ICFCD83,45,18,25,,
HIDCL,58,57,23,,
SHEL,58,49,10,,
NIFRA,55,57,110,,
NIFRA,55,51,20,,
NIFRA,55,22,10,,
NIFRA,55,58,250,,
NIFRA,55,21,10,,
GRDBL,32,4,825,,
NGPL,51,38,90,,
NGPL,35,38,10,,
JBBL,21,49,10,,
API,49,53,50,,
HIDCL,58,57,72,,
HIDCL,58,57,28,,
BFC,38,54,150,,
KBL,45,13,11,,
KBL,32,13,239,,
CORBL,57,19,100,,
SAHAS,55,38,10,,
HDL,58,42,10,,
NTC,38,6,10,,
CBL,18,7,48,,
CBBL,22,56,30,,
ULI,45,38,10,,
AKPL,56,49,50,,
SKBBL,14,28,223,,
KMCDB,34,14,10,,
AHPC,17,50,43,,
AHPC,41,50,20,,
AHPC,57,50,37,,
SSHL,55,45,102,,
SSHL,33,45,250,,
SSHL,21,45,50,,
SSHL,18,45,198,,
PCBL,49,49,38,,
PCBL,49,53,50,,
GBIME,5,33,50,,
SLBBL,20,41,30,,
GRDBL,32,54,20,,
GRDBL,32,6,100,,
GRDBL,32,29,55,,
NGPL,49,34,17,,
MLBL,34,32,200,,
UMHL,36,5,300,,
UMHL,48,5,300,,
UMHL,34,5,50,,
UMHL,49,5,10,,
UMHL,45,5,340,,
CBL,18,57,50,,
NIFRA,48,52,30,,
NIFRA,11,52,30,,
HDL,57,49,25,,
HDL,57,49,20,,
HDL,50,49,15,,
HDL,18,49,10,,
HDL,45,49,20,,
NFS,21,55,37,,
SFCL,49,36,200,,
GLH,57,5,10,,
LBBL,38,46,100,,
NLICL,22,50,190,,
NICLBSL,59,13,20,,
NTC,38,36,100,,
NTC,10,36,200,,
ULI,45,35,10,,
JSLBB,33,1,15,,
JSLBB,25,1,15,,
GBLBS,6,42,17,,
GBLBS,6,16,33,,
SFCL,39,26,300,,
SAPDBL,33,14,30,,
NICA,49,34,23,,
NICA,1,34,20,,
NICA,57,34,67,,
NGPL,19,34,110,,
NGPL,19,21,20,,
MNBBL,45,38,10,,
SHEL,58,52,10,,
AKJCL,3,33,10,,
CORBL,48,19,50,,
TPC,21,38,10,,
SJCL,16,35,300,,
AKJCL,50,33,500,,
SBL,6,42,100,,
KMCDB,47,14,15,,
SHPC,42,58,50,,
SAHAS,55,28,10,,
BPCL,45,22,22,,
AHPC,57,59,385,,
AHPC,21,59,15,,
NHPC,28,8,57,,
NUBL,42,37,50,,
NIFRA,11,1,10,,
GLH,48,49,10,,
KSBBL,51,40,150,,
KSBBL,1,40,50,,
KSBBL,57,40,200,,
KSBBL,21,40,150,,
KSBBL,42,40,200,,
KSBBL,21,40,217,,
MKLB,21,51,10,,
NABBC,58,45,20,,
MEN,32,58,10,,
MEN,32,46,10,,
UMRH,28,29,20,,
CFCL,54,58,60,,
RHPL,43,11,70,,
NRIC,49,58,70,,
NRIC,49,16,50,,
SAHAS,55,49,10,,
NRIC,49,6,70,,
API,49,58,147,,
EBL,14,44,100,,
HIDCL,58,1,105,,
NMB,10,13,100,,
SAHAS,55,38,10,,
NBL,10,45,40,,
NLIC,58,52,26,,
NLIC,34,52,25,,
NLIC,41,52,100,,
NLIC,58,52,50,,
NLIC,38,52,50,,
NLIC,20,52,40,,
NLIC,58,52,10,,
NLIC,58,52,50,,
NLIC,7,52,10,,
NLIC,57,52,50,,
SAHAS,55,34,10,,
MPFL,32,42,100,,
MLBS,10,33,10,,
PROFL,49,52,50,,
CBBL,26,32,30,,
CBBL,21,32,40,,
CBBL,22,32,50,,
CBBL,17,32,10,,
CBBL,39,32,10,,
AKJCL,38,33,100,,
AKJCL,47,33,300,,
ULI,45,52,10,,
CFCL,44,58,40,,
GBBL,37,57,40,,
ULI,45,57,10,,
CGH,38,34,305,,
NIFRA,38,1,50,,
SLI,8,35,10,,
ULI,45,57,50,,
RLFL,39,41,60,,
SICL,43,19,15,,
SICL,38,19,60,,
HURJA,39,46,250,,
NTC,55,17,175,,
DHPL,22,54,50,,
JLI,45,42,10,,
NFS,21,44,30,,
AKPL,50,45,31,,
AKPL,50,6,66,,
SAHAS,55,52,10,,
PCBL,54,28,278,,
RSDC,36,32,10,,
NRIC,13,6,70,,
NBL,48,45,50,,
NBL,44,45,100,,
AKJCL,35,33,50,,
SLI,8,38,10,,
GFCL,34,21,20,,
GFCL,11,21,100,,
GFCL,19,21,30,,
CBBL,25,13,50,,
CBBL,14,13,25,,
CBBL,58,13,10,,
CBBL,39,13,100,,
CBBL,53,13,30,,
CBBL,32,13,20,,
CBBL,28,13,10,,
CBBL,28,13,50,,
CBBL,34,13,20,,
CBBL,7,13,10,,
CBBL,34,13,100,,
CBBL,58,13,10,,
CBBL,33,13,10,,
CBBL,35,13,50,,
CBBL,34,13,60,,
CBBL,35,13,50,,
CBBL,6,13,30,,
CBBL,7,13,10,,
NICL,38,32,10,,
NICL,41,32,60,,
NICL,58,32,80,,
GBIME,39,33,20,,
NABIL,58,1,10,,
MFIL,53,34,113,,
MFIL,21,34,20,,
MFIL,52,34,500,,
MFIL,57,34,76,,
MFIL,35,34,391,,
MFIL,56,34,400,,
PMHPL,33,14,10,,
SBL,57,57,1244,,
AKJCL,14,33,10,,
AKJCL,34,33,100,,
AKJCL,49,33,130,,
AKJCL,55,33,60,,
AKJCL,6,33,1000,,
AKJCL,35,33,20,,
AKJCL,49,33,1110,,
API,49,57,53,,
API,36,57,447,,
RMDC,43,38,25,,
RMDC,48,38,37,,
SCB,52,5,50,,
EBL,38,38,44,,
NIFRA,58,21,40,,
NIFRA,58,21,10,,
AKJCL,58,33,10,,
HDHPC,34,19,185,,
HDHPC,45,19,100,,
HDHPC,47,19,215,,
SAHAS,55,52,10,,
NMB,50,13,17,,
NUBL,54,37,20,,
NUBL,28,37,20,,
NUBL,40,37,250,,
BOKL,52,43,50,,
NHPC,28,13,500,,
SLI,8,49,10,,
SBI,59,21,50,,
SBI,59,45,1000,,
SBI,59,32,500,,
SBI,59,14,10,,
SBI,59,17,400,,
SBI,59,14,10,,
SBI,59,32,45,,
SBI,59,8,300,,
MBL,38,58,503,,
UMHL,45,32,160,,
UMHL,7,32,40,,
SWBBL,29,39,40,,
CBL,18,28,31,,
UPPER,32,49,20,,
KSBBL,45,56,50,,
KSBBL,58,56,50,,
PCBL,54,57,200,,
PCBL,54,29,10,,
PCBL,54,58,166,,
NMFBS,14,33,16,,
NMFBS,6,33,60,,
NMFBS,47,33,40,,
NTC,55,41,115,,
NTC,55,58,120,,
NTC,55,58,128,,
NTC,55,13,10,,
NTC,55,34,10,,
BOKL,29,46,10,,
ULI,45,38,10,,
HDHPC,7,49,300,,
NRIC,19,6,60,,
AKPL,56,52,131,,
AKPL,45,52,50,,
LBBL,34,45,150,,
AKPL,21,52,150,,
AKPL,1,52,500,,
AKPL,49,52,70,,
SAHAS,55,57,10,,
SLI,8,52,10,,
NHPC,44,58,30,,
CLBSL,18,45,80,,
AKPL,49,11,30,,
ULI,45,28,10,,
RLI,37,37,30,,
RLI,6,37,170,,
NIFRA,49,21,40,,
NIFRA,49,21,60,,
NABIL,38,14,80,,
NABIL,38,21,15,,
PRVU,59,37,100,,
CBL,6,45,10,,
CBL,6,29,10,,
JLI,45,58,10,,
GBIME,45,28,175,,
GBIME,13,28,50,,
GBIME,59,28,60,,
GBIME,58,28,170,,
GBIME,56,28,200,,
GBIME,16,28,1000,,
JBLB,35,51,10,,
GBIME,58,28,50,,
GBIME,58,28,10,,
JBLB,4,51,20,,
GBIME,52,28,200,,
GBIME,29,28,500,,
GBIME,57,28,100,,
GBIME,41,28,50,,
GBIME,49,28,100,,
GBIME,32,28,43,,
GBIME,43,28,160,,
GBIME,57,28,100,,
GBIME,46,28,500,,
GBIME,58,28,10,,
GBIME,49,28,30,,
GBIME,49,28,130,,
GBIME,38,28,30,,
GBIME,53,28,100,,
GBIME,50,28,24,,
GBIME,25,28,208,,
NGPL,35,34,10,,
NGPL,58,34,100,,
NGPL,7,34,20,,
SLI,8,49,10,,
SSHL,18,44,52,,
SSHL,36,44,100,,
SSHL,29,44,20,,
SSHL,21,44,50,,
SSHL,41,44,20,,
SSHL,34,44,53,,
SSHL,35,44,20,,
SSHL,41,44,10,,
SSHL,14,44,300,,
SSHL,57,44,75,,
JBBL,41,1,20,,
NLIC,57,34,50,,
SAHAS,55,6,10,,
PMHPL,33,4,350,,
SHEL,58,52,10,,
GBIME,50,33,100,,
PLI,1,52,10,,
MLBS,49,58,10,,
BOKL,39,46,40,,
SAHAS,55,45,10,,
GBIME,19,33,20,,
NHPC,20,49,995,,
NHPC,40,49,400,,
NHPC,38,49,30,,
MLBS,18,35,10,,
EBL,57,44,200,,
EBL,59,44,100,,
EBL,45,44,50,,
EBL,42,44,200,,
EBL,25,44,1500,,
EBL,54,44,100,,
EBL,26,44,50,,
EBL,55,44,100,,
EBL,50,44,100,,
EBL,35,44,10,,
EBL,55,44,100,,
EBL,56,44,25,,
EBL,54,44,85,,
EBL,41,44,30,,
MDB,51,26,229,,
MDB,1,26,10,,
MDB,19,26,10,,
MDB,19,26,10,,
MDB,38,26,100,,
CHDC,22,58,10,,
NLIC,20,4,10,,
AHPC,57,48,78,,
NLIC,3,4,20,,
AHPC,6,48,22,,
NLIC,58,4,10,,
AHPC,49,48,400,,
NLIC,51,4,10,,
JBLB,4,42,10,,
NTC,10,13,140,,
NTC,10,58,10,,
PIC,43,41,100,,
LEC,13,7,50,,
LEC,1,7,50,,
LEC,26,7,50,,
LEC,49,7,100,,
LEC,41,7,10,,
LEC,13,7,35,,
LEC,14,7,395,,
LEC,43,7,25,,
LEC,33,7,450,,
KSBBL,45,49,39,,
HPPL,17,52,30,,
GBLBS,52,16,10,,
AKPL,8,35,17,,
AKPL,57,35,73,,
AKPL,49,35,10,,
SAPDBL,32,36,150,,
SAHAS,55,4,15,,
MLBL,59,20,2964,,
MLBL,21,20,11,,
MLBL,19,20,100,,
MLBL,14,20,25,,
UPCL,19,32,300,,
UNHPL,56,45,80,,
NABIL,58,21,20,,
SHEL,58,41,50,,
SHEL,49,49,40,,
NHPC,38,58,20,,
API,25,57,50,,
SAHAS,49,4,10,,
SAHAS,45,4,10,,
SAHAS,46,4,10,,
SAHAS,54,4,40,,
SAHAS,54,4,500,,
SAHAS,58,4,18,,
SAHAS,45,4,10,,
SAHAS,13,4,400,,
SAHAS,56,4,14,,
SAHAS,38,4,25,,
AKJCL,49,4,390,,
SAHAS,35,4,15,,
SAHAS,17,4,20,,
AKJCL,22,4,110,,
PROFL,34,51,35,,
PROFL,28,51,65,,
CGH,56,34,10,,
CGH,25,34,50,,
CGH,32,34,10,,
CGH,26,34,30,,
CGH,16,34,100,,
CGH,57,34,10,,
CGH,41,34,100,,
CGH,16,34,10,,
CGH,13,34,12,,
CGH,22,34,10,,
CGH,48,34,15,,
ULI,45,54,10,,
HDHPC,47,34,285,,
GBIME,42,33,100,,
RADHI,26,49,28,,
MERO,25,48,10,,
MERO,16,48,10,,
MERO,16,48,10,,
SAHAS,17,56,10,,
CBL,18,57,100,,
CHDC,55,4,150,,
CHDC,18,4,100,,
JLI,45,34,10,,
JLI,26,34,50,,
JLI,56,34,40,,
AKPL,29,6,10,,
KSBBL,58,28,50,,
KSBBL,49,28,100,,
CBBL,57,28,15,,
CBBL,48,28,10,,
CBBL,49,28,50,,
CBBL,19,28,10,,
CBBL,6,28,20,,
CBBL,21,28,30,,
CBBL,47,28,15,,
CBBL,45,28,12,,
GHL,43,51,150,,
NIFRA,49,41,40,,
NMFBS,47,25,10,,
NMFBS,48,25,20,,
NMFBS,32,25,25,,
NMFBS,41,25,50,,
NMFBS,6,25,20,,
NMFBS,22,25,10,,
NMFBS,28,25,20,,
NMFBS,52,25,25,,
NMFBS,40,25,10,,
TPC,55,38,10,,
LEC,33,58,50,,
AKJCL,41,33,20,,
ALICL,36,5,90,,
HDHPC,58,49,30,,
ALICL,21,5,10,,
NABIL,57,21,17,,
SBL,43,45,250,,
SCB,33,14,100,,
ADBL,57,57,248,,
DDBL,1,45,150,,
DHPL,57,57,52,,
DHPL,34,57,20,,
DHPL,38,57,28,,
DHPL,35,57,200,,
NICLBSL,56,1,10,,
SFCL,17,10,1000,,
JLI,56,17,10,,
SAHAS,51,58,10,,
SAHAS,51,49,10,,
SAHAS,51,41,10,,
SAHAS,51,45,10,,
SAHAS,51,21,10,,
SAHAS,51,47,10,,
GLH,51,14,40,,
SAHAS,51,29,10,,
GLH,36,14,55,,
SAHAS,51,51,10,,
GLH,51,14,10,,
SAHAS,51,26,10,,
GLH,5,14,60,,
SAHAS,51,54,10,,
GLH,34,14,30,,
SAHAS,17,58,10,,
FOWAD,8,14,35,,
AKJCL,22,33,190,,
AKJCL,14,33,200,,
AKJCL,34,33,10,,
AKJCL,42,33,100,,
AKJCL,49,33,100,,
AKJCL,55,33,300,,
SAHAS,34,7,10,,
TRH,44,43,100,,
TPC,45,33,10,,
SAHAS,34,22,10,,
UPCL,19,49,10,,
UPCL,49,49,100,,
SIFC,50,49,50,,
HDHPC,34,32,100,,
HDHPC,1,32,300,,
AKPL,57,53,100,,
ILBS,28,14,137,,
ILBS,26,14,100,,
ILBS,28,14,50,,
UPPER,56,58,75,,
ILBS,28,14,50,,
MDB,16,28,93,,
MDB,43,28,25,,
MDB,53,28,20,,
MDB,45,28,100,,
MDB,32,28,200,,
MDB,45,28,50,,
MDB,54,28,50,,
MDB,45,28,10,,
MDB,38,28,100,,
SADBL,36,46,500,,
SADBL,32,46,500,,
SLI,39,49,20,,
NMB,50,1,109,,
SAHAS,34,58,10,,
NRIC,45,49,20,,
KPCL,29,43,50,,
KPCL,58,43,40,,
ICFC,32,49,100,,
API,36,5,391,,
API,58,5,30,,
NBL,5,45,25,,
NBL,36,45,35,,
SLI,8,38,10,,
NMB,50,51,40,,
SLI,8,58,10,,
JBBL,6,38,500,,
RMDC,48,34,50,,
SSHL,57,42,20,,
GBBL,58,57,10,,
GBBL,35,57,450,,
JBLB,4,43,10,,
AHPC,6,59,28,,
AHPC,38,59,50,,
AHPC,58,59,500,,
AHPC,34,59,200,,
AHPC,49,59,18,,
AHPC,52,59,100,,
AHPC,34,59,454,,
NBL,36,55,65,,
NBL,32,55,335,,
IGI,13,21,20,,
AKJCL,35,32,150,,
RADHI,56,49,20,,
SIL,26,32,90,,
ULI,45,5,10,,
UPPER,57,7,47,,
NABIL,57,21,10,,
UPPER,53,7,70,,
UPPER,46,7,300,,
UPPER,54,7,83,,
NIFRA,51,41,10,,
API,49,26,200,,
JBBL,45,38,100,,
UPPER,54,42,17,,
UPPER,35,42,30,,
UPPER,34,42,10,,
HIDCL,56,21,88,,
API,36,25,162,,
API,56,25,100,,
API,47,25,38,,
PCBL,38,29,34,,
JBLB,4,34,10,,
GBIME,14,33,50,,
FMDBL,48,6,36,,
FMDBL,50,6,50,,
FMDBL,26,6,14,,
FMDBL,7,6,100,,
JBBL,45,38,100,,
JBBL,17,38,10,,
JBBL,1,38,20,,
JBBL,43,38,20,,
JBBL,6,38,300,,
JBBL,58,38,10,,
JBBL,57,38,100,,
JBBL,21,38,100,,
JBBL,53,38,50,,
JBBL,58,38,60,,
NIFRA,34,58,30,,
NIFRA,54,58,17,,
LBBL,45,45,250,,
LBBL,45,46,50,,
LBBL,45,47,200,,
LBBL,45,58,10,,
CBBL,47,28,15,,
EDBL,33,20,2118,,
EDBL,57,20,183,,
EDBL,43,20,100,,
EDBL,33,20,589,,
EDBL,11,20,10,,
MEGA,1,49,295,,
MEGA,1,49,70,,
BFC,28,34,45,,
BFC,28,4,40,,
BFC,28,42,20,,
BFC,28,57,65,,
AKPL,34,45,109,,
AKPL,34,21,391,,
CLBSL,18,51,30,,
MDB,57,36,70,,
API,47,45,36,,
UIC,33,16,268,,
UIC,17,16,25,,
UIC,17,16,25,,
UIC,42,16,50,,
SHIVM,14,34,200,,
UIC,5,16,500,,
SHIVM,29,34,50,,
UIC,36,16,60,,
SHIVM,34,34,20,,
UIC,26,16,200,,
SHIVM,46,34,100,,
UIC,59,16,200,,
SHIVM,43,34,50,,
UIC,43,16,180,,
SHIVM,19,34,25,,
UIC,39,16,150,,
SHIVM,22,34,10,,
UIC,52,16,80,,
SHIVM,38,34,300,,
UIC,17,16,150,,
SHIVM,42,34,20,,
UIC,54,16,100,,
SHIVM,56,34,25,,
UIC,34,16,10,,
SHIVM,17,34,10,,
SHIVM,25,34,40,,
SHIVM,58,34,40,,
HPPL,17,54,470,,
HPPL,41,54,500,,
HPPL,34,54,30,,
STC,56,58,20,,
EDBL,6,20,22,,
EDBL,14,20,400,,
EDBL,45,20,100,,
EDBL,1,20,115,,
EDBL,20,20,300,,
EDBL,48,20,13,,
EDBL,49,20,50,,
UMHL,45,35,50,,
ADBL,58,22,14,,
RLI,6,58,10,,
ADBL,58,47,36,,
AKPL,3,21,38,,
SGI,46,38,370,,
AKPL,56,21,50,,
SPDL,42,46,599,,
SPDL,1,46,200,,
SPDL,28,46,201,,
NABIL,57,21,10,,
NMB,50,34,34,,
RSDC,58,18,100,,
NMB,4,34,100,,
NMB,7,34,166,,
RSDC,42,18,100,,
CBBL,36,28,20,,
API,52,4,746,,
API,45,4,500,,
API,52,4,110,,
API,56,4,10,,
API,38,4,100,,
API,26,4,45,,
API,49,4,165,,
API,38,4,100,,
API,22,4,40,,
API,26,4,50,,
API,35,4,100,,
API,8,4,500,,
API,16,4,50,,
API,53,4,75,,
API,42,4,47,,
API,8,4,48,,
API,13,4,10,,
API,34,4,500,,
API,53,4,50,,
API,32,4,100,,
API,43,4,190,,
API,49,4,30,,
API,32,4,100,,
API,38,4,50,,
API,42,4,23,,
API,51,4,100,,
API,50,4,30,,
API,21,4,500,,
API,32,4,22,,
NBL,32,54,165,,
API,57,4,100,,
NBL,52,54,100,,
API,34,4,1000,,
NBL,58,54,100,,
API,48,4,200,,
NBL,41,54,22,,
API,19,4,10,,
NBL,58,54,100,,
NBL,22,54,100,,
NBL,45,54,50,,
NBL,3,54,103,,
NBL,19,54,10,,
NBL,32,54,50,,
NBL,56,54,10,,
NBL,44,54,100,,
NBL,44,54,90,,
UPPER,8,28,15,,
UPPER,22,28,48,,
NBB,1,36,134,,
NBB,1,1,30,,
NBB,1,26,100,,
NBB,1,7,1500,,
NBB,1,34,45,,
SBL,40,45,250,,
NUBL,16,49,25,,
SHEL,43,49,10,,
SHEL,1,49,50,,
HIDCL,17,1,100,,
PCBLP,28,17,75606,,
AKJCL,43,32,50,,
ULI,45,36,10,,
CBBL,45,14,38,,
CBBL,45,14,33,,
CBBL,45,14,100,,
CBBL,34,14,15,,
CBBL,29,14,200,,
CBBL,38,14,14,,
KSBBL,49,49,171,,
MHNL,57,20,986,,
AHPC,34,5,1000,,
JLI,56,58,10,,
UPPER,22,4,20,,
AKJCL,48,32,20,,
AKJCL,25,32,10,,
AKJCL,58,32,300,,
AKJCL,45,32,25,,
AKJCL,35,32,50,,
AKJCL,46,32,50,,
UPCL,4,49,390,,
AKPL,33,21,50,,
AKPL,11,21,50,,
AKPL,17,21,11,,
NLIC,51,34,30,,
NLIC,58,34,50,,
NLIC,57,34,20,,
NHPC,48,49,100,,
GBIME,45,33,500,,
HDHPC,16,49,50,,
NIL,21,25,73,,
NIL,42,25,23,,
NIL,34,25,20,,
NIL,20,25,184,,
NHPC,40,39,100,,
JOSHI,38,52,35,,
JOSHI,37,52,55,,
JOSHI,16,52,50,,
HIDCL,28,1,50,,
DDBL,1,28,50,,
JBLB,4,43,40,,
ULI,45,56,10,,
HURJA,5,20,185,,
HURJA,48,20,100,,
HURJA,42,20,50,,
HURJA,17,20,25,,
NLIC,19,41,25,,
NLIC,58,41,25,,
JBBL,42,58,950,,
ALICL,21,32,10,,
ALICL,34,32,20,,
ALICL,57,32,50,,
ALICL,44,32,100,,
ALICL,59,32,150,,
MMF1,52,51,1000,,
NCCD86,45,42,25,,
SADBL,36,42,500,,
NABIL,57,21,10,,
NIFRA,38,41,50,,
KSBBL,49,56,79,,
KSBBL,34,56,50,,
KSBBL,42,56,15,,
HPPL,34,54,170,,
HPPL,52,54,30,,
BOKL,39,17,10,,
RLFL,39,47,50,,
HIDCL,54,32,1,,
HIDCL,54,1,434,,
HIDCL,26,1,51,,
HIDCL,21,1,515,,
CIT,22,59,10,,
RLI,6,14,10,,
ULI,45,34,10,,
NIFRA,54,6,243,,
NIFRA,33,6,38,,
NIFRA,4,6,100,,
NIFRA,58,6,119,,
JBLB,4,45,10,,
SAHAS,34,38,10,,
SIL,26,38,10,,
SAHAS,34,35,10,,
GBBL,35,58,50,,
RADHI,14,49,100,,
RADHI,45,49,36,,
RADHI,17,49,16,,
NIFRA,58,58,50,,
NMB,7,38,10,,
LEMF,35,33,400,,
TPC,45,36,10,,
ICFC,49,20,20,,
NABIL,6,21,18,,
NABIL,6,48,47,,
GBIME,48,33,10,,
CBBL,38,25,36,,
CBBL,34,25,100,,
CBBL,42,25,60,,
CBBL,19,25,73,,
CBBL,34,25,20,,
CBBL,20,25,31,,
CBBL,34,25,100,,
CBBL,28,25,50,,
CBBL,48,25,30,,
NRIC,46,49,50,,
SAHAS,34,38,10,,
NUBL,16,33,50,,
ICFC,50,20,350,,
SAPDBL,32,36,150,,
ICFC,58,20,2000,,
NHPC,3,49,200,,
NHPC,38,49,1000,,
NHPC,42,49,23,,
NHPC,53,49,100,,
NHPC,32,49,100,,
NHPC,57,49,52,,
MNBBL,45,28,183,,
MNBBL,45,28,200,,
MNBBL,11,28,200,,
MNBBL,49,28,100,,
UPCL,4,47,110,,
MNBBL,56,28,100,,
UPCL,50,47,100,,
MNBBL,21,28,30,,
MNBBL,55,28,1000,,
MNBBL,53,28,100,,
MNBBL,14,28,50,,
MNBBL,55,28,37,,
HIDCL,21,1,100,,
TPC,45,28,10,,
JBLB,57,32,10,,
SLI,8,38,10,,
SAHAS,34,34,10,,
SAHAS,34,42,10,,
AIL,44,46,10,,
SAHAS,34,58,10,,
CGH,28,38,100,,
CGH,28,53,100,,
SAHAS,34,49,10,,
SPDL,28,7,299,,
SPDL,6,7,151,,
SPDL,54,7,20,,
SPDL,21,7,30,,
NBB,32,53,10,,
NBB,48,53,300,,
UPPER,49,58,25,,
MFIL,35,58,94,,
MFIL,14,58,10,,
ALICL,6,45,80,,
PSF,52,22,200,,
AKJCL,46,28,100,,
AKJCL,17,28,100,,
AKJCL,14,28,500,,
AKJCL,34,28,50,,
AKJCL,43,28,50,,
AKJCL,49,28,100,,
AKJCL,49,28,100,,
AKJCL,21,28,50,,
AKJCL,38,28,25,,
AKJCL,41,28,100,,
AKJCL,58,28,200,,
AKJCL,45,28,45,,
GBIME,25,28,42,,
AKJCL,49,28,80,,
GBIME,34,28,50,,
JBBL,11,14,25,,
JBBL,57,14,122,,
SAHAS,34,38,10,,
PROFL,13,41,95,,
JLI,35,58,10,,
JLI,35,1,10,,
SSHL,41,34,70,,
IGI,44,50,160,,
IGI,17,50,110,,
IGI,32,50,10,,
IGI,32,50,10,,
IGI,32,50,10,,
IGI,32,50,10,,
IGI,32,50,10,,
IGI,32,50,10,,
NLIC,58,1,15,,
BFC,46,57,10,,
HIDCL,42,56,50,,
GLH,34,58,10,,
MLBS,18,19,10,,
AHPC,34,21,546,,
AHPC,58,21,29,,
SHPC,45,45,200,,
SHPC,57,45,100,,
SHPC,58,45,100,,
SHPC,16,45,100,,
NICL,58,20,20,,
KBL,32,20,61,,
KBL,1,20,100,,
KBL,6,20,350,,
NABIL,33,52,50,,
SLI,8,43,10,,
NUBL,16,33,33,,
MLBL,34,44,100,,
SFCL,16,58,1000,,
SWBBL,49,39,31,,
BOKL,42,43,12,,
BOKL,42,58,35,,
BOKL,42,1,103,,
JLI,56,36,10,,
UMHL,45,14,450,,
UMHL,20,14,50,,
GUFL,52,40,225,,
GUFL,21,40,50,,
STC,14,16,10,,
HDHPC,47,49,276,,
NUBL,16,25,32,,
NUBL,16,45,160,,
KSBBL,41,49,40,,
NIL,20,58,16,,
NIL,46,58,20,,
NIL,29,58,12,,
SANIMA,36,58,50,,
JBLB,41,25,10,,
NBL,44,10,10,,
NBL,36,10,60,,
NUBL,40,1,50,,
SBI,6,54,240,,
API,48,47,100,,
UMHL,49,36,40,,
SSHL,41,49,10,,
PMHPL,32,36,55,,
LBBL,56,58,100,,
AHPC,29,59,50,,
AHPC,59,59,20,,
AHPC,29,59,100,,
AHPC,17,59,500,,
AHPC,14,59,40,,
AHPC,49,59,380,,
AHPC,14,59,50,,
AHPC,58,59,150,,
AHPC,11,59,50,,
AHPC,38,59,50,,
AHPC,43,59,100,,
AHPC,57,59,160,,
KBL,58,13,40,,
NRIC,4,58,21,,
KBL,58,48,110,,
HPPL,52,54,20,,
HPPL,52,54,50,,
HPPL,44,54,30,,
SIFC,50,35,234,,
SIFC,57,35,50,,
SIFC,57,35,200,,
SIFC,35,35,16,,
CBBL,49,25,100,,
SBI,38,54,960,,
SBI,38,14,10,,
SBI,38,35,30,,
SAHAS,34,42,10,,
MNBBL,43,1,40,,
MNBBL,29,1,111,,
MNBBL,13,1,117,,
NTC,38,5,100,,
BPCL,45,14,58,,
BPCL,33,14,75,,
MLBS,18,14,10,,
BPCL,58,14,20,,
BPCL,49,14,10,,
BPCL,17,14,87,,
MLBL,34,44,100,,
RLI,43,52,10,,
NMB,38,34,14,,
DDBL,33,5,10,,
NLICL,22,8,10,,
SHPC,14,45,100,,
AHPC,14,34,1000,,
CCBL,16,52,330,,
AKPL,57,45,30,,
AKPL,57,11,20,,
GMFIL,55,39,100,,
UPPER,22,38,10,,
SFMF,45,51,4000,,
SFMF,45,51,1000,,
MFIL,35,7,515,,
MFIL,47,7,100,,
MFIL,38,7,20,,
MFIL,17,7,50,,
MFIL,26,7,100,,
SRBL,6,34,973,,
MFIL,37,7,100,,
SRBL,6,38,1000,,
MFIL,14,7,50,,
SRBL,6,44,27,,
MFIL,45,7,50,,
MFIL,37,7,10,,
AHPC,58,21,25,,
GBLBS,42,38,40,,
NABIL,34,48,30,,
LGIL,13,45,90,,
LGIL,41,45,10,,
PFL,8,49,20,,
PFL,41,49,100,,
PFL,41,49,30,,
PFL,45,49,10,,
PFL,4,49,100,,
PFL,6,49,300,,
PFL,16,49,10,,
PFL,16,49,10,,
PFL,38,49,50,,
PFL,17,49,20,,
PFL,28,49,50,,
MFIL,37,59,30,,
JFL,34,58,100,,
JFL,4,58,100,,
JFL,26,58,400,,
JFL,4,58,100,,
JFL,34,58,500,,
PCBL,50,29,26,,
AKPL,57,5,327,,
AKPL,51,5,100,,
AKPL,29,5,800,,
AKPL,48,5,200,,
AKPL,14,5,63,,
AKPL,35,5,20,,
NICA,57,38,10,,
MBL,38,43,266,,
NIFRA,45,1,50,,
NABIL,7,48,100,,
GLICL,58,58,18,,
NABIL,39,48,212,,
MNBBL,13,28,10,,
MNBBL,47,28,60,,
MNBBL,34,28,30,,
MNBBL,26,28,450,,
MNBBL,45,28,200,,
MNBBL,1,28,100,,
MNBBL,17,28,500,,
MNBBL,45,28,200,,
MNBBL,17,28,200,,
MNBBL,14,28,200,,
MNBBL,43,28,50,,
NHPC,57,17,448,,
NHPC,37,17,50,,
NHPC,36,17,50,,
NHPC,8,17,10,,
NHPC,50,17,600,,
NHPC,57,17,200,,
NHPC,45,17,200,,
NHPC,51,17,100,,
NHPC,34,17,500,,
NHPC,22,17,1000,,
NHPC,47,17,100,,
NHPC,57,17,1000,,
NHPC,21,17,500,,
NHPC,21,17,500,,
NHPC,21,17,500,,
NHPC,42,17,50,,
NHPC,14,17,200,,
NHPC,6,17,50,,
NHPC,34,17,10,,
NHPC,29,17,25,,
NHPC,42,17,100,,
NHPC,34,17,50,,
NHPC,58,17,10,,
NHPC,32,17,1000,,
NHPC,59,17,200,,
NHPC,34,17,30,,
NMB,7,34,30,,
NHPC,39,17,500,,
NHPC,58,17,30,,
NHPC,26,17,1200,,
NHPC,18,17,100,,
NHPC,38,17,435,,
NHPC,42,17,252,,
CHCL,38,38,40,,
CHCL,33,38,100,,
CHCL,58,38,10,,
CHCL,17,38,50,,
CHCL,13,38,50,,
HDL,28,49,19,,
HDL,28,49,23,,
HDL,26,49,32,,
HDL,35,49,40,,
HDL,21,49,15,,
HDL,19,49,30,,
HDL,14,49,10,,
HDL,57,49,20,,
HDL,5,49,20,,
HDL,39,49,10,,
BOKL,52,1,10,,
MLBL,34,44,100,,
ICFC,28,20,10,,
GBIME,57,33,30,,
NICSF,47,49,200,,
MNBBL,19,1,200,,
JBBL,57,6,78,,
JBBL,25,6,50,,
JBBL,35,6,127,,
SLI,8,36,10,,
CBBL,8,42,10,,
SSHL,58,49,25,,
PCBL,33,53,200,,
JBLB,41,33,100,,
NICL,57,20,100,,
NICL,10,20,30,,
SHPC,22,54,100,,
MDB,49,26,74,,
NTC,19,7,52,,
UPPER,22,40,50,,
NGPL,7,21,100,,
HIDCL,21,45,100,,
HIDCL,21,35,285,,
NGPL,36,21,50,,
SAHAS,34,6,10,,
MBL,38,36,50,,
CZBIL,36,38,1000,,
IGI,32,50,10,,
KBL,6,44,40,,
AHPC,45,21,100,,
AHPC,28,21,300,,
SHINE,56,34,150,,
MNBBL,6,33,1,,
BARUN,13,57,440,,
BARUN,26,57,50,,
CIT,22,59,10,,
PRVU,34,37,20,,
NIFRA,17,41,25,,
JBBL,35,47,273,,
JBBL,38,47,227,,
CIT,21,57,10,,
NIBSF1,50,11,5000,,
GBIME,36,34,100,,
NLIC,34,35,10,,
MHNL,45,44,160,,
SAHAS,34,34,10,,
NABIL,25,48,30,,
MEGA,1,19,205,,
HIDCL,52,35,50,,
NIFRA,38,57,240,,
NIFRA,38,52,50,,
NIFRA,38,49,50,,
NIFRA,38,48,30,,
NIFRA,38,3,240,,
NIFRA,38,55,221,,
NIFRA,38,49,169,,
MNBBL,11,1,10,,
UPCL,35,49,676,,
GBBL,6,54,15,,
SIFC,35,42,64,,
SIFC,42,42,500,,
SIFC,1,42,100,,
SIFC,4,42,286,,
NHPC,42,1,248,,
NHPC,33,1,100,,
NHPC,21,1,100,,
NHPC,42,1,185,,
NHPC,46,1,107,,
MLBS,18,8,10,,
SGI,46,57,20,,
SPDL,6,7,49,,
SPDL,32,7,100,,
SPDL,57,7,100,,
SPDL,8,7,40,,
SPDL,17,7,11,,
SAHAS,34,22,10,,
NUBL,21,45,40,,
NUBL,21,22,46,,
NUBL,21,13,14,,
ICFC,28,49,500,,
NGPL,19,34,20,,
AKPL,34,45,50,,
MLBL,57,35,13,,
KSBBL,41,38,10,,
GBBL,6,28,135,,
GBBL,48,28,15,,
AHPC,28,26,150,,
NRIC,6,49,200,,
PBD85,16,42,10,,
HIDCL,26,41,79,,
HIDCL,5,41,25,,
HIDCL,21,41,350,,
HIDCL,57,41,10,,
HIDCL,34,41,316,,
HIDCL,51,41,20,,
UPPER,41,38,210,,
AKJCL,49,57,20,,
AKJCL,14,57,10,,
AKJCL,19,57,155,,
AKJCL,17,57,115,,
NICL,58,57,93,,
BARUN,21,57,236,,
NTC,59,7,200,,
NTC,58,7,748,,
SADBL,43,54,20,,
SADBL,44,54,50,,
SADBL,25,54,20,,
JBBL,38,47,263,,
JBBL,42,47,187,,
NMB50,8,56,10000,,
NFS,21,22,15,,
SLI,8,35,10,,
NABIL,11,48,10,,
UPCL,35,6,200,,
SAHAS,34,5,10,,
NHPC,46,45,49,,
NHPC,42,45,168,,
PROFL,48,41,100,,
SAHAS,34,7,10,,
PCBL,45,34,110,,
SAHAS,34,58,10,,
PCBL,8,34,10,,
SAHAS,34,21,10,,
PCBL,56,34,30,,
SAHAS,34,35,10,,
PCBL,58,34,30,,
PCBL,34,34,20,,
API,32,7,478,,
API,17,7,100,,
API,33,7,1000,,
API,16,7,69,,
API,37,7,203,,
API,29,7,50,,
SFCL,39,11,90,,
ICFC,28,58,500,,
API,8,36,50,,
NIFRA,48,49,105,,
AIL,43,45,10,,
NIFRA,52,49,30,,
GBIME,49,55,670,,
GBIME,48,55,100,,
GBIME,57,55,500,,
GBIME,45,55,123,,
GBIME,22,55,10,,
GBIME,56,55,30,,
GBIME,22,55,50,,
GBIME,28,55,58,,
ICFC,45,20,50,,
MLBL,45,42,100,,
MLBL,45,42,200,,
MLBL,58,42,10,,
MEGA,57,19,375,,
MEGA,11,19,75,,
MEGA,58,19,50,,
SJCL,16,6,20,,
SLBBL,20,45,50,,
MDB,49,38,75,,
MDB,34,38,25,,
MDB,51,38,100,,
CGH,48,26,25,,
CGH,14,26,25,,
NICLBSL,13,41,28,,
SAHAS,17,58,10,,
NRIC,49,49,50,,
NRIC,36,49,20,,
NRIC,42,49,300,,
NRIC,41,49,150,,
NRIC,17,49,50,,
NRIC,3,49,70,,
NRIC,47,49,100,,
NRIC,48,49,15,,
NRIC,57,49,100,,
NRIC,19,49,70,,
NRIC,49,49,100,,
NRIC,41,49,20,,
NRIC,11,49,300,,
NRIC,34,49,50,,
NRIC,25,49,40,,
NRIC,45,49,200,,
NRIC,56,49,10,,
NRIC,33,49,45,,
NRIC,48,49,40,,
NTC,58,38,252,,
NLG,29,1,50,,
SAHAS,56,7,10,,
CHL,58,47,100,,
SAHAS,56,1,10,,
NABIL,49,48,15,,
AKPL,56,45,100,,
UPCL,35,29,124,,
SICL,34,45,50,,
SICL,52,45,22,,
AHPC,28,49,150,,
IGI,32,50,10,,
SMATA,52,20,50,,
SMATA,59,20,12,,
HDL,43,49,10,,
HDL,5,49,20,,
HDL,33,49,100,,
HDL,53,49,21,,
HDL,21,49,20,,
HDL,34,49,20,,
NRIC,48,11,10,,
UNHPL,49,45,10,,
JBLB,42,59,20,,
JBLB,26,59,10,,
JBLB,55,59,50,,
JBLB,59,59,30,,
JBLB,45,59,20,,
JBLB,45,59,10,,
JBLB,5,59,100,,
JBLB,42,59,10,,
JBLB,57,59,20,,
JBLB,35,59,10,,
JBLB,38,59,10,,
BOKL,8,1,150,,
SAHAS,56,51,10,,
MLBSL,53,45,20,,
API,37,49,750,,
API,22,49,200,,
API,43,49,50,,
MPFL,26,20,484,,
MPFL,19,20,16,,
CBBL,52,42,20,,
SADBL,34,54,60,,
RLI,6,45,10,,
CZBIL,36,6,500,,
CZBIL,58,6,100,,
CIT,21,57,20,,
HIDCL,51,35,100,,
UPCL,58,38,50,,
UPCL,3,29,1000,,
PMHPL,32,34,497,,
PMHPL,22,34,100,,
PMHPL,3,34,100,,
PMHPL,50,34,50,,
PMHPL,48,34,100,,
PMHPL,32,34,24,,
PMHPL,34,34,177,,
GBIME,28,33,41,,
GBIME,28,33,100,,
GBIME,42,33,100,,
GBIME,45,33,59,,
TPC,55,21,10,,
DHPL,42,3,10,,
DHPL,1,3,10,,
DHPL,7,3,10,,
DHPL,34,3,20,,
DHPL,43,3,50,,
SAHAS,56,1,10,,
SBI,38,14,500,,
SBI,38,26,10,,
AKPL,50,45,10,,
UMHL,17,36,10,,
UPPER,41,16,100,,
NHPC,58,1,20,,
EBL,6,19,18,,
JBBL,41,47,50,,
PMHPL,34,5,123,,
PMHPL,38,5,50,,
PMHPL,32,5,177,,
SMFDB,43,32,50,,
SAHAS,14,43,20,,
SAHAS,58,43,60,,
SAHAS,41,43,10,,
SAHAS,39,43,100,,
SAHAS,39,43,200,,
SAHAS,48,43,20,,
SAHAS,19,43,100,,
SAHAS,49,43,30,,
SAHAS,57,43,50,,
SAHAS,28,43,100,,
SAHAS,45,43,20,,
SAHAS,49,43,20,,
NUBL,50,13,30,,
JLI,56,14,40,,
BARUN,42,7,10,,
BARUN,38,7,50,,
BARUN,49,7,79,,
BARUN,3,7,300,,
BARUN,53,7,10,,
BARUN,6,7,100,,
NHPC,42,17,832,,
NHPC,34,17,200,,
NHPC,56,17,100,,
NHPC,51,17,20,,
NHPC,57,17,35,,
NHPC,4,17,500,,
NHPC,38,17,100,,
NHPC,28,17,1500,,
NHPC,58,17,200,,
NHPC,57,17,100,,
NHPC,39,17,25,,
NHPC,11,17,378,,
NHPC,34,17,500,,
NHPC,45,17,510,,
BARUN,46,57,164,,
HIDCL,49,35,25,,
BARUN,21,7,61,,
BARUN,41,7,25,,
BARUN,53,7,1000,,
BARUN,26,7,100,,
BARUN,41,7,100,,
BARUN,51,7,65,,
BARUN,10,7,100,,
EBL,41,38,20,,
SAHAS,13,42,10,,
NHPC,45,25,490,,
NHPC,49,25,500,,
NHPC,51,25,10,,
NHPC,8,49,10,,
BFC,28,6,100,,
CBBL,33,42,15,,
CBBL,33,49,15,,
HIDCL,34,1,40,,
HIDCL,26,1,10,,
HIDCL,7,1,50,,
MHNL,45,14,50,,
SLI,8,51,10,,
LBBL,36,58,150,,
NIFRA,48,55,80,,
NIFRA,48,58,20,,
NIFRA,21,58,20,,
SLICL,32,34,66,,
SLICL,45,34,10,,
SLICL,1,34,14,,
CBBL,22,49,20,,
CBBL,7,49,40,,
API,35,36,20,,
NRIC,33,52,55,,
NRIC,16,52,20,,
NRIC,11,52,25,,
NGPL,19,49,10,,
NGPL,57,49,100,,
NGPL,56,49,50,,
NGPL,14,49,100,,
NGPL,42,49,33,,
NGPL,58,49,35,,
NGPL,20,49,500,,
NGPL,45,49,250,,
NGPL,57,49,50,,
NGPL,43,49,10,,
NGPL,1,49,25,,
NGPL,58,49,85,,
NGPL,13,49,20,,
NGPL,38,49,100,,
NGPL,11,49,500,,
NGPL,45,49,300,,
NGPL,57,49,100,,
NGPL,38,49,10,,
NGPL,47,49,100,,
NGPL,34,49,33,,
NGPL,3,49,50,,
NGPL,7,49,100,,
RLFL,39,38,20,,
RLFL,45,38,200,,
ULI,45,58,10,,
RLFL,45,38,30,,
NGPL,51,49,533,,
AKPL,39,21,75,,
AKPL,51,21,25,,
LBL,42,1,50,,
SHINE,45,20,15,,
SHINE,52,20,50,,
SHINE,29,20,100,,
SHINE,18,20,100,,
SHINE,45,20,500,,
SHINE,32,20,20,,
SHINE,58,20,50,,
SHINE,34,20,20,,
SHINE,41,20,25,,
SHINE,14,20,50,,
SHINE,21,20,20,,
PMHPL,32,46,300,,
SHINE,34,20,50,,
LBL,11,1,50,,
ILBS,22,14,25,,
ACLBSL,1,25,10,,
ACLBSL,47,25,50,,
ACLBSL,13,25,20,,
ACLBSL,43,25,50,,
ACLBSL,41,25,20,,
ACLBSL,26,25,10,,
ACLBSL,26,25,20,,
AKJCL,34,42,100,,
ACLBSL,57,25,30,,
GBLBS,42,32,50,,
GBLBS,45,32,50,,
JBBL,22,38,50,,
JBBL,28,38,450,,
JBBL,38,38,500,,
BFC,29,57,25,,
MKLB,21,13,10,,
HIDCL,58,35,200,,
SAHAS,17,57,10,,
SAHAS,17,32,10,,
HIDCL,8,35,10,,
LUK,48,42,3000,,
KBL,6,42,170,,
UPPER,41,47,50,,
UPCL,58,29,10,,
UPCL,45,29,300,,
UPCL,29,29,100,,
UPCL,39,29,100,,
UPCL,13,29,341,,
UPCL,34,29,25,,
AHPC,8,58,25,,
AHPC,8,58,100,,
AHPC,58,58,10,,
AHPC,34,58,120,,
NMFBS,45,33,150,,
NMFBS,56,33,25,,
NMFBS,45,33,10,,
NMFBS,5,33,10,,
NMFBS,37,33,43,,
SHINE,49,20,498,,
SHINE,19,20,50,,
SHINE,48,20,30,,
SHINE,13,20,100,,
SHINE,34,20,500,,
SHINE,42,20,50,,
SHINE,39,20,300,,
SHINE,26,20,200,,
SHINE,14,20,272,,
ULI,39,14,10,,
API,54,36,10,,
SHIVM,51,38,25,,
UPPER,41,47,100,,
UPPER,41,57,140,,
API,37,29,47,,
API,35,29,164,,
API,14,29,500,,
API,48,29,200,,
API,13,29,50,,
API,58,29,10,,
API,53,29,29,,
MEGA,11,22,25,,
MEGA,35,22,50,,
MEGA,54,22,15,,
MEGA,53,22,200,,
MEGA,56,22,10,,
NICA,57,3,73,,
NICA,54,3,127,,
SHPC,22,5,50,,
SBI,38,26,460,,
SBI,38,45,40,,
CBBL,32,42,25,,
SBCF,38,42,600,,
NIL,26,49,25,,
SAHAS,13,47,10,,
SADBL,34,57,90,,
NFS,51,45,205,,
PPCL,14,29,10,,
KKHC,45,26,15,,
SHINE,33,20,300,,
SHINE,42,20,40,,
SHINE,33,20,50,,
SHINE,6,20,200,,
SHINE,4,20,100,,
SHINE,56,20,500,,
SHINE,57,20,50,,
SHINE,49,20,100,,
SHINE,45,20,230,,
SHINE,37,20,100,,
AKPL,50,45,10,,
HIDCL,28,35,50,,
HIDCL,44,35,150,,
HIDCL,45,35,929,,
HIDCL,54,35,19,,
HIDCL,49,35,40,,
HIDCL,57,35,10,,
HIDCL,50,35,39,,
HIDCL,38,35,50,,
HIDCL,58,35,12,,
HIDCL,58,35,21,,
HIDCL,57,35,10,,
SHINE,14,20,178,,
SHINE,36,20,152,,
NTC,18,48,50,,
TPC,55,34,10,,
API,41,36,500,,
NABIL,57,48,20,,
NRIC,20,49,100,,
SAHAS,13,48,10,,
SAHAS,13,25,10,,
LBBL,57,5,70,,
LBBL,46,5,30,,
API,57,36,10,,
MEGA,34,35,165,,
SLICL,1,47,36,,
NHDL,52,38,10,,
NHDL,21,38,50,,
API,53,59,71,,
API,14,59,100,,
API,34,59,24,,
API,53,59,200,,
API,43,59,25,,
API,38,59,30,,
API,49,59,92,,
API,52,59,50,,
API,42,59,50,,
API,5,59,58,,
NRN,25,26,180,,
NRN,48,26,100,,
NRN,39,26,235,,
CBBL,58,42,15,,
UPPER,47,41,100,,
MLBL,45,38,190,,
NBB,25,28,100,,
JSLBB,34,48,20,,
JSLBB,45,48,13,,
AIL,44,42,10,,
NGPL,29,49,100,,
NGPL,14,49,100,,
NGPL,3,49,100,,
NGPL,28,49,1000,,
NIFRA,52,6,20,,
NGPL,49,49,500,,
NIFRA,51,6,80,,
NGPL,41,49,100,,
NGPL,58,49,100,,
NGPL,14,49,20,,
NGPL,42,49,100,,
NGPL,54,49,30,,
NGPL,45,49,200,,
NGPL,42,49,100,,
NGPL,6,49,10,,
NGPL,28,49,10,,
NGPL,17,49,10,,
NGPL,10,49,100,,
NGPL,51,49,100,,
NGPL,35,49,20,,
NGPL,42,49,10,,
NGPL,45,49,50,,
NGPL,4,49,30,,
NGPL,56,49,50,,
NGPL,33,49,20,,
NGPL,32,49,100,,
NGPL,58,49,50,,
NGPL,32,49,100,,
NGPL,34,49,10,,
NGPL,21,49,100,,
NGPL,57,49,100,,
NGPL,43,49,403,,
NGPL,32,49,148,,
NGPL,38,49,35,,
UNHPL,49,16,20,,
SBL,39,50,105,,
SBL,36,50,10,,
SBL,16,50,285,,
AKPL,34,14,800,,
MHNL,45,44,100,,
ULI,45,42,80,,
NMBHF1,7,21,5000,,
MKJC,28,28,110,,
MKJC,34,28,50,,
MKJC,49,28,320,,
MKJC,4,28,20,,
PMHPL,32,34,340,,
PMHPL,29,34,460,,
PMHPL,16,34,1990,,
PMHPL,14,34,210,,
NUBL,28,13,10,,
TPC,55,42,10,,
MERO,33,54,100,,
KSBBL,55,56,300,,
MLBL,28,38,500,,
ICFC,14,36,200,,
MLBL,6,38,470,,
MLBL,49,38,80,,
MLBL,50,38,20,,
MLBL,32,38,430,,
MFIL,16,45,10,,
MHNL,41,21,50,,
JLI,56,5,10,,
MKJC,4,38,10,,
MLBL,32,48,70,,
MLBL,16,48,240,,
MLBL,52,48,1200,,
MLBL,33,48,50,,
MLBL,36,48,750,,
MLBL,32,48,200,,
MLBL,46,48,16,,
MLBL,20,48,300,,
MLBL,42,48,140,,
MLBL,4,48,100,,
MLBL,58,48,20,,
MLBL,59,48,100,,
MLBL,25,48,50,,
MLBL,44,48,10,,
MLBL,19,48,50,,
MLBL,57,48,150,,
MLBL,19,48,20,,
MLBL,57,48,50,,
MLBL,41,48,10,,
MLBL,44,48,500,,
MLBL,57,48,500,,
MLBL,11,48,50,,
MLBL,26,48,20,,
MLBL,38,48,100,,
MLBL,28,48,500,,
MLBL,47,48,100,,
MLBL,8,48,100,,
MLBL,35,48,200,,
MLBL,34,48,200,,
MLBL,44,48,100,,
MLBL,14,48,1000,,
MLBL,50,48,700,,
MLBL,3,48,1109,,
MLBL,41,48,30,,
MLBL,45,48,500,,
MLBL,28,48,600,,
MLBL,45,48,90,,
MLBL,55,48,1000,,
MLBL,6,48,50,,
MLBL,21,48,100,,
MLBL,28,48,70,,
MLBL,33,48,300,,
MLBL,10,48,500,,
MLBL,4,48,55,,
GBIME,37,55,80,,
SADBL,39,57,10,,
NIL,49,49,10,,
MNBBL,42,1,50,,
MNBBL,35,1,20,,
MNBBL,52,1,10,,
MNBBL,38,1,20,,
GBIME,42,55,99,,
MNBBL,42,1,200,,
MNBBL,1,1,20,,
MNBBL,44,1,15,,
MNBBL,50,1,500,,
MNBBL,39,1,100,,
MNBBL,14,1,500,,
MNBBL,26,1,50,,
MNBBL,38,1,200,,
MNBBL,32,1,10,,
MNBBL,41,1,100,,
MNBBL,40,1,100,,
MNBBL,55,1,100,,
MNBBL,45,1,50,,
MNBBL,51,1,80,,
MNBBL,14,1,100,,
MNBBL,17,1,10,,
MNBBL,56,1,100,,
MNBBL,38,1,50,,
MNBBL,58,1,10,,
MNBBL,11,1,20,,
NGPL,38,41,40,,
NLIC,57,21,88,,
NLIC,57,35,12,,
NABIL,58,48,20,,
SLI,8,49,10,,
PCBL,41,29,30,,
PCBL,8,29,100,,
NABIL,57,56,20,,
CHDC,3,38,10,,
MLBL,22,38,10,,
SADBL,39,42,90,,
SADBL,17,42,110,,
SHIVM,58,38,10,,
RMDC,45,28,40,,
RMDC,57,28,100,,
RMDC,51,28,100,,
NHPC,35,49,20,,
PRVU,16,37,27,,
PRVU,6,37,100,,
PRVU,49,37,10,,
PRVU,17,37,13,,
MKJC,4,40,10,,
ALICL,59,29,100,,
HDHPC,16,38,74,,
GHL,43,43,100,,
GHL,32,43,100,,
NICL,58,45,13,,
KBL,6,52,40,,
KBL,32,52,10,,
AKJCL,41,33,552,,
HGI,5,47,150,,
HGI,45,47,100,,
HGI,44,47,100,,
NIFRA,34,38,40,,
NIFRA,43,38,20,,
MLBL,39,58,50,,
MLBL,45,58,50,,
PCBL,58,28,22,,
NHPC,34,49,970,,
NEF,37,42,4421,,
UPCL,45,38,10,,
CBL,50,58,30,,
CBL,50,22,20,,
MLBL,29,38,100,,
AKPL,34,25,100,,
SAHAS,17,47,10,,
NTC,59,45,10,,
PLI,1,58,10,,
CHCL,17,26,20,,
PROFL,36,57,50,,
SAHAS,13,22,10,,
ICFC,45,20,500,,
MLBL,20,38,100,,
MLBL,11,38,200,,
CHCL,6,26,50,,
PRVU,22,34,150,,
PRVU,22,16,100,,
ACLBSL,18,25,75,,
ACLBSL,29,25,10,,
SLI,8,49,10,,
SAHAS,14,40,10,,
MHNL,45,37,90,,
MEGA,34,35,205,,
SAHAS,14,47,10,,
SLBBL,20,59,20,,
KSBBL,42,39,85,,
KSBBL,45,39,25,,
KSBBL,45,39,90,,
CFCL,42,58,23,,
CFCL,42,4,77,,
HIDCL,20,56,50,,
NTC,10,45,20,,
NTC,10,41,50,,
NRN,39,21,65,,
NRN,41,21,10,,
NRN,39,21,21,,
SSHL,57,32,10,,
NMB,7,28,25,,
CIT,3,38,100,,
CIT,3,33,87,,
SAHAS,19,11,10,,
TRH,44,58,50,,
MEGA,34,35,30,,
MEGA,38,35,100,,
PRIN,14,38,20,,
PRIN,14,14,25,,
PRIN,14,45,25,,
CIT,43,33,13,,
CIT,43,33,17,,
HDHPC,16,38,500,,
SBL,16,14,15,,
SBL,19,14,20,,
SBL,25,14,25,,
SBL,11,14,10,,
SBL,39,14,200,,
SBL,20,14,500,,
SBL,45,14,100,,
SBL,22,14,40,,
SBL,32,14,90,,
AKPL,34,32,100,,
CHL,32,49,500,,
CHL,32,49,500,,
CHL,32,49,500,,
CHL,32,49,170,,
GBIME,41,33,10,,
CHL,32,58,20,,
SAHAS,49,58,10,,
CIT,21,33,20,,
RADHI,49,11,50,,
CIT,28,33,20,,
DDBL,16,17,100,,
LBBL,19,4,10,,
GBBL,55,59,300,,
SHPC,34,45,350,,
NRIC,49,49,50,,
SHIVM,41,57,20,,
SHIVM,17,57,10,,
CIT,57,33,20,,
SHIVM,40,57,15,,
MPFL,19,58,19,,
SPDL,8,42,50,,
LICN,17,59,379,,
LICN,34,59,20,,
RURU,42,40,10,,
NIFRA,48,58,60,,
NIFRA,48,4,35,,
MLBL,33,42,185,,
CHL,32,34,100,,
API,4,36,10,,
API,5,34,42,,
PPCL,28,51,480,,
PPCL,35,51,20,,
AKJCL,45,33,80,,
SHPC,34,43,150,,
SHPC,58,43,50,,
HDHPC,16,38,930,,
AKJCL,7,33,150,,
GBIME,45,34,41,,
GBIME,32,34,155,,
GBIME,43,34,90,,
GBIME,13,34,43,,
GBIME,54,34,71,,
HIDCL,6,8,61,,
HIDCL,6,28,89,,
MFIL,41,45,100,,
MFIL,51,45,170,,
HPPL,44,42,470,,
HPPL,57,42,30,,
GLH,34,20,10,,
GLH,1,20,70,,
GLH,57,20,190,,
GLH,58,20,50,,
HDL,53,28,49,,
HDL,33,28,10,,
HDL,44,28,10,,
HDL,14,28,10,,
HDL,17,28,10,,
HDL,37,28,15,,
HDL,51,28,10,,
NHPC,33,58,100,,
NHPC,33,40,81,,
NHPC,33,42,14,,
AKPL,50,38,10,,
NABIL,22,38,10,,
NABIL,41,38,10,,
LGIL,11,22,45,,
MLBS,17,47,10,,
SAHAS,49,45,10,,
NIFRA,41,4,15,,
NIFRA,41,45,15,,
SLI,8,40,10,,
NIFRA,6,45,10,,
SAHAS,17,51,10,,
SAHAS,17,47,10,,
SAHAS,17,58,10,,
CHCL,42,29,13,,
SADBL,17,49,90,,
SADBL,48,49,10,,
MNBBL,22,45,100,,
SAHAS,49,38,10,,
PLIC,32,50,100,,
PLIC,43,50,25,,
PLIC,41,50,75,,
NTC,59,41,100,,
HPPL,52,1,20,,
SIC,49,57,40,,
SIC,58,57,10,,
NGPL,32,38,60,,
GLH,57,20,180,,
GBBL,48,42,30,,
MLBS,17,49,10,,
SMATA,59,51,18,,
SMATA,45,51,32,,
CBL,29,22,10,,
HDHPC,16,38,210,,
HDHPC,17,38,500,,
HDHPC,7,38,20,,
HDHPC,13,38,20,,
HDHPC,14,38,250,,
NABIL,52,56,33,,
TPC,45,45,10,,
SAHAS,49,58,10,,
SLBBL,42,59,30,,
AKPL,14,14,137,,
AKPL,3,14,100,,
AKPL,58,14,20,,
AKPL,39,14,1000,,
AKPL,45,14,50,,
AKPL,41,14,303,,
AKPL,54,14,20,,
NLIC,16,49,10,,
NLIC,28,49,10,,
MLBS,17,6,10,,
HDL,45,41,33,,
HDL,14,41,10,,
NHPC,34,45,30,,
NABBC,58,35,100,,
HIDCL,40,38,100,,
CBL,18,1,100,,
NLIC,57,38,55,,
RHPL,45,5,10,,
RHPL,45,49,20,,
RHPL,45,7,100,,
RHPL,45,49,20,,
RHPL,45,42,100,,
RHPL,45,35,10,,
RHPL,45,58,40,,
MEGA,26,19,100,,
MEGA,45,19,60,,
MEGA,56,19,10,,
NIL,41,45,10,,
NABIL,41,56,21,,
NABIL,41,29,50,,
NABIL,41,4,39,,
TPC,45,40,10,,
CBBL,42,42,25,,
HIDCL,50,42,42,,
HIDCL,6,42,10,,
HIDCL,41,42,10,,
AKJCL,49,33,20,,
AKPL,50,38,10,,
MEGA,7,1,95,,
MEGA,43,1,105,,
PMHPL,14,57,200,,
NBL,29,41,28,,
NRN,39,20,10,,
NGPL,32,48,30,,
LBBL,58,4,50,,
LBBL,29,4,175,,
KBL,21,38,106,,
KBL,58,38,30,,
KBL,58,38,30,,
KBL,29,38,50,,
KBL,28,38,248,,
KBL,25,38,40,,
SDLBSL,26,4,20,,
KSBBL,47,22,440,,
KSBBL,47,14,50,,
KKHC,43,26,50,,
NRIC,28,49,20,,
NRIC,34,49,500,,
NRIC,42,49,20,,
NRIC,52,49,80,,
NRIC,43,49,50,,
NRIC,6,49,500,,
NRIC,38,49,50,,
NRIC,38,49,45,,
GLH,7,58,100,,
SRBL,6,44,973,,
SRBL,6,42,200,,
SRBL,6,41,28,,
SRBL,6,7,43,,
SRBL,6,41,250,,
SRBL,6,7,11,,
SRBL,6,34,63,,
SRBL,6,41,23,,
SRBL,6,25,110,,
SRBL,6,29,89,,
SRBL,6,41,50,,
SRBL,6,28,50,,
SRBL,6,45,110,,
SAHAS,49,40,10,,
SAHAS,49,10,10,,
BOKL,14,17,100,,
MLBL,4,21,15,,
MLBL,8,21,185,,
RSDC,42,18,100,,
KSBBL,45,38,10,,
NIFRA,43,20,30,,
LBBL,29,49,35,,
NUBL,49,13,46,,
UPPER,47,57,60,,
SANIMA,52,45,10,,
GBIME,54,42,79,,
AIL,44,28,10,,
NTC,59,11,90,,
NTC,44,11,10,,
BPCL,17,45,50,,
BPCL,17,26,13,,
NFS,7,28,10,,
CHCL,42,57,34,,
CHCL,58,57,10,,
CHCL,5,57,29,,
NIL,6,52,100,,
MKLB,21,38,10,,
AKPL,41,49,197,,
AKPL,35,49,30,,
AKPL,22,49,253,,
AKPL,54,49,1000,,
AKPL,45,49,500,,
AKPL,54,49,20,,
UPPER,47,57,40,,
UPPER,48,57,20,,
UPPER,38,57,200,,
AKPL,50,1,17,,
AKPL,50,19,11,,
AKPL,50,42,20,,
AKPL,50,52,17,,
AKPL,50,35,181,,
SHIVM,51,57,25,,
NABIL,33,4,51,,
MLBL,35,42,65,,
MLBS,36,19,210,,
NBL,36,29,11,,
NBL,21,29,40,,
NBL,41,29,99,,
RHPL,48,11,510,,
RHPL,35,11,50,,
RHPL,41,11,50,,
RHPL,45,11,60,,
RHPL,53,11,30,,
HIDCL,50,45,119,,
HIDCL,28,45,28,,
SAHAS,49,45,10,,
HIDCL,38,45,25,,
HIDCL,38,45,28,,
SHIVM,58,49,16,,
PLIC,41,50,25,,
SAPDBL,45,8,25,,
GBIME,52,42,20,,
CLBSL,52,51,29,,
PROFL,36,48,50,,
GLICL,10,58,60,,
GLICL,10,41,80,,
GLICL,10,5,60,,
GLICL,10,34,50,,
BPCL,21,26,100,,
GBBL,34,1,685,,
MFIL,51,49,10,,
API,10,36,1000,,
API,29,36,50,,
API,56,36,35,,
API,49,36,17,,
API,10,36,500,,
API,17,36,473,,
API,42,36,300,,
API,45,36,200,,
API,42,36,25,,
HDL,41,36,10,,
API,41,36,30,,
CCBL,16,52,30,,
NHPC,52,42,20,,
CCBL,29,52,20,,
MLBS,17,58,10,,
SBI,6,17,400,,
SBI,6,33,100,,
TPC,6,35,10,,
UPPER,38,47,50,,
UPPER,45,47,30,,
UPPER,28,47,20,,
JLI,56,4,10,,
SAHAS,38,49,10,,
SAHAS,38,5,10,,
SAHAS,38,41,10,,
ADBL,32,47,20,,
MHNL,45,11,100,,
ADBL,42,47,30,,
UPPER,28,57,10,,
ADBL,28,47,50,,
NIFRA,34,58,10,,
API,44,4,30,,
NIFRA,25,45,25,,
MNBBL,7,45,10,,
NHDL,56,58,50,,
HIDCL,38,38,20,,
NICA,37,38,10,,
SFCL,39,32,300,,
MKJC,4,40,10,,
SAHAS,49,19,10,,
MLBL,4,44,30,,
MLBL,39,44,100,,
MLBL,17,44,250,,
MLBL,34,44,120,,
ULI,45,58,10,,
SGI,46,38,10,,
NHPC,11,35,122,,
NHPC,50,35,46,,
NHPC,57,35,10,,
NHPC,34,35,20,,
NHPC,33,35,750,,
NHPC,42,35,842,,
NHPC,14,35,500,,
NHPC,34,35,500,,
NHPC,52,35,1000,,
NHPC,58,35,100,,
NHPC,44,35,150,,
NHPC,34,35,100,,
NHPC,52,35,10,,
NHPC,47,35,100,,
NHPC,35,35,50,,
NHPC,57,35,50,,
NHPC,3,35,50,,
NHPC,14,35,500,,
NHPC,50,35,100,,
CMF1,10,44,300,,
ILBS,54,45,10,,
ILBS,5,45,10,,
SANIMA,43,45,10,,
ILBS,28,45,22,,
SAHAS,17,47,10,,
NLBBL,37,42,80,,
SANIMA,25,45,25,,
NSLB,38,21,25,,
NSLB,34,21,25,,
HPPL,52,1,10,,
JFL,52,39,20,,
NIFRA,34,38,50,,
HPPL,57,5,150,,
HPPL,33,5,500,,
HPPL,11,5,100,,
AKJCL,34,33,100,,
RADHI,34,17,50,,
RADHI,34,43,15,,
SLI,10,1,10,,
NABIL,57,25,10,,
NABIL,49,25,10,,
NABIL,11,25,20,,
NABIL,57,25,10,,
HDHPC,13,38,180,,
HDHPC,49,38,1000,,
HDHPC,1,38,200,,
HDHPC,54,38,20,,
NTC,59,26,100,,
AHPC,57,33,130,,
API,35,4,20,,
API,35,4,50,,
API,29,4,100,,
API,10,4,500,,
API,26,4,42,,
API,57,4,17,,
API,45,4,400,,
API,42,4,20,,
API,34,4,15,,
API,35,4,26,,
API,35,4,79,,
MBL,38,22,946,,
MBL,25,22,100,,
MBL,21,22,100,,
MBL,39,22,10,,
MBL,38,22,50,,
MBL,45,22,50,,
MBL,58,22,18,,
MBL,45,22,61,,
EBL,58,19,10,,
EBL,52,19,80,,
EBL,13,19,10,,
SAHAS,49,40,10,,
MLBSL,53,38,10,,
MKJC,4,38,10,,
SBLD84,45,4,25,,
NLIC,25,38,15,,
HIDCL,38,14,52,,
SAHAS,49,58,10,,
HIDCL,28,58,72,,
UMHL,49,56,50,,
AKJCL,17,56,35,,
AKJCL,16,56,80,,
AKJCL,4,56,110,,
ULI,45,59,10,,
SGI,46,28,10,,
GLICL,34,44,38,,
API,35,57,32,,
NGPL,32,7,100,,
JLI,56,38,10,,
JBBL,28,54,50,,
NEF,37,47,12285,,
NEF,51,47,1000,,
NEF,53,47,1000,,
NEF,19,47,6000,,
NEF,26,47,200,,
BOKL,58,17,10,,
SICL,52,55,30,,
NUBL,34,35,86,,
NUBL,53,35,50,,
NUBL,37,35,56,,
NUBL,19,35,40,,
NUBL,17,35,20,,
NUBL,45,35,100,,
NUBL,41,35,50,,
NUBL,49,35,10,,
NUBL,45,35,10,,
NUBL,37,35,50,,
NUBL,34,35,20,,
NUBL,54,35,50,,
NUBL,46,35,46,,
NUBL,35,35,12,,
NUBL,45,35,100,,
NUBL,17,35,300,,
GBBL,45,1,100,,
GBBL,46,1,60,,
GBBL,57,1,35,,
GBBL,17,1,500,,
GBBL,25,1,300,,
GBBL,6,1,100,,
GBBL,42,1,30,,
GBBL,8,1,50,,
GBBL,53,1,200,,
GBBL,38,1,50,,
GBBL,51,1,130,,
GBBL,6,1,70,,
GBBL,45,1,40,,
GBBL,38,1,100,,
GBBL,4,1,320,,
GBBL,57,1,1000,,
GBBL,25,1,100,,
GBBL,1,1,100,,
GBBL,58,1,100,,
GBBL,17,1,10,,
GBBL,1,1,20,,
GBBL,41,1,50,,
GBBL,6,1,100,,
GBBL,17,1,50,,
GBBL,38,1,30,,
NICA,54,14,73,,
NICA,58,14,20,,
NICA,44,14,100,,
NICA,49,14,10,,
VLBS,52,3,20,,
SLI,22,49,170,,
SLI,22,17,10,,
SLI,22,26,10,,
SLI,22,49,10,,
NCCB,56,6,10,,
NLICL,33,8,100,,
NLICL,52,8,60,,
NLICL,41,8,10,,
NLICL,22,8,250,,
NLICL,26,8,20,,
NLICL,39,8,150,,
NIL,41,45,10,,
NLIC,35,49,10,,
PCBL,42,49,50,,
CLBSL,49,51,21,,
NLIC,58,4,50,,
CZBIL,58,45,50,,
CBL,18,32,100,,
SINDU,58,57,150,,
UPPER,26,57,150,,
UPPER,28,57,200,,
AKJCL,14,33,10,,
UPPER,42,38,97,,
SAHAS,19,45,10,,
NABBC,36,6,40,,
NABBC,7,6,50,,
NABBC,32,6,25,,
NABBC,44,6,25,,
NABBC,7,6,100,,
NABBC,41,6,50,,
NICSF,47,21,100,,
NABBC,55,19,100,,
NABBC,29,19,10,,
NABBC,49,19,10,,
NABBC,57,19,60,,
NABBC,58,19,20,,
NLBBL,25,44,13,,
CBBL,7,48,10,,
NRN,1,38,20,,
SAHAS,19,36,10,,
SAHAS,19,38,10,,
SAHAS,19,47,10,,
SAHAS,19,58,10,,
SICL,6,58,50,,
RHPL,53,21,10,,
MLBS,42,19,80,,
MLBS,17,21,10,,
JSLBB,57,38,30,,
JSLBB,46,38,36,,
NUBL,11,28,10,,
MKJC,4,59,10,,
EBL,52,38,20,,
NMB,14,59,120,,
SFCL,39,14,30,,
NBL,51,41,200,,
CCBL,52,1,113,,
LBBL,29,38,120,,
LBBL,4,38,80,,
MLBL,38,38,50,,
GFCL,34,21,75,,
NCCB,25,10,102,,
GFCL,34,21,25,,
NCCB,44,10,278,,
GFCL,58,21,150,,
NCCB,26,10,100,,
GBIME,35,42,100,,
SAHAS,28,43,500,,
NTC,18,58,100,,
ULI,45,36,10,,
NHPC,40,40,150,,
NHPC,40,49,50,,
ICFC,58,28,1000,,
ICFC,57,28,10,,
ICFC,35,28,50,,
ICFC,45,28,20,,
ICFC,47,28,500,,
ICFC,57,28,15,,
ICFC,32,28,100,,
ICFC,28,28,50,,
ICFC,43,28,100,,
ICFC,28,28,50,,
ICFC,1,28,20,,
ICFC,58,28,10,,
ICFC,42,28,25,,
ICFC,28,28,100,,
PMHPL,16,34,1000,,
PMHPL,35,34,60,,
PMHPL,26,34,170,,
NRN,41,38,90,,
GBIME,35,33,16,,
GBIME,35,56,84,,
SRBL,33,29,100,,
SPDL,8,55,10,,
SPDL,57,55,100,,
SPDL,40,55,10,,
SPDL,51,55,30,,
SJCL,16,21,10,,
SJCL,38,21,10,,
SIGS2,11,13,1000,,
UPPER,42,41,300,,
AKPL,19,14,100,,
AKPL,17,14,20,,
AKPL,16,14,100,,
AKPL,25,14,355,,
AKPL,17,14,15,,
AKPL,26,14,20,,
AKPL,28,14,190,,
AKPL,18,14,30,,
AKPL,33,14,100,,
AKPL,32,14,100,,
AKPL,43,14,25,,
AKPL,3,14,75,,
UMRH,28,34,150,,
NIL,20,45,15,,
CGH,48,26,170,,
GIC,19,52,10,,
NRN,41,20,10,,
NGPL,32,6,162,,
NGPL,17,6,100,,
NGPL,21,6,38,,
AKJCL,28,33,88,,
RHPL,53,21,10,,
SLICL,21,45,25,,
RHPL,57,21,20,,
NICLBSL,13,14,10,,
MLBL,4,38,50,,
MLBL,16,38,500,,
MLBL,38,38,400,,
SLI,33,49,10,,
GRDBL,52,4,10,,
SLI,33,34,10,,
API,35,21,400,,
SHPC,13,45,150,,
UMHL,38,57,200,,
API,49,51,13,,
NMFBS,54,49,61,,
IGI,17,26,200,,
BOKL,34,58,50,,
HIDCL,42,14,148,,
NFS,40,45,380,,
HIDCL,42,51,52,,
HIDCL,16,51,10,,
SAHAS,34,43,50,,
SAHAS,58,43,10,,
SAHAS,14,43,20,,
SAHAS,3,43,40,,
SAHAS,53,43,110,,
ULI,45,57,10,,
NICLBSL,13,14,10,,
SHPC,42,45,50,,
KBL,4,7,92,,
KBL,4,26,100,,
KBL,4,51,58,,
KEF,47,39,100,,
NABIL,57,16,10,,
NABIL,45,16,20,,
JBLB,17,49,10,,
NRN,53,38,94,,
KMCDB,34,25,259,,
KMCDB,52,25,10,,
KMCDB,21,25,50,,
KMCDB,50,25,10,,
KMCDB,57,25,30,,
GUFL,52,49,127,,
GUFL,36,49,100,,
NBL,22,19,20,,
NUBL,55,40,293,,
NUBL,55,47,14,,
NUBL,55,49,193,,
SJCL,38,21,10,,
BOKL,14,19,110,,
BOKL,49,19,40,,
BOKL,21,19,50,,
SAHAS,53,6,10,,
SAHAS,53,45,10,,
MKJC,4,58,10,,
NIFRA,32,58,15,,
NIFRA,54,34,50,,
CFCL,21,4,400,,
PMHPL,26,49,20,,
RHPL,57,21,30,,
MEN,26,4,490,,
MEN,53,4,10,,
AKPL,45,52,100,,
GBIME,42,56,116,,
GBIME,42,22,16,,
GBIME,42,33,68,,
AIL,44,42,10,,
RADHI,45,19,14,,
RADHI,7,19,150,,
RADHI,39,19,136,,
CCBL,52,1,25,,
SAHAS,40,43,10,,
SAHAS,55,43,990,,
IGI,17,17,20,,
IGI,17,33,70,,
SAHAS,55,40,10,,
PRIN,38,32,70,,
NABIL,45,21,10,,
AKJCL,28,45,362,,
NABIL,11,21,40,,
NIFRA,28,40,43,,
NIFRA,28,42,50,,
NIFRA,28,49,97,,
NIFRA,28,8,10,,
SPDL,51,57,70,,
SPDL,57,57,30,,
SINDU,58,6,100,,
CHCL,4,29,357,,
SHEL,49,34,10,,
MBL,49,1,20,,
MLBL,38,48,100,,
MLBL,16,48,2000,,
MLBL,4,48,50,,
MLBL,59,48,200,,
MLBL,20,48,500,,
MLBL,8,48,500,,
MLBL,4,48,10,,
MLBL,6,48,100,,
MLBL,45,48,40,,
JLI,56,45,10,,
MLBS,1,47,10,,
SFCL,39,45,80,,
SFCL,48,45,20,,
AHPC,34,57,80,,
AHPC,36,57,20,,
NMBHF1,7,21,6566,,
NMBHF1,7,21,434,,
CHDC,3,47,30,,
CHDC,5,47,60,,
CHDC,56,47,10,,
KKHC,43,17,70,,
KKHC,58,17,10,,
HIDCL,42,57,200,,
HIDCL,49,57,100,,
PROFL,48,41,100,,
RLI,58,14,10,,
NFS,45,36,100,,
SHIVM,58,11,84,,
PROFL,13,57,75,,
PROFL,17,57,300,,
HIDCL,17,8,50,,
AKPL,52,14,145,,
AKPL,52,33,50,,
TPC,6,45,10,,
CZBIL,56,45,23,,
KSBBL,57,14,100,,
SABSL,5,33,100,,
GBIME,58,33,10,,
NRN,53,20,10,,
SLBBL,42,4,20,,
SMB,11,4,70,,
SMB,45,4,10,,
NGPL,21,28,212,,
NGPL,20,28,100,,
NGPL,26,28,100,,
NGPL,19,28,40,,
RADHI,39,35,40,,
NBF2,44,37,500,,
MLBS,34,51,10,,
MLBS,34,16,10,,
BFC,28,6,100,,
ADBL,42,42,10,,
NCCB,56,6,10,,
MNBBL,49,33,29,,
SAHAS,47,45,10,,
RADHI,39,59,50,,
AKPL,3,44,225,,
AKPL,14,44,75,,
CGH,59,26,20,,
SBL,51,42,160,,
AHPC,36,58,75,,
JSLBB,46,1,14,,
JSLBB,41,1,15,,
JSLBB,58,1,30,,
JSLBB,6,1,10,,
CCBL,55,1,25,,
JBBL,38,43,10,,
KRBL,26,51,200,,
SAHAS,17,50,10,,
SAHAS,17,58,10,,
AKJCL,43,56,75,,
CHDC,5,34,10,,
NTC,49,58,200,,
NTC,53,58,20,,
NTC,57,58,50,,
NTC,45,58,10,,
NTC,29,58,10,,
NTC,51,58,10,,
NTC,55,58,1000,,
NTC,38,58,2472,,
LEC,43,56,20,,
GBLBS,42,49,10,,
HDL,47,21,10,,
HDL,47,59,10,,
AKJCL,45,56,500,,
AHPC,36,21,10,,
AHPC,36,41,10,,
AHPC,36,58,885,,
MLBS,18,4,10,,
AHPC,28,34,200,,
HDHPC,13,38,200,,
SHIVM,57,57,50,,
ALBSL,3,1,100,,
SHEL,48,21,20,,
HIDCL,45,8,100,,
UPPER,58,38,10,,
KBL,28,58,16,,
CHDC,45,45,65,,
CHDC,45,56,10,,
SAHAS,47,58,10,,
KSBBL,14,14,100,,
KSBBL,36,14,50,,
BARUN,46,42,36,,
BARUN,6,42,64,,
PCBL,45,49,100,,
AHPC,52,58,130,,
ADBL,42,56,15,,
LBBL,4,38,1190,,
MNBBL,49,33,20,,
NHPC,53,40,150,,
NHPC,53,45,150,,
UPPER,42,52,103,,
UPPER,48,52,20,,
UPPER,19,52,40,,
UPPER,36,52,367,,
UPPER,13,52,50,,
UPPER,42,52,68,,
SAHAS,47,45,10,,
CFCL,21,46,10,,
CFCL,16,46,50,,
CFCL,59,46,140,,
PROFL,13,57,200,,
BARUN,34,57,443,,
HIDCL,58,8,75,,
NICA,44,19,70,,
NICA,45,19,10,,
NICA,45,19,10,,
NICA,29,19,10,,
MEGA,43,38,89,,
MEGA,42,38,50,,
MEGA,55,38,10,,
NABIL,7,33,30,,
LBL,11,1,50,,
LBL,38,1,50,,
GLH,57,14,110,,
AHPC,28,53,300,,
SBI,38,38,75,,
SBI,38,37,100,,
SBI,38,59,67,,
HIDCL,49,8,100,,
SHL,43,57,100,,
MFIL,56,48,100,,
GBIME,1,33,50,,
JLI,56,1,10,,
TPC,6,58,10,,
NIFRA,50,58,35,,
CHL,32,52,100,,
CHL,32,41,100,,
CHL,32,40,10,,
RADHI,39,46,274,,
RADHI,45,46,150,,
RADHI,58,46,25,,
RADHI,14,46,20,,
RADHI,51,46,250,,
RADHI,58,46,19,,
RADHI,53,46,50,,
RADHI,42,46,30,,
RADHI,32,46,82,,
RADHI,48,46,30,,
RADHI,21,46,30,,
RADHI,16,46,240,,
PCBL,58,49,69,,
PCBL,57,49,120,,
PCBL,40,49,200,,
PCBL,26,49,25,,
PCBL,49,49,100,,
PCBL,35,49,30,,
PCBL,8,49,200,,
IGI,38,33,30,,
IGI,38,14,50,,
IGI,38,17,20,,
HDHPC,13,38,200,,
HDHPC,13,41,200,,
ULI,44,41,10,,
ULI,44,55,10,,
CFCL,59,34,110,,
ALBSL,3,45,100,,
CBBL,36,42,10,,
AHPC,36,58,1000,,
NTC,38,52,28,,
NTC,57,52,100,,
NTC,54,52,100,,
NTC,38,52,35,,
NTC,42,52,25,,
NTC,44,52,10,,
GBIME,32,33,10,,
NCCB,44,45,222,,
AHPC,28,19,400,,
KRBL,40,8,50,,
BFC,28,1,220,,
MFIL,1,48,100,,
HIDCL,58,8,279,,
SLI,17,26,40,,
VLBS,35,4,20,,
VLBS,57,4,500,,
VLBS,38,4,100,,
VLBS,19,4,10,,
VLBS,50,4,50,,
VLBS,1,4,100,,
VLBS,1,4,100,,
VLBS,1,4,20,,
VLBS,19,4,10,,
VLBS,1,4,42,,
VLBS,57,4,10,,
SAHAS,47,40,10,,
MLBS,16,57,10,,
SBI,38,35,10,,
SBI,38,55,211,,
LBBL,4,14,20,,
GBIME,52,33,69,,
GBIME,52,58,50,,
HIDCL,58,47,49,,
HIDCL,33,47,200,,
HIDCL,21,47,20,,
HIDCL,45,47,81,,
VLBS,1,47,68,,
SPDL,44,17,11,,
MERO,49,39,42,,
MERO,42,39,70,,
SAHAS,47,49,10,,
AHPC,17,58,20,,
HPPL,35,1,30,,
SBCF,57,36,3200,,
AHPC,52,58,10,,
UPPER,42,38,100,,
JBBL,D01,50,500,,
JBLB,17,46,10,,
AHPC,25,58,315,,
CBBL,36,34,12,,
CBBL,53,34,10,,
CBBL,17,34,25,,
GHL,32,14,300,,
NLIC,58,38,33,,
NLIC,42,38,17,,
BPCL,42,45,80,,
BPCL,45,45,20,,
JBBL,52,38,70,,
JBBL,41,38,50,,
JBBL,55,38,480,,
MNBBL,58,38,10,,
SDLBSL,58,57,19,,
PLI,48,3,10,,
PLI,48,34,10,,
PLI,48,46,10,,
PLI,48,1,10,,
PLI,48,28,10,,
PLI,48,53,10,,
PLI,48,45,10,,
PLI,48,35,10,,
PLI,48,38,10,,
PLI,48,11,10,,
AKPL,14,42,15,,
SLI,17,58,10,,
ICFC,58,20,12,,
CHDC,5,56,10,,
CCBL,58,52,10,,
CCBL,29,52,20,,
SICL,51,58,100,,
LBBL,4,32,10,,
NUBL,4,47,180,,
UPPER,42,38,150,,
AHPC,50,58,10,,
TRH,44,45,150,,
TRH,10,45,20,,
TRH,8,45,250,,
MFIL,51,6,20,,
MFIL,35,6,500,,
MFIL,41,6,400,,
MFIL,16,6,100,,
MFIL,16,6,50,,
MFIL,25,6,100,,
MFIL,35,6,30,,
KPCL,58,43,10,,
DHPL,43,34,10,,
CBBL,11,34,37,,
NABIL,7,42,15,,
NABIL,58,17,10,,
NABIL,58,57,10,,
NMB,7,59,44,,
JBLB,17,22,10,,
AKPL,58,14,10,,
CHCL,4,25,43,,
ULI,43,59,10,,
ULI,43,26,10,,
CFCL,21,46,250,,
SAHAS,47,40,10,,
NIFRA,50,41,50,,
NIFRA,50,5,15,,
HIDCL,45,45,50,,
BFC,28,6,100,,
AKJCL,45,45,313,,
AKJCL,33,45,100,,
AKJCL,26,45,70,,
AKJCL,49,45,30,,
API,10,51,400,,
API,22,51,200,,
ICFC,42,28,10,,
MLBSL,53,5,10,,
SIFC,4,57,350,,
ICFC,42,20,10,,
RMDC,36,38,10,,
SGI,46,21,30,,
NGPL,19,55,10,,
CZBIL,59,49,60,,
SAHAS,47,42,10,,
PLIC,16,50,30,,
HPPL,49,1,200,,
LBBL,4,57,200,,
SBI,38,14,10,,
NABIL,4,38,10,,
SHEL,52,21,20,,
ICFC,20,59,11,,
ICFC,28,59,10,,
BPCL,45,22,10,,
SIC,42,25,45,,
SIC,34,25,50,,
AHPC,57,58,50,,
HDL,25,59,10,,
ICFC,20,28,12,,
NGPL,29,55,30,,
NGPL,21,55,10,,
SHEL,56,14,10,,
SFCL,39,32,200,,
SMATA,45,6,18,,
BFC,28,45,50,,
SLI,17,40,10,,
SHPC,52,43,500,,
HDHPC,11,38,10,,
HDHPC,34,38,90,,
NFS,40,57,40,,
ICFC,20,28,12,,
SICL,41,58,55,,
MLBBL,13,14,10,,
MKLB,21,45,10,,
JBBL,55,54,400,,
KRBL,26,43,250,,
PMHPL,26,46,300,,
SMB,56,48,13,,
SMB,6,48,13,,
ICFC,20,57,100,,
ICFC,20,32,1000,,
ICFC,20,33,800,,
ICFC,20,49,150,,
ICFC,20,8,1150,,
ICFC,20,7,5020,,
ICFC,20,45,400,,
ICFC,20,32,785,,
ICFC,20,35,500,,
ICFC,20,38,478,,
ICFC,20,16,1100,,
ICFC,20,39,80,,
ICFC,20,58,750,,
ICFC,20,38,200,,
ICFC,20,43,300,,
ICFC,20,40,50,,
ICFC,20,22,400,,
ICFC,20,52,500,,
ICFC,20,17,20,,
ICFC,20,58,75,,
ICFC,20,6,100,,
ICFC,20,17,200,,
ICFC,20,14,185,,
ICFC,20,42,15,,
ICFC,20,6,600,,
ICFC,20,43,100,,
ICFC,20,4,50,,
ICFC,20,56,100,,
ICFC,20,13,1850,,
ICFC,20,48,3000,,
ICFC,20,52,59,,
ICFC,20,45,295,,
ICFC,20,17,20,,
ICFC,20,38,20,,
ICFC,20,57,100,,
ICFC,20,21,100,,
ICFC,20,58,70,,
ICFC,20,1,100,,
ICFC,20,34,50,,
ICFC,20,1,100,,
ICFC,20,59,349,,
BOKL,58,39,200,,
ICFC,20,42,500,,
ICFC,20,48,20,,
ICFC,20,35,75,,
ICFC,20,17,30,,
ICFC,20,43,100,,
ICFC,20,48,10,,
ICFC,20,28,130,,
ICFC,20,48,300,,
ICFC,20,28,1000,,
ICFC,20,49,20,,
ICFC,20,25,50,,
ICFC,20,58,1640,,
ICFC,20,17,25,,
ICFC,20,18,50,,
ICFC,20,28,100,,
ICFC,20,58,57,,
ICFC,20,38,800,,
ICFC,20,6,400,,
ICFC,20,8,75,,
ICFC,20,43,1000,,
ICFC,20,8,100,,
ICFC,20,34,30,,
ICFC,20,32,100,,
ICFC,20,52,50,,
ICFC,20,39,20,,
ICFC,20,8,20,,
ICFC,20,41,220,,
ICFC,20,54,30,,
ICFC,20,28,20,,
ICFC,20,40,50,,
ICFC,20,35,100,,
ICFC,20,57,100,,
ICFC,20,29,56,,
ICFC,20,49,250,,
ICFC,20,58,100,,
ICFC,20,45,400,,
ICFC,20,6,30,,
ICFC,20,17,30,,
ICFC,20,48,15,,
ICFC,20,58,10,,
ICFC,20,28,100,,
ICFC,20,13,100,,
ICFC,20,49,50,,
ICFC,20,13,200,,
ICFC,20,4,150,,
ICFC,20,41,200,,
ICFC,20,57,200,,
ICFC,20,35,10,,
ICFC,20,44,50,,
ICFC,20,52,30,,
ICFC,20,33,450,,
ICFC,20,53,500,,
ICFC,20,54,300,,
ICFC,20,49,3050,,
ICFC,20,45,175,,
ICFC,20,57,10,,
API,22,56,300,,
UPPER,26,38,39,,
GFCL,39,4,10,,
GMFIL,55,32,98,,
GMFIL,45,32,102,,
AKPL,1,14,10,,
MLBSL,53,42,10,,
SLI,17,45,10,,
SJCL,45,17,20,,
SFCL,55,57,500,,
SPDL,57,14,20,,
SPDL,57,14,15,,
SPDL,13,14,15,,
PRVU,49,58,10,,
API,10,56,100,,
API,35,56,100,,
SHINE,41,58,15,,
MLBBL,13,14,10,,
MLBBL,6,14,10,,
NABIL,D01,57,95,,
JLI,56,56,10,,
GBBL,13,32,87,,
GBBL,10,32,13,,
NUBL,4,47,46,,
UPPER,26,22,12,,
MNBBL,35,33,20,,
MNBBL,11,33,20,,
MNBBL,58,33,10,,
AHPC,50,21,10,,
DDBL,26,4,40,,
DDBL,29,4,10,,
NRIC,43,55,327,,
NRIC,45,55,100,,
NRIC,55,55,20,,
RHPL,57,49,50,,
API,35,35,100,,
AKPL,14,42,290,,
AKPL,35,42,10,,
NIFRA,10,5,45,,
NIFRA,10,46,30,,
ADBL,42,45,100,,
KSBBL,36,56,20,,
MLBS,7,58,10,,
KBL,28,42,255,,
TPC,6,40,10,,
VLBS,1,47,32,,
SADBL,21,57,100,,
NGPL,21,32,20,,
NGPL,26,32,200,,
NGPL,34,32,30,,
NGPL,26,32,50,,
HDHPC,25,1,50,,
NLIC,22,38,30,,
NLIC,58,38,32,,
NLIC,34,38,11,,
NLIC,20,38,10,,
BOKL,14,34,234,,
BOKL,44,34,566,,
BOKL,10,34,200,,
GBIME,58,33,13,,
MLBS,34,45,10,,
JBBL,55,38,100,,
HDL,1,8,30,,
HDL,38,8,10,,
CGH,45,26,10,,
CGH,45,33,20,,
GFCL,11,4,287,,
GFCL,38,4,20,,
SHEL,48,21,40,,
SHEL,48,58,10,,
RLI,58,36,10,,
SHINE,41,58,20,,
CFCL,45,46,50,,
CFCL,57,46,200,,
NABIL,D01,4,500,,
CHCL,5,45,100,,
MLBS,34,53,10,,
NGPL,26,55,50,,
NGPL,10,55,50,,
VLBS,59,47,30,,
VLBS,59,47,20,,
VLBS,35,47,50,,
VLBS,43,47,20,,
VLBS,59,47,14,,
VLBS,42,47,34,,
NMB,45,59,50,,
MLBL,4,42,100,,
CZBIL,52,58,135,,
CZBIL,28,58,90,,
CZBIL,6,58,156,,
CZBIL,34,58,100,,
CZBIL,47,58,100,,
CZBIL,42,58,80,,
CZBIL,35,58,200,,
CZBIL,22,58,50,,
CZBIL,58,58,20,,
CZBIL,57,58,100,,
CZBIL,28,58,500,,
CZBIL,38,58,26,,
CZBIL,48,58,100,,
CZBIL,29,58,300,,
CZBIL,50,58,50,,
CZBIL,34,58,500,,
NLG,13,25,102,,
CZBIL,42,58,50,,
NLG,29,25,50,,
CZBIL,44,58,100,,
CZBIL,21,58,500,,
CZBIL,58,58,20,,
CZBIL,58,58,160,,
CZBIL,18,58,5000,,
CZBIL,32,58,35,,
NRIC,43,36,10,,
CZBIL,38,58,100,,
CZBIL,45,58,300,,
CZBIL,45,58,1750,,
CZBIL,1,58,100,,
CZBIL,29,58,500,,
CZBIL,49,58,50,,
CZBIL,26,58,100,,
CZBIL,19,58,50,,
CZBIL,48,58,500,,
CZBIL,26,58,1000,,
CZBIL,28,58,100,,
CZBIL,50,58,1000,,
CZBIL,17,58,1500,,
CZBIL,36,58,100,,
CZBIL,34,58,100,,
CZBIL,48,58,200,,
CZBIL,26,58,24,,
CZBIL,3,58,69,,
CZBIL,45,58,1250,,
CZBIL,40,58,50,,
CZBIL,11,58,100,,
CZBIL,59,58,50,,
CZBIL,49,58,20,,
CZBIL,19,58,20,,
CZBIL,38,58,100,,
CZBIL,47,58,150,,
CZBIL,57,58,50,,
CZBIL,58,58,11,,
CZBIL,51,58,25,,
CZBIL,49,58,59,,
CZBIL,36,58,2000,,
CZBIL,47,58,200,,
FMDBL,26,21,151,,
FMDBL,6,21,10,,
FMDBL,10,21,100,,
FMDBL,4,21,10,,
FMDBL,34,21,70,,
FMDBL,56,21,159,,
AHPC,25,35,35,,
AHPC,55,35,200,,
AHPC,35,35,15,,
HDL,54,28,16,,
BFC,38,1,180,,
UMHL,49,25,270,,
UMHL,49,17,10,,
SAHAS,47,40,10,,
RLFL,55,16,145,,
SAHAS,47,49,10,,
CCBL,58,1,50,,
RLFL,55,35,55,,
PLI,52,14,20,,
API,35,38,100,,
NCCB,26,45,100,,
NCCB,11,45,100,,
NCCB,33,45,100,,
NCCB,45,45,300,,
NCCB,29,45,390,,
MFIL,48,43,100,,
BARUN,6,45,36,,
TPC,6,38,10,,
AHPC,35,56,400,,
SLI,17,49,10,,
GFCL,45,59,300,,
BPCL,33,22,20,,
BPCL,8,22,100,,
BPCL,46,22,110,,
BPCL,45,22,100,,
BPCL,51,22,38,,
BPCL,21,22,75,,
NHDL,56,57,500,,
SBI,38,14,500,,
SBI,38,58,70,,
SBI,38,26,190,,
NICLBSL,13,36,10,,
SBI,38,54,100,,
SBI,38,14,10,,
SBI,38,14,20,,
SBI,38,58,50,,
SBI,38,33,50,,
MLBS,7,7,10,,
API,10,41,500,,
KSBBL,19,38,20,,
GBIME,56,33,100,,
HDL,38,28,10,,
BPCL,21,33,100,,
LLBS,47,25,20,,
LLBS,39,25,100,,
LLBS,28,25,100,,
LLBS,28,25,20,,
LLBS,47,25,20,,
CFCL,57,46,300,,
CFCL,37,46,200,,
NABIL,D01,58,10,,
ADBL,D01,25,431,,
ADBL,D01,1,200,,
ADBL,D01,44,4239,,
ADBL,D01,42,100,,
ADBL,D01,45,30,,
AKPL,50,14,10,,
ULI,45,21,10,,
GLH,57,59,10,,
SAHAS,47,45,10,,
NLIC,34,45,39,,
NBL,6,33,100,,
NBL,38,33,133,,
NIL,20,42,15,,
JBBL,55,21,20,,
GMFIL,45,19,98,,
GMFIL,57,19,177,,
GMFIL,51,19,50,,
GMFIL,50,19,500,,
GMFIL,42,19,100,,
GMFIL,42,19,300,,
GMFIL,53,19,275,,
BFC,26,1,100,,
MEN,26,36,10,,
HPPL,49,48,90,,
USLB,34,17,10,,
MKJC,4,14,20,,
MKJC,26,14,210,,
MKJC,57,14,20,,
GLH,28,58,15,,
PMHPL,26,35,10,,
NHPC,21,37,20,,
SHPC,55,34,155,,
SHPC,55,58,35,,
SHPC,55,17,10,,
KBL,28,7,100,,
TPC,32,38,10,,
NHPC,52,1,260,,
BBC,26,50,10,,
KEF,28,49,112,,
AKPL,50,5,50,,
HDHPC,34,36,10,,
MLBS,35,53,90,,
NLBBL,44,44,50,,
NABIL,D01,20,50,,
PLI,1,42,10,,
GBIME,43,17,100,,
SHINE,22,58,210,,
ULI,45,36,150,,
SHINE,51,58,20,,
SHINE,34,58,100,,
SHINE,34,58,100,,
SHINE,57,58,677,,
SHINE,36,58,500,,
SHINE,34,58,400,,
SHINE,41,58,200,,
SHINE,17,58,500,,
SHINE,49,58,500,,
SHINE,18,58,10,,
SHINE,42,58,500,,
SHINE,22,58,10,,
SHINE,13,58,20,,
SHINE,49,58,15,,
SHINE,28,58,500,,
SHINE,50,58,1000,,
SHINE,56,58,500,,
SHINE,38,58,70,,
SHINE,26,58,2000,,
SHINE,26,58,898,,
SHINE,45,58,200,,
SHINE,43,58,50,,
SAHAS,34,59,10,,
ULI,45,19,10,,
ULI,45,52,260,,
MNBBL,46,47,11,,
SICL,52,52,50,,
NRN,44,21,10,,
SGI,46,57,10,,
MEGA,54,38,4,,
MEGA,54,34,10,,
GBIME,43,58,10,,
HIDCL,45,44,19,,
HIDCL,57,44,10,,
ULI,1,34,10,,
AHPC,35,35,300,,
USLB,26,48,22,,
BARUN,45,57,22,,
BARUN,42,57,35,,
NCCB,49,45,300,,
NCCB,53,45,50,,
NCCB,14,45,110,,
HDHPC,20,38,50,,
HDHPC,17,38,372,,
CGH,48,58,10,,
NUBL,25,47,50,,
BBC,26,50,20,,
GMFIL,53,57,25,,
NLIC,56,21,10,,
NLIC,11,21,10,,
NLIC,17,21,150,,
NLIC,42,21,20,,
NLIC,41,21,10,,
NLIC,34,21,15,,
NLIC,1,21,50,,
NLIC,16,21,100,,
NLIC,16,21,10,,
NLIC,21,21,12,,
JLI,56,59,10,,
NUBL,58,47,134,,
NUBL,58,10,10,,
SAHAS,34,6,10,,
NABIL,D01,34,50,,
GRDBL,28,57,55,,
AIL,44,36,10,,
BOKL,10,58,100,,
NBL,47,22,10,,
NBL,47,57,40,,
EBL,6,38,46,,
NTC,38,17,30,,
SHINE,32,58,2000,,
SHINE,41,58,150,,
SHINE,7,58,1000,,
SHINE,13,58,500,,
SHINE,16,58,200,,
SHINE,42,58,15,,
SHINE,34,58,30,,
SHINE,57,58,50,,
SHINE,14,58,20,,
SHINE,29,58,20,,
MPFL,42,42,10,,
PICL,41,49,40,,
SBL,39,21,500,,
TRH,43,42,250,,
MLBS,35,16,10,,
GHL,43,21,128,,
BBC,26,50,20,,
NUBL,48,49,75,,
NUBL,39,49,25,,
ADBL,42,54,145,,
ADBL,57,54,15,,
ADBL,58,54,340,,
CZBIL,48,49,500,,
SAHAS,54,59,10,,
HPPL,13,5,399,,
MFIL,14,45,100,,
MFIL,42,45,15,,
CZBIL,48,58,10,,
MLBS,40,38,10,,
MLBL,16,48,995,,
MLBL,34,48,500,,
MLBL,25,48,100,,
MLBL,14,48,400,,
MLBL,16,48,305,,
SAHAS,54,35,10,,
HIDCL,57,55,20,,
ULI,1,59,10,,
CZBIL,48,38,150,,
CZBIL,17,38,50,,
AHPC,35,21,10,,
MLBL,28,33,300,,
NHPC,52,38,40,,
NHPC,52,53,700,,
KSBBL,8,56,100,,
ULI,1,48,10,,
SMFDB,42,21,10,,
ULI,1,21,10,,
SLI,17,21,10,,
AIL,49,20,10,,
NBB,48,54,700,,
NBB,41,54,200,,
NBB,38,54,100,,
NRIC,43,48,10,,
GFCL,11,14,13,,
NBL,38,50,200,,
TPC,21,38,10,,
NMB,48,59,10,,
NMB,58,59,100,,
NMB,44,59,30,,
NMB,45,59,10,,
NMB,26,59,200,,
NMB,42,59,25,,
NMB,8,59,1000,,
NMB,47,59,100,,
NMB,6,59,431,,
NIFRA,38,46,30,,
NIFRA,38,38,30,,
SINDU,58,17,10,,
MLBBL,20,14,30,,
AKJCL,59,13,100,,
GBIME,29,33,250,,
NHPC,1,53,100,,
JLI,20,34,10,,
MEGA,55,39,1000,,
ALICL,57,29,50,,
AHPC,35,33,275,,
AHPC,39,33,40,,
NUBL,38,7,50,,
FMDBL,13,58,10,,
FMDBL,13,48,100,,
TRH,43,45,750,,
GIMES1,42,7,15000,,
GIMES1,1,7,950,,
NLIC,50,45,10,,
GBIME,58,33,100,,
NICLBSL,13,48,10,,
SFCL,55,51,20,,
STC,57,17,10,,
STC,25,17,10,,
STC,46,17,10,,
STC,49,17,10,,
STC,58,17,10,,
STC,45,17,10,,
NIFRA,58,38,30,,
NABIL,D01,45,70,,
NABIL,D01,14,190,,
NABIL,D01,58,35,,
HIDCL,22,17,100,,
DHPL,43,35,40,,
ICFC,28,45,25,,
SMFDB,42,45,30,,
SFCL,55,20,50,,
SLI,56,36,10,,
NABIL,47,58,10,,
NABIL,34,58,90,,
VLBS,42,46,16,,
CBBL,58,58,10,,
NIL,20,45,70,,
SADBL,46,59,800,,
SADBL,46,25,200,,
PROFL,13,45,30,,
NABIL,49,58,25,,
NABIL,22,58,10,,
NABIL,7,58,10,,
NABIL,19,58,10,,
NABIL,22,58,200,,
NABIL,45,58,10,,
ULI,1,1,10,,
KBL,28,18,250,,
HDL,38,57,10,,
MLBS,40,16,10,,
JBBL,20,6,170,,
MLBL,16,48,95,,
MLBL,6,48,10,,
MLBL,45,48,10,,
MLBL,36,48,750,,
MLBL,10,48,100,,
MLBL,51,48,100,,
MLBL,5,48,500,,
MLBL,44,48,10,,
MLBL,57,48,150,,
MLBL,14,48,50,,
MLBL,46,48,50,,
MLBL,44,48,50,,
MLBL,58,48,100,,
MLBL,16,48,1000,,
MLBL,19,48,20,,
MLBL,16,48,1000,,
MLBL,59,48,20,,
MLBL,59,48,20,,
MLBL,16,48,965,,
NUBL,34,47,20,,
NUBL,57,47,50,,
RADHI,16,58,160,,
RADHI,58,58,40,,
NRIC,43,33,19,,
NRIC,21,33,50,,
NRIC,48,33,10,,
NRIC,1,33,11,,
NRIC,37,33,50,,
NABIL,41,45,10,,
NABIL,53,45,10,,
NABIL,41,45,10,,
NRIC,36,48,50,,
API,1,42,100,,
UPCL,13,14,100,,
KRBL,42,39,710,,
TPC,32,1,10,,
UPPER,49,38,25,,
NBL,41,57,30,,
KSBBL,58,40,20,,
KSBBL,58,40,13,,
PFL,57,42,92,,
JBLB,17,32,10,,
HDHPC,17,38,1128,,
HDHPC,42,38,372,,
SINDU,58,17,10,,
EBL,6,38,21,,
MLBSL,53,57,10,,
MLBS,56,19,10,,
MLBS,38,19,10,,
MLBS,36,19,100,,
MLBS,45,19,20,,
MLBS,22,19,20,,
MLBS,56,19,80,,
GFCL,45,14,77,,
RLFL,45,44,70,,
GFCL,45,5,153,,
SPDL,48,52,200,,
SLI,56,58,10,,
MEGA,43,14,206,,
MEGA,58,14,345,,
MEGA,32,14,20,,
MEGA,38,14,50,,
MEGA,33,14,50,,
MEGA,49,14,30,,
MEGA,34,14,100,,
MEGA,34,14,49,,
MEGA,55,14,150,,
HIDCL,6,21,360,,
JLI,56,38,10,,
SIFC,41,52,75,,
NABBC,19,32,10,,
KRBL,57,39,10,,
CHCL,5,45,121,,
CHCL,5,45,250,,
CHCL,57,45,129,,
UMHL,7,5,260,,
ALICL,38,29,100,,
NABIL,41,36,10,,
SLI,56,34,10,,
BOKL,51,42,100,,
CFCL,20,4,1000,,
CFCL,34,4,10,,
CFCL,32,4,1000,,
CFCL,22,4,13,,
PRVU,17,38,17,,
SLI,56,21,10,,
SRBL,33,5,82,,
ULI,43,38,10,,
SHPC,37,58,10,,
PMHPL,14,34,200,,
PMHPL,16,34,1000,,
PLI,42,41,10,,
PLI,42,29,10,,
UPPER,49,38,10,,
API,35,17,155,,
ADBL,58,57,10,,
ADBL,38,57,20,,
DDBL,50,17,14,,
MLBS,56,56,10,,
BARUN,57,45,50,,
GBIME,7,33,50,,
MLBS,56,52,10,,
GBIME,38,33,100,,
GBIME,21,33,100,,
GBIME,20,33,20,,
GBIME,22,33,50,,
GBIME,44,33,200,,
GBIME,7,33,250,,
SAHAS,53,29,10,,
SWBBL,49,34,19,,
HDHPC,39,38,500,,
HDHPC,53,38,50,,
HDHPC,55,38,100,,
HDHPC,47,38,200,,
HDHPC,6,38,100,,
HDHPC,41,38,100,,
HDHPC,25,38,100,,
HDHPC,58,38,100,,
HDHPC,41,38,30,,
HDHPC,14,38,100,,
HDHPC,7,38,10,,
HDHPC,49,38,50,,
HDHPC,6,38,100,,
HDHPC,34,38,265,,
HDHPC,22,38,500,,
HDHPC,22,38,1000,,
HDHPC,16,38,692,,
SFCL,55,34,30,,
NIFRA,54,49,50,,
NRIC,39,21,10,,
GFCL,45,17,70,,
SANIMA,16,50,80,,
SANIMA,46,50,20,,
SGI,46,17,10,,
JBBL,48,6,50,,
JBBL,32,6,10,,
JBBL,26,6,50,,
SAHAS,3,45,10,,
VLBS,21,46,100,,
VLBS,59,46,14,,
VLBS,56,46,20,,
NABBC,36,32,10,,
NABBC,41,32,10,,
NABBC,6,32,200,,
NABBC,6,32,70,,
MLBL,48,40,260,,
CFCL,22,46,17,,
CFCL,13,46,365,,
CFCL,13,46,50,,
CFCL,11,46,68,,
MLBL,16,38,35,,
MLBL,4,38,1200,,
MLBL,47,38,65,,
MLBL,16,38,700,,
RSDC,43,40,28,,
MLBBL,20,41,20,,
MLBBL,58,41,30,,
MEGA,55,58,300,,
BARUN,22,45,100,,
JBLB,17,46,10,,
ULI,38,52,100,,
MKJC,26,14,50,,
MKJC,34,14,40,,
MKJC,4,14,90,,
MKJC,20,14,70,,
SFCL,55,58,80,,
SFCL,55,32,500,,
SFCL,55,32,30,,
SFCL,55,46,30,,
SFCL,55,49,10,,
SFCL,55,41,50,,
RLI,39,41,10,,
MHNL,45,49,25,,
SAHAS,3,5,190,,
SAHAS,55,20,10,,
SAHAS,55,17,10,,
NLIC,42,45,15,,
CHDC,5,1,10,,
PMHPL,14,38,390,,
PMHPL,16,38,100,,
PMHPL,43,38,10,,
NABBC,44,5,10,,
NHPC,11,53,500,,
AKPL,14,53,620,,
AKPL,10,53,100,,
AKPL,34,53,455,,
AKPL,45,53,100,,
AKPL,54,53,20,,
AKPL,58,53,155,,
GBBL,10,37,87,,
NLG,13,25,39,,
NLG,11,25,100,,
NLG,25,25,30,,
NLG,49,25,10,,
NLG,4,25,150,,
HDHPC,16,38,161,,
HDHPC,10,38,39,,
HDHPC,22,38,100,,
HDHPC,13,38,200,,
MLBS,36,19,100,,
MLBS,42,19,10,,
MLBS,28,19,500,,
MLBS,45,19,50,,
MLBS,28,19,10,,
NMFBS,16,33,10,,
MLBS,38,56,10,,
HDHPC,13,42,300,,
SHINE,41,58,200,,
KSBBL,58,52,17,,
KSBBL,29,52,18,,
KSBBL,45,52,35,,
HIDCL,58,21,36,,
BPCL,21,57,100,,
BFC,38,34,20,,
GLICL,57,58,50,,
ULI,43,4,10,,
PRVU,45,38,50,,
NABIL,25,17,10,,
NABIL,25,34,30,,
NBL,38,49,100,,
SIFC,49,52,30,,
CBBL,58,48,10,,
AKJCL,26,33,930,,
AKJCL,35,33,10,,
AKJCL,16,33,50,,
AKJCL,51,33,10,,
LGIL,11,39,155,,
LGIL,10,39,75,,
LGIL,49,39,70,,
NTC,38,38,135,,
NTC,54,38,50,,
NTC,45,38,10,,
NTC,53,38,150,,
NTC,59,38,155,,
NHPC,49,53,150,,
SAHAS,53,55,10,,
SSHL,1,36,20,,
UNHPL,57,16,25,,
UNHPL,45,16,100,,
UNHPL,54,16,100,,
UNHPL,42,16,300,,
MLBL,16,38,300,,
MLBL,59,38,200,,
HIDCL,43,56,200,,
HIDCL,43,57,70,,
CHDC,5,48,10,,
ILBS,28,37,40,,
ILBS,51,37,60,,
NRIC,36,45,20,,
LEC,43,38,10,,
PRVU,17,38,800,,
NBL,38,17,10,,
NABIL,45,38,10,,
MKJC,20,14,20,,
JLI,35,28,10,,
NLG,1,59,21,,
MLBS,57,19,100,,
DDBL,26,32,10,,
NABIL,32,14,150,,
MNBBL,51,6,100,,
PSF,52,51,100,,
HIDCL,45,57,30,,
JOSHI,37,25,345,,
CGH,13,39,35,,
NRIC,41,21,50,,
SLI,56,49,10,,
CFCL,11,21,132,,
CFCL,3,21,50,,
CFCL,57,21,35,,
CFCL,21,21,100,,
CFCL,13,21,20,,
CFCL,36,21,498,,
CFCL,57,21,20,,
MEGA,55,32,50,,
JBLB,41,38,10,,
NRIC,36,25,20,,
NIL,49,7,50,,
API,19,42,515,,
SINDU,55,49,5,,
SINDU,55,37,90,,
PMHPL,43,6,40,,
PCBL,50,34,26,,
PCBL,51,34,100,,
PCBL,57,34,100,,
PCBL,13,34,10,,
PCBL,26,34,100,,
TPC,32,34,10,,
PCBL,25,34,30,,
PCBL,44,34,34,,
MLBSL,22,38,10,,
KMCDB,57,38,70,,
KMCDB,5,38,10,,
KMCDB,5,38,20,,
PCBL,33,26,954,,
PCBL,33,5,46,,
NBL,52,57,80,,
CIT,58,33,10,,
AIL,44,48,10,,
NBL,38,38,200,,
SAHAS,47,22,10,,
SAHAS,53,21,10,,
SHPC,16,45,390,,
SHPC,8,45,60,,
SHPC,38,45,50,,
SHINE,55,58,200,,
MLBL,45,40,20,,
LBBL,14,4,300,,
LBBL,14,4,50,,
LBBL,59,4,50,,
LBBL,48,4,2000,,
LBBL,48,4,50,,
LBBL,49,4,300,,
LBBL,50,4,1500,,
LBBL,59,4,1000,,
LBBL,58,4,93,,
LBBL,53,4,100,,
LBBL,58,4,500,,
LBBL,43,4,50,,
LBBL,50,4,89,,
LBBL,49,4,100,,
SRBL,22,5,50,,
NBB,58,53,10,,
MLBS,32,19,50,,
MLBS,54,19,10,,
MLBS,53,19,50,,
MLBS,22,19,10,,
MLBS,35,19,40,,
MLBS,19,19,30,,
ICFC,42,56,15,,
ICFC,45,56,25,,
ICFC,21,56,100,,
ICFC,22,56,90,,
PIC,59,33,20,,
PIC,58,33,10,,
PIC,5,33,50,,
PIC,5,33,50,,
PIC,58,33,10,,
PIC,58,33,153,,
NGPL,58,41,18,,
NGPL,25,41,24,,
NGPL,29,41,10,,
SAHAS,53,38,10,,
IGI,35,33,10,,
IGI,57,33,90,,
NABIL,41,14,17,,
MEN,38,49,10,,
MEN,16,49,10,,
MMF1,52,58,100,,
GHL,58,21,52,,
GHL,58,21,20,,
AKJCL,34,42,800,,
UPPER,34,32,100,,
SHINE,29,58,93,,
SHINE,17,58,500,,
SHINE,49,58,10,,
SHINE,17,58,300,,
SHINE,26,58,47,,
MNBBL,49,38,10,,
MNBBL,33,38,10,,
MDB,51,26,100,,
API,28,13,50,,
MDB,52,26,100,,
MDB,17,26,25,,
ULI,49,52,500,,
ULI,48,52,350,,
ULI,58,52,80,,
ULI,43,52,20,,
ULI,10,52,190,,
AKPL,58,13,34,,
ULI,10,38,10,,
SHINE,42,56,100,,
LEC,43,22,10,,
MLBL,4,40,50,,
MLBL,16,40,500,,
MLBL,58,40,100,,
MLBL,49,40,200,,
MLBL,17,40,460,,
MLBL,4,40,50,,
MLBL,59,40,100,,
MLBL,38,40,10,,
MLBL,14,40,260,,
NIFRA,54,55,50,,
NIFRA,16,55,50,,
NIFRA,44,55,20,,
SHPC,8,56,40,,
SHPC,4,56,60,,
GLICL,34,7,50,,
GLICL,36,7,50,,
AKPL,58,17,11,,
MERO,54,22,40,,
MERO,37,22,67,,
GBBL,26,37,169,,
UNHPL,43,36,50,,
UPCL,13,28,29,,
HIDCL,22,57,100,,
NLIC,42,17,10,,
NUBL,13,59,100,,
UMHL,50,5,10,,
AHPC,25,56,100,,
SSHL,1,16,200,,
RMDC,49,38,25,,
ULI,21,6,10,,
HDHPC,10,38,961,,
HDHPC,28,38,1000,,
HDHPC,17,38,39,,
JOSHI,45,25,55,,
NUBL,57,59,10,,
SHPC,21,58,10,,
SHPC,25,58,150,,
SHPC,21,58,100,,
SHPC,48,58,100,,
SHPC,22,58,20,,
SHPC,51,58,100,,
SHPC,59,58,200,,
SHPC,57,58,100,,
SHPC,34,58,250,,
SHPC,32,58,250,,
SHPC,16,58,1000,,
SHPC,58,58,20,,
SHPC,35,58,100,,
BOKL,51,5,100,,
SHPC,40,58,100,,
SHPC,16,58,200,,
BOKL,49,5,200,,
PRVU,57,38,200,,
PRVU,6,38,40,,
PRVU,58,38,360,,
PRVU,53,38,50,,
EIC,59,32,10,,
SAHAS,55,58,10,,
SAHAS,55,28,522,,
UPPER,26,38,62,,
GLH,58,34,10,,
HIDCL,35,5,10,,
SINDU,55,37,30,,
SINDU,34,37,370,,
JFL,48,14,24,,
JFL,14,14,76,,
SGI,46,28,10,,
SGI,46,45,10,,
SGI,46,45,10,,
SGI,46,17,10,,
SAHAS,38,38,10,,
MLBS,38,58,10,,
HDHPC,17,11,61,,
NIFRA,41,22,20,,
RADHI,28,6,184,,
RADHI,28,17,16,,
SAHAS,38,1,10,,
TPC,32,58,10,,
SHINE,29,55,50,,
MBL,21,17,10,,
AKPL,34,14,50,,
PCBL,34,5,20,,
MKJC,20,39,10,,
KBL,28,49,131,,
KBL,48,49,185,,
KBL,41,49,10,,
KBL,42,49,10,,
KBL,19,49,100,,
KBL,38,49,64,,
UPPER,26,43,387,,
UPPER,36,43,10,,
UPPER,59,43,28,,
SAHAS,22,58,10,,
GBLBS,57,42,100,,
NHPC,32,4,100,,
NHPC,57,4,100,,
NHPC,20,4,50,,
NHPC,57,4,100,,
NHPC,4,4,1500,,
NHPC,34,4,615,,
NMB,6,34,69,,
NMB,44,34,22,,
NMB,49,34,10,,
NMB,58,34,25,,
NMB,8,34,30,,
NMB,48,34,50,,
MDB,55,26,90,,
UMHL,8,5,30,,
SHPC,16,58,1800,,
SHPC,14,58,800,,
SHPC,58,58,1150,,
SHPC,1,58,200,,
SHPC,40,58,100,,
SHPC,28,58,50,,
API,39,42,220,,
API,7,42,10,,
BPCL,42,26,10,,
BPCL,58,26,17,,
BPCL,45,26,100,,
BPCL,21,26,60,,
GBIME,43,33,100,,
AHPC,40,58,50,,
AHPC,40,58,25,,
EIC,49,32,20,,
EIC,43,32,170,,
SLI,10,34,10,,
NCCB,14,47,290,,
NCCB,42,47,10,,
NCCB,42,47,10,,
NCCB,19,47,10,,
NCCB,45,47,500,,
NCCB,26,47,100,,
NCCB,29,47,30,,
KSBBL,45,38,20,,
GBIME,58,33,100,,
MBL,21,36,482,,
MBL,44,36,90,,
MLBS,38,8,10,,
SRBL,38,5,168,,
AKJCL,34,17,239,,
SLCF,28,38,200,,
CIT,19,33,13,,
EBL,34,28,15,,
TPC,32,21,10,,
PCBL,1,5,85,,
MLBS,38,58,10,,
CHCL,57,37,71,,
CHCL,13,37,75,,
CHCL,43,37,25,,
BARUN,35,45,50,,
LBBL,50,42,291,,
LBBL,17,42,73,,
NHPC,34,4,385,,
NHPC,28,4,100,,
NHPC,58,4,100,,
NHPC,55,4,200,,
NHPC,48,4,200,,
NHPC,51,4,500,,
NHPC,39,4,500,,
NHPC,25,4,100,,
NHPC,16,4,500,,
NHPC,28,4,130,,
NHPC,57,4,100,,
NHPC,36,4,1000,,
NHPC,59,4,2000,,
NHPC,50,4,500,,
NHPC,6,4,1000,,
NHPC,59,4,200,,
NHPC,45,4,50,,
NHPC,48,4,200,,
NHPC,32,4,100,,
NHPC,16,4,375,,
NHPC,59,4,100,,
NHPC,1,4,1660,,
NHPC,1,34,40,,
PROFL,28,57,650,,
GBIME,51,33,300,,
SHINE,34,58,100,,
SAHAS,22,56,10,,
NLIC,47,35,90,,
AKPL,38,14,579,,
SRBL,38,17,10,,
SAHAS,34,28,70,,
SAHAS,47,28,100,,
SAHAS,35,28,20,,
SAHAS,53,28,50,,
SAHAS,48,28,100,,
SAHAS,29,28,100,,
SAHAS,28,28,38,,
BFC,28,36,503,,
UPPER,49,43,75,,
TPC,32,49,10,,
JBLB,41,56,10,,
SLI,21,49,60,,
SLI,21,19,10,,
SLI,21,19,10,,
SLI,21,58,10,,
AKJCL,58,17,23,,
SAHAS,55,4,877,,
SAHAS,55,38,10,,
SAHAS,55,45,10,,
SAHAS,55,44,10,,
AKPL,38,21,21,,
AKPL,45,21,79,,
SAHAS,28,8,10,,
TPC,32,49,10,,
SPDL,56,52,10,,
SPDL,57,52,90,,
SPDL,22,52,100,,
SPDL,14,52,110,,
SPDL,39,52,144,,
PPCL,57,34,20,,
HGI,5,42,230,,
SRBL,38,50,200,,
NLICL,22,45,50,,
NLICL,22,45,50,,
CFCL,4,5,150,,
AKJCL,58,41,27,,
AKJCL,21,41,10,,
AKJCL,16,41,50,,
AKJCL,42,41,500,,
AKJCL,3,41,50,,
AKJCL,49,41,213,,
MLBS,38,21,10,,
CGH,13,26,53,,
CGH,29,26,15,,
CGH,21,26,50,,
CGH,54,26,20,,
CGH,37,26,40,,
CGH,25,26,32,,
CGH,7,26,40,,
MLBBL,58,14,20,,
CBBL,58,51,18,,
CBBL,58,14,52,,
HIDCL,58,38,30,,
GBIME,32,32,10,,
GBIME,34,32,100,,
GBIME,38,32,100,,
GBIME,26,32,100,,
GBIME,42,32,100,,
GBIME,51,32,90,,
CIT,19,19,20,,
SMB,10,49,13,,
SMB,36,49,20,,
SMB,47,49,20,,
GBIME,49,45,11,,
KBL,38,34,136,,
KBL,29,34,100,,
KBL,10,34,39,,
NBL,38,57,50,,
NBL,38,13,50,,
ADBL,42,26,12,,
ADBL,51,26,50,,
ADBL,45,26,18,,
ULI,43,52,10,,
LBBL,5,4,100,,
GBIME,51,53,10,,
GBIME,19,53,100,,
GBIME,49,53,20,,
GBIME,58,53,20,,
NABIL,45,14,10,,
NABIL,38,14,20,,
NABIL,53,58,39,,
MBL,44,17,10,,
ICFC,22,57,30,,
JBLB,52,51,10,,
SAHAS,28,21,10,,
BARUN,35,59,150,,
NICL,58,19,10,,
NICL,58,34,184,,
SAHAS,28,22,10,,
NCCB,57,6,12,,
KSBBL,38,38,50,,
KSBBL,49,38,20,,
KSBBL,41,38,30,,
SRBL,19,45,10,,
GBBL,26,59,31,,
LBBL,17,42,427,,
LBBL,57,42,100,,
LBBL,28,42,500,,
LBBL,57,42,50,,
LBBL,35,42,53,,
LBBL,53,42,50,,
LBBL,20,42,20,,
NICLBSL,13,59,10,,
NLICL,41,32,20,,
NLICL,57,32,60,,
NLICL,16,32,10,,
NLICL,43,32,50,,
NLICL,35,32,10,,
CGH,45,52,110,,
NMB,44,59,100,,
KBL,58,51,42,,
KBL,58,45,48,,
KBL,58,55,10,,
AKJCL,49,41,287,,
AKJCL,7,41,50,,
STC,57,50,10,,
NHPC,52,50,12,,
NHPC,42,50,40,,
NHPC,4,50,50,,
NICA,34,41,22,,
UPPER,59,41,72,,
NICA,13,41,10,,
HDL,43,42,20,,
SFCL,35,49,25,,
ADBL,45,45,10,,
ICFC,22,45,10,,
HIDCL,34,58,144,,
HIDCL,36,58,41,,
BFC,35,36,30,,
BFC,44,36,10,,
BFC,19,36,20,,
BFC,55,36,110,,
BFC,54,36,15,,
BFC,19,36,74,,
BFC,28,36,138,,
BFC,33,36,100,,
PCBL,37,5,50,,
SADBL,25,26,10,,
LBBL,7,42,498,,
LBBL,34,42,200,,
LBBL,39,42,200,,
LBBL,45,42,200,,
LBBL,10,42,120,,
LBBL,38,42,500,,
LBBL,45,42,200,,
LBBL,49,42,82,,
SHPC,58,58,1000,,
SHPC,14,58,500,,
SHPC,45,58,500,,
SHPC,50,58,200,,
SHPC,28,58,50,,
SHPC,14,58,865,,
SHPC,44,58,100,,
SHPC,58,58,20,,
SHPC,49,58,20,,
NHPC,52,4,1480,,
NHPC,52,6,20,,
ULI,43,48,10,,
GFCL,6,5,300,,
SPDL,39,8,356,,
SPDL,55,8,100,,
SPDL,49,8,325,,
SPDL,32,8,100,,
SPDL,16,8,10,,
LBBL,49,17,50,,
MLBS,38,21,10,,
DDBL,34,17,20,,
DDBL,1,17,75,,
LBBL,49,42,50,,
UIC,46,33,500,,
GBIME,45,43,50,,
NBL,38,17,20,,
PMHPL,16,4,200,,
API,19,57,150,,
API,19,42,75,,
HIDCL,36,49,59,,
HIDCL,35,49,500,,
HIDCL,42,49,11,,
HIDCL,21,49,20,,
HIDCL,57,49,100,,
HIDCL,32,49,50,,
HIDCL,58,49,70,,
HIDCL,45,49,100,,
HIDCL,38,49,10,,
HIDCL,58,49,80,,
MNBBL,33,28,90,,
MNBBL,45,28,20,,
MNBBL,14,28,90,,
MNBBL,42,28,100,,
MNBBL,38,28,200,,
GBBL,8,59,250,,
GBBL,58,59,30,,
GBBL,19,59,50,,
GBBL,32,59,50,,
GBBL,11,59,500,,
GBBL,58,59,30,,
GBBL,1,59,50,,
GBBL,45,59,120,,
GBBL,49,59,79,,
GBBL,52,59,10,,
CBBL,6,14,30,,
NRIC,36,48,10,,
JBBL,1,58,10,,
SAHAS,28,51,10,,
MHNL,57,17,14,,
HPPL,43,48,210,,
AKPL,5,6,17,,
ALICL,29,29,50,,
AKPL,5,56,83,,
AKPL,56,56,37,,
AKPL,19,56,80,,
GBIME,58,43,180,,
GBIME,58,43,20,,
GBIME,45,43,50,,
GBIME,29,43,39,,
PPCL,34,29,17,,
HIDCL,5,5,50,,
AHPC,49,22,45,,
NRIC,58,8,10,,
ULI,25,58,10,,
ULI,25,8,10,,
NICLBSL,39,42,10,,
HIDCL,51,5,75,,
HIDCL,14,5,13,,
NUBL,42,59,11,,
BPCL,21,41,10,,
JBLB,5,48,10,,
NICL,58,34,10,,
NICL,49,34,286,,
JBBL,53,59,71,,
JBBL,45,59,50,,
JBBL,22,59,100,,
JBBL,33,59,79,,
NTC,59,34,10,,
NIFRA,16,5,50,,
SAHAS,28,46,10,,
NUBL,6,59,30,,
MMFDB,49,38,38,,
MMFDB,35,38,100,,
MMFDB,10,38,12,,
KSBBL,36,32,100,,
NBL,38,33,167,,
MNBBL,34,5,131,,
LBBL,59,45,500,,
HDL,38,55,10,,
HDL,48,55,50,,
MLBL,57,48,50,,
NBF3,4,39,2150,,
CGH,26,52,80,,
UPCL,1,28,31,,
UPCL,1,28,19,,
GFCL,19,38,500,,
NIL,39,45,10,,
PMHPL,16,19,500,,
API,19,16,50,,
API,19,4,10,,
SFCL,28,58,19,,
NRIC,51,50,50,,
SLBBL,4,38,20,,
HPPL,49,16,40,,
BPCL,21,8,50,,
BPCL,55,8,50,,
AHPC,49,45,50,,
SHINE,35,58,200,,
SKBBL,26,57,22,,
SKBBL,37,57,78,,
NBB,41,28,100,,
MEGA,34,57,51,,
MEGA,42,57,10,,
MEGA,45,57,100,,
MEGA,17,57,54,,
MEGA,38,57,160,,
MEGA,29,57,50,,
MEGA,17,57,100,,
MEGA,25,57,50,,
MEGA,21,57,50,,
API,33,4,40,,
API,33,28,10,,
SLI,10,39,10,,
RLI,58,59,10,,
CFCL,49,46,300,,
TRH,35,43,25,,
TRH,54,43,75,,
PCBL,51,5,25,,
HGI,5,32,25,,
HGI,41,32,50,,
HGI,6,32,50,,
ALBSL,7,43,20,,
SIL,39,49,10,,
NLIC,28,21,50,,
ILBS,28,45,40,,
ILBS,42,45,10,,
CBL,32,5,500,,
SHPC,57,45,50,,
IGI,57,17,10,,
CCBL,13,52,30,,
CCBL,57,52,50,,
CCBL,41,52,10,,
SLBBL,21,38,30,,
GRDBL,7,4,311,,
GRDBL,11,4,11,,
PMHPL,16,58,200,,
NHPC,26,16,80,,
SLI,10,39,10,,
SHEL,53,33,300,,
SHEL,53,33,200,,
SHEL,49,33,30,,
SHEL,44,33,40,,
MLBL,57,48,50,,
NLG,51,14,10,,
NBL,8,33,66,,
NBL,8,17,10,,
LBL,14,22,99,,
SHINE,29,55,100,,
PRVU,34,34,50,,
SLI,10,39,10,,
GLH,57,47,10,,
MLBL,54,48,151,,
SGI,47,14,20,,
HIDCL,5,21,100,,
PLI,1,38,10,,
GFCL,14,3,1500,,
JLI,25,49,10,,
TPC,13,34,40,,
UPPER,5,22,30,,
NBL,41,34,50,,
NBL,26,34,50,,
CBBL,58,28,24,,
CBBL,59,28,50,,
CBBL,25,28,76,,
CBBL,38,28,50,,
SEF,37,4,10000,,
SHINE,55,58,964,,
SHINE,55,5,36,,
MFIL,42,22,85,,
NMFBS,11,4,50,,
BOKL,38,17,130,,
JLI,34,47,10,,
DDBL,1,45,105,,
NRIC,6,29,55,,
SINDU,34,56,130,,
PRVU,41,34,100,,
CBBL,38,13,50,,
SAHAS,28,58,10,,
GBLBS,42,42,14,,
GFCL,14,38,500,,
CBBL,26,14,18,,
CBBL,26,44,27,,
SLI,10,39,10,,
SPDL,16,21,90,,
SPDL,57,21,10,,
SPDL,56,21,400,,
JBLB,5,18,10,,
TRH,54,33,100,,
API,35,26,16,,
ICFC,52,52,60,,
ICFC,52,52,100,,
ICFC,38,52,215,,
BFC,28,57,362,,
BFC,19,57,150,,
BFC,49,57,20,,
BFC,56,57,50,,
PCBL,34,5,75,,
NBL,17,34,95,,
NBL,58,34,100,,
NABIL,53,45,146,,
NABIL,34,45,10,,
MBL,51,48,100,,
JBLB,5,47,10,,
SLI,10,39,10,,
NABIL,54,34,10,,
PRVU,34,58,150,,
MLBL,14,25,340,,
SRBL,42,45,10,,
NRIC,6,47,10,,
GBIME,29,38,111,,
GBIME,59,38,300,,
GBIME,57,38,200,,
GBIME,42,38,50,,
GBIME,56,38,23,,
GBIME,14,38,100,,
GBIME,45,38,100,,
GBIME,20,38,66,,
GBIME,52,38,50,,
AKPL,19,34,20,,
AKPL,14,34,30,,
BARUN,57,59,100,,
MHNL,35,33,65,,
MHNL,35,3,200,,
MHNL,35,50,235,,
HIDCL,14,58,62,,
UPCL,58,28,50,,
PCBL,34,5,100,,
PCBL,48,5,99,,
PLI,1,59,10,,
SAHAS,28,16,102,,
SAHAS,28,16,100,,
SAHAS,58,16,10,,
SAHAS,26,16,50,,
SAHAS,20,16,50,,
SAHAS,20,16,10,,
SAHAS,45,16,10,,
SAHAS,20,16,10,,
NMB,58,59,148,,
CGH,54,52,10,,
CGH,16,52,90,,
SLI,10,39,10,,
ADBL,45,21,72,,
LBBL,49,42,100,,
API,35,43,137,,
GBBL,52,46,90,,
MLBL,41,25,400,,
MLBL,4,25,150,,
MLBL,16,25,310,,
MLBS,56,59,10,,
BOKL,38,43,80,,
SINDU,22,56,70,,
SHIVM,49,3,50,,
NABIL,53,1,115,,
CZBIL,48,20,340,,
CZBIL,52,20,10,,
CZBIL,13,20,650,,
SKBBL,37,57,22,,
SKBBL,36,57,20,,
SKBBL,45,57,50,,
SKBBL,14,57,100,,
SKBBL,21,57,10,,
SKBBL,39,57,18,,
SKBBL,11,57,25,,
SKBBL,39,57,55,,
JBBL,1,57,90,,
CGH,16,33,110,,
CGH,21,33,80,,
UPPER,57,32,100,,
MEN,32,35,10,,
DDBL,1,26,20,,
DDBL,48,26,100,,
DDBL,56,26,50,,
DDBL,21,26,50,,
DDBL,42,26,30,,
DDBL,54,26,100,,
IGI,58,17,10,,
AHPC,40,25,50,,
MLBL,16,42,190,,
MLBL,38,42,100,,
MLBL,38,42,10,,
ALBSL,14,43,350,,
NABIL,58,1,10,,
NHPC,26,56,420,,
GBIME,20,58,20,,
SAHAS,20,57,20,,
MLBL,49,48,40,,
LGIL,46,38,100,,
MEGA,34,13,250,,
MEGA,34,52,50,,
DDBL,54,45,100,,
SBCF,38,36,10000,,
SGI,17,48,10,,
CZBIL,34,28,100,,
CIT,19,37,17,,
CIT,19,21,10,,
AHPC,40,49,94,,
AHPC,13,49,200,,
GHL,32,36,100,,
NMB,17,13,200,,
UPPER,57,5,20,,
UPPER,45,5,60,,
UPCL,13,36,30,,
KBL,26,55,20,,
UPCL,58,32,50,,
UPCL,1,32,50,,
ICFC,38,25,50,,
ICFC,49,25,50,,
JLI,34,17,20,,
MLBL,38,48,200,,
MLBL,4,48,150,,
MLBL,45,48,300,,
MLBL,16,48,1000,,
MLBL,42,48,15,,
MLBL,50,48,500,,
MLBL,52,48,100,,
MLBL,58,48,166,,
MLBL,17,48,500,,
MLBL,38,48,200,,
NIFRA,54,38,50,,
TPC,13,10,10,,
UMHL,16,49,251,,
NUBL,38,59,53,,
AHPC,6,49,200,,
CGH,25,52,40,,
RLFL,35,38,290,,
NHDL,55,58,100,,
SICL,17,58,300,,
NIL,26,11,58,,
NIL,38,11,50,,
SFCL,35,59,93,,
SFCL,47,59,100,,
SFCL,26,59,205,,
SFCL,42,59,100,,
SFCL,50,59,25,,
MBL,51,48,327,,
MBL,51,56,173,,
NLIC,35,21,10,,
SAHAS,52,5,10,,
GLH,1,57,10,,
SAHAS,20,38,10,,
SAHAS,20,52,10,,
NBL,44,33,167,,
SAHAS,49,34,10,,
SGI,17,58,10,,
SRBL,38,34,200,,
SLICL,48,45,100,,
SLICL,52,45,10,,
GBBL,1,5,50,,
AHPC,48,58,10,,
NMB,6,56,30,,
NMB,14,56,20,,
NMB,5,56,20,,
NMB,55,56,10,,
SABSL,28,33,35,,
NMB,28,56,100,,
NMB,8,56,30,,
NMB,44,56,23,,
CGH,25,58,10,,
MLBL,59,38,500,,
SLI,10,39,10,,
RLI,58,48,10,,
AKJCL,40,41,150,,
GBIME,53,35,7,,
SPDL,56,5,100,,
SPDL,6,5,300,,
DHPL,36,45,30,,
NIFRA,54,59,50,,
UMHL,58,49,200,,
UMHL,59,49,500,,
UMHL,14,49,49,,
NIFRA,6,49,10,,
AKPL,52,14,10,,
MLBL,38,48,110,,
API,35,57,66,,
API,57,57,29,,
GBIME,1,50,200,,
GFCL,36,38,15,,
API,49,28,14,,
HGI,41,32,75,,
NMB,49,13,10,,
NGPL,29,25,10,,
NGPL,51,25,10,,
NGPL,38,25,10,,
PLI,1,48,10,,
GFCL,59,38,50,,
SBCF,38,3,100,,
SBCF,38,34,300,,
GFCL,11,38,35,,
PRVU,58,58,105,,
UMHL,14,49,451,,
UMHL,51,49,49,,
MDB,49,55,65,,
HDHPC,16,25,1147,,
HDHPC,41,25,10,,
HDHPC,7,25,10,,
HDHPC,5,25,200,,
HDHPC,7,25,50,,
HDHPC,58,25,20,,
SWBBL,50,34,57,,
SWBBL,50,57,15,,
GLH,38,54,10,,
GLH,38,54,10,,
GLH,38,54,10,,
UPCL,21,36,20,,
ADBL,58,45,20,,
DHPL,45,45,400,,
DHPL,45,45,100,,
DHPL,42,45,100,,
DHPL,52,45,50,,
DHPL,57,45,100,,
DHPL,48,45,20,,
DHPL,52,45,100,,
DHPL,32,45,50,,
AHPC,34,49,500,,
NIFRA,54,58,50,,
NIFRA,41,58,10,,
GMFIL,53,32,200,,
NBB,41,1,200,,
MNBBL,34,45,69,,
DHPL,57,29,91,,
DHPL,58,29,25,,
DHPL,50,29,30,,
DHPL,7,29,10,,
DHPL,57,29,10,,
DHPL,21,29,50,,
DHPL,52,29,14,,
DHPL,36,29,20,,
NRIC,6,48,10,,
JBBL,48,6,170,,
KBL,13,55,50,,
KBL,7,55,120,,
UMHL,51,49,151,,
UMHL,54,49,500,,
UMHL,21,49,50,,
UMHL,28,49,200,,
UMHL,21,49,35,,
UMHL,36,49,64,,
CIT,46,33,44,,
CIT,53,33,10,,
CIT,22,33,10,,
CIT,59,33,10,,
CIT,21,33,16,,
CIT,32,33,10,,
NIFRA,11,52,15,,
JFL,32,29,100,,
ULI,43,20,10,,
SLI,10,42,10,,
AKPL,36,14,200,,
AKPL,17,14,500,,
AKPL,29,14,100,,
AKPL,42,14,130,,
AKPL,21,14,30,,
AKPL,58,14,100,,
AKPL,32,14,50,,
AKPL,53,14,50,,
AKPL,19,14,100,,
AKPL,36,14,200,,
AKPL,45,14,500,,
AKPL,38,14,50,,
AKPL,38,25,50,,
SHIVM,35,3,10,,
MLBL,38,38,100,,
MLBL,38,38,90,,
NIFRA,19,6,95,,
ILBS,28,49,13,,
NICLBSL,42,10,20,,
KMCDB,59,7,10,,
NABIL,22,34,10,,
AKJCL,25,41,23,,
AHPC,52,58,100,,
MKJC,4,46,10,,
AKJCL,40,41,150,,
MLBL,56,38,100,,
SKBBL,39,57,45,,
SKBBL,47,57,25,,
SKBBL,29,57,20,,
SKBBL,34,57,100,,
SKBBL,45,57,10,,
SKBBL,22,57,100,,
TPC,13,34,10,,
SAHAS,6,1,10,,
NLIC,56,26,50,,
AKJCL,35,41,200,,
JLI,34,57,10,,
AKPL,52,25,10,,
HIDCL,29,21,479,,
HIDCL,29,34,21,,
GLICL,37,50,500,,
NMBMF,33,56,18,,
NIFRA,54,48,50,,
PFL,49,57,30,,
PFL,45,57,100,,
UPCL,58,28,170,,
UPCL,58,22,30,,
NLIC,19,26,150,,
SFCL,4,59,800,,
SFCL,56,59,250,,
SFCL,38,59,50,,
SFCL,58,59,275,,
SFCL,54,59,300,,
RLI,58,20,10,,
UPCL,57,22,10,,
UPCL,38,22,10,,
GBLBS,35,59,35,,
NHDL,56,53,450,,
NHDL,49,53,50,,
SAHAS,47,7,10,,
SHL,51,1,100,,
GBIME,58,50,28,,
PIC,58,49,47,,
PIC,32,49,10,,
PIC,57,49,10,,
PIC,41,49,20,,
PIC,32,49,150,,
NHPC,46,56,50,,
MEGA,4,58,125,,
NIFRA,54,45,50,,
SHPC,37,55,15,,
MLBS,45,20,10,,
NLIC,50,26,19,,
LBBL,25,4,10,,
NIFRA,25,46,25,,
NRIC,6,25,25,,
LEC,43,14,420,,
LEC,13,14,80,,
NRIC,41,5,10,,
HIDCL,16,34,10,,
SLI,10,39,10,,
HIDCL,58,34,50,,
HIDCL,58,34,19,,
PLI,1,20,10,,
JBBL,48,14,20,,
SAHAS,6,46,10,,
NICLBSL,41,48,10,,
SIFC,41,19,25,,
NIFRA,10,46,20,,
LBL,50,22,100,,
MDB,58,55,30,,
NRIC,53,5,110,,
CZBIL,57,49,50,,
NTC,3,38,40,,
NTC,3,49,40,,
NTC,3,48,10,,
NTC,3,33,58,,
NBB,1,22,38,,
MLBL,59,38,150,,
NRN,25,59,10,,
SHINE,22,5,14,,
NRN,25,20,10,,
BOKL,51,45,800,,
NLIC,42,26,20,,
GBIME,38,50,20,,
SLI,10,39,10,,
NIFRA,19,47,15,,
NIFRA,42,47,100,,
NIFRA,38,47,10,,
NIFRA,14,47,50,,
NIFRA,57,47,100,,
NIFRA,14,47,50,,
NIFRA,58,47,30,,
NIFRA,34,47,30,,
UPPER,32,22,15,,
UPPER,45,50,140,,
UPPER,52,50,10,,
MLBL,38,38,100,,
SANIMA,16,26,500,,
SANIMA,40,26,100,,
AKJCL,32,41,140,,
AKJCL,32,21,10,,
MERO,37,42,50,,
MERO,37,5,23,,
PIC,45,49,90,,
PIC,14,49,58,,
JBBL,48,41,10,,
HIDCL,58,34,15,,
MLBSL,45,14,10,,
BNT,17,22,10,,
GFCL,59,14,10,,
NIFRA,34,20,50,,
SHEL,44,49,10,,
SLI,10,39,10,,
SIFC,41,25,103,,
AKPL,8,25,10,,
SAHAS,14,10,10,,
MLBS,38,49,10,,
PCBL,48,45,65,,
UMHL,36,32,50,,
UMHL,17,32,100,,
SBL,32,8,535,,
CBBL,59,44,50,,
MNBBL,14,17,50,,
SRBL,38,38,922,,
SRBL,42,38,70,,
SRBL,10,38,300,,
SRBL,6,38,28,,
NUBL,38,59,55,,
NUBL,41,59,50,,
MKJC,28,38,10,,
MKJC,28,57,10,,
TPC,13,43,10,,
PRVU,58,49,510,,
DDBL,19,26,25,,
DDBL,41,26,10,,
SLI,42,39,10,,
NICLBSL,41,20,10,,
FMDBL,34,55,130,,
FMDBL,42,55,20,,
CIT,32,33,10,,
CIT,4,33,50,,
CIT,46,33,30,,
CIT,20,33,10,,
EIC,43,54,10,,
BARUN,38,57,10,,
HPPL,43,25,100,,
SCB,13,7,11,,
SCB,52,7,10,,
GBIME,45,50,100,,
EBL,6,5,215,,
EBL,43,5,25,,
EBL,19,5,20,,
EBL,38,5,130,,
EBL,56,5,10,,
EBL,58,5,50,,
EBL,29,5,50,,
NABBC,52,22,20,,
UMHL,41,4,60,,
UMHL,49,4,200,,
UMHL,35,4,100,,
UMHL,50,4,50,,
UMHL,17,4,200,,
UMHL,57,4,414,,
UMHL,1,4,20,,
UMHL,14,4,700,,
UMHL,50,4,200,,
UMHL,34,4,200,,
UMHL,11,4,48,,
UMHL,29,4,300,,
SAHAS,14,52,10,,
AHPC,44,58,100,,
AHPC,41,58,500,,
AHPC,44,58,100,,
AHPC,49,58,100,,
AHPC,41,58,50,,
AHPC,54,58,1000,,
AHPC,26,58,60,,
PICL,34,14,500,,
NGPL,29,32,30,,
NGPL,29,32,50,,
NGPL,50,32,100,,
NGPL,55,32,20,,
MDB,22,55,50,,
SLI,42,39,10,,
LEC,13,20,10,,
NRIC,56,25,10,,
NLIC,58,26,40,,
NLIC,57,26,14,,
NLIC,29,26,30,,
NLIC,34,26,10,,
NLIC,51,26,50,,
NLIC,49,26,40,,
NLIC,52,26,250,,
NLIC,50,26,50,,
NLIC,29,26,10,,
NLIC,26,26,50,,
NLIC,54,26,20,,
NLIC,38,26,30,,
NLIC,51,26,100,,
NLIC,4,26,20,,
NLIC,21,26,10,,
NLIC,19,26,135,,
NLIC,16,26,100,,
NLIC,20,26,50,,
NLIC,53,26,130,,
NLIC,58,26,10,,
NLIC,47,26,66,,
NLIC,58,26,20,,
NLIC,58,26,20,,
NLIC,51,26,50,,
NLIC,58,26,10,,
NLIC,45,26,25,,
NLIC,6,26,40,,
NLIC,57,26,50,,
NLIC,38,26,100,,
NLIC,57,26,100,,
NLIC,54,26,20,,
NLIC,43,26,10,,
NLIC,35,26,10,,
NLIC,36,26,250,,
NLIC,58,26,20,,
NLIC,55,26,30,,
NLIC,6,26,50,,
NLIC,57,26,20,,
NLIC,45,26,60,,
NLIC,59,26,366,,
NLIC,46,26,50,,
NLIC,7,26,300,,
NLIC,11,26,40,,
NLIC,14,26,100,,
NLIC,33,26,10,,
NLIC,47,26,50,,
NLIC,45,26,15,,
NLIC,7,26,116,,
NLIC,21,26,30,,
NLIC,40,26,38,,
NLIC,49,26,20,,
NLIC,20,26,62,,
RMF1,58,45,900,,
BPCL,8,35,10,,
MFIL,56,10,310,,
NIFRA,34,48,20,,
MDB,38,26,10,,
NRIC,33,49,50,,
SADBL,22,32,13,,
GFCL,59,37,50,,
CBBL,25,34,24,,
CBBL,21,34,10,,
CBBL,42,34,80,,
NABBC,58,22,40,,
HIDCL,58,48,67,,
HIDCL,45,48,500,,
HIDCL,45,48,150,,
HIDCL,58,48,383,,
MEGA,21,14,50,,
AIL,44,20,10,,
GFCL,45,37,250,,
GFCL,45,37,100,,
GFCL,45,41,50,,
BOKL,17,45,200,,
SAHAS,45,36,10,,
MLBL,56,38,60,,
MLBL,56,38,30,,
MLBL,56,38,10,,
SLI,42,39,10,,
NTC,10,33,100,,
NTC,28,33,325,,
NTC,28,33,30,,
NTC,13,33,300,,
NTC,28,33,187,,
NHPC,4,58,100,,
IGI,22,58,95,,
PFL,32,57,97,,
UMRH,25,7,10,,
ALICL,35,29,160,,
ULI,6,39,10,,
SADBL,3,16,309,,
SADBL,32,16,381,,
KSBBL,41,49,10,,
UPCL,38,7,40,,
UPCL,22,7,50,,
UPCL,22,7,10,,
NABIL,17,14,100,,
NABIL,49,14,80,,
SAHAS,55,34,100,,
NGPL,53,28,48,,
HIDCL,49,21,25,,
AHPC,26,36,100,,
NLIC,17,35,68,,
MFIL,57,10,100,,
MFIL,43,10,10,,
MFIL,45,10,80,,
PRVU,58,40,25,,
NLIC,38,35,10,,
MBL,45,56,27,,
ICFC,58,33,50,,
LBL,11,38,15,,
ULI,43,35,10,,
NIFRA,54,20,20,,
SLI,6,6,10,,
CHDC,32,45,10,,
CHDC,32,54,10,,
CBBL,59,44,73,,
CBBL,59,26,27,,
BFC,44,38,100,,
NLIC,20,29,83,,
NLIC,54,29,20,,
NLIC,11,29,21,,
NLIC,11,29,21,,
MNBBL,48,43,100,,
NICLBSL,41,7,10,,
CCBL,42,58,10,,
SLI,42,39,10,,
NRIC,45,49,300,,
NRIC,49,49,50,,
API,57,25,11,,
API,28,25,100,,
API,44,25,167,,
API,45,25,30,,
MEGA,4,38,267,,
MEGA,1,38,733,,
SDLBSL,37,20,11,,
SKBBL,17,42,100,,
SKBBL,29,42,50,,
SKBBL,26,42,100,,
SKBBL,41,42,20,,
SKBBL,25,42,10,,
SKBBL,58,42,20,,
NMFBS,7,33,12,,
HPPL,49,52,10,,
SBL,32,38,15,,
AKPL,50,14,10,,
MERO,41,5,18,,
PRVU,26,40,50,,
RADHI,41,48,10,,
NGPL,3,38,100,,
MLBSL,53,41,10,,
CBBL,22,26,50,,
ULI,43,41,10,,
JLI,6,28,10,,
KSBBL,41,55,100,,
JBBL,33,35,200,,
SBL,32,38,360,,
SBL,39,38,140,,
NGPL,26,38,50,,
NGPL,51,38,14,,
NGPL,54,38,50,,
KBL,1,45,70,,
SADBL,32,32,119,,
SADBL,50,32,100,,
SADBL,17,32,20,,
SADBL,42,32,400,,
SADBL,58,32,100,,
SADBL,42,32,125,,
SADBL,42,32,100,,
SADBL,34,32,36,,
GBIME,49,50,31,,
LBBL,54,4,100,,
PCBL,17,45,100,,
PCBL,44,38,11,,
SADBL,34,36,64,,
SADBL,58,36,86,,
GRDBL,55,4,200,,
MLBSL,1,14,10,,
RLI,58,20,10,,
MFIL,45,41,20,,
AKJCL,34,33,283,,
MLBL,42,38,40,,
SIFC,4,51,65,,
SIFC,7,51,35,,
NRIC,32,43,40,,
GBIME,20,34,14,,
GBIME,20,33,900,,
SAHAS,3,39,10,,
SLI,34,38,10,,
KSBBL,14,49,50,,
SAHAS,47,53,10,,
HIDCL,58,7,123,,
JLI,34,5,10,,
JFL,6,21,10,,
API,6,28,20,,
PLI,1,20,10,,
JBBL,33,14,30,,
EBL,44,45,310,,
EBL,44,38,179,,
GBIME,7,33,100,,
JBBL,22,6,10,,
MLBL,57,38,50,,
LBBL,19,4,90,,
RLI,21,6,10,,
DDBL,54,34,50,,
DDBL,43,34,10,,
DDBL,28,34,25,,
CHCL,13,49,25,,
CHCL,41,49,25,,
AHPC,26,14,40,,
AHPC,42,14,250,,
AHPC,8,14,10,,
NHPC,4,57,50,,
MLBSL,53,35,10,,
AHPC,8,41,190,,
GBIME,53,11,93,,
GFCL,59,41,150,,
API,6,28,1000,,
HIDCL,48,13,1,,
HIDCL,48,45,60,,
NIFRA,25,20,30,,
SAHAS,3,39,10,,
SAHAS,3,49,10,,
GMFIL,43,43,100,,
KBL,21,45,15,,
GBIME,42,11,200,,
API,22,28,19,,
PLIC,28,50,10,,
NHPC,46,58,100,,
NHPC,4,58,90,,
MLBL,50,57,300,,
MLBL,50,54,50,,
PCBL,14,45,30,,
MDB,51,26,100,,
JBLB,5,35,10,,
NICLBSL,41,20,10,,
FMDBL,42,14,80,,
MERO,41,5,10,,
MERO,22,5,149,,
SAHAS,3,58,10,,
NIFRA,54,1,50,,
AIL,44,7,10,,
FOWAD,48,58,10,,
NIFRA,52,6,20,,
SCB,29,45,15,,
JBLB,5,4,10,,
NHPC,59,56,30,,
TPC,13,55,10,,
SLI,58,8,10,,
SBL,39,38,210,,
SBL,28,38,100,,
SBL,49,38,100,,
SBL,17,38,100,,
SBL,19,38,10,,
SBL,49,38,10,,
SBL,58,38,50,,
SBL,26,38,120,,
SHPC,51,58,200,,
SHPC,51,58,80,,
SHPC,57,58,100,,
SHPC,25,58,10,,
LEC,13,20,10,,
UIC,39,33,100,,
SLI,32,6,10,,
SLI,32,53,10,,
SLI,32,58,10,,
NUBL,48,58,24,,
NUBL,39,58,12,,
NUBL,57,58,10,,
NUBL,32,58,50,,
NUBL,36,58,71,,
NUBL,56,58,50,,
NUBL,6,58,20,,
NUBL,34,58,19,,
NUBL,58,58,20,,
NUBL,35,58,29,,
NUBL,25,58,50,,
GBIME,42,11,45,,
GBIME,59,11,10,,
GBIME,42,11,200,,
GBIME,45,11,300,,
GBIME,25,11,500,,
GBIME,1,11,52,,
AHPC,50,41,10,,
MLBS,34,38,10,,
MLBS,34,7,10,,
GBIME,11,50,72,,
GBIME,11,22,128,,
AKPL,46,14,29,,
AKPL,34,14,102,,
AKPL,19,14,25,,
NLG,40,59,100,,
SBL,26,58,80,,
NLG,32,59,79,,
AKPL,19,57,100,,
JLI,56,20,10,,
SHIVM,45,3,50,,
NRIC,55,43,100,,
SGI,17,1,10,,
GBIME,34,22,72,,
GBIME,34,54,28,,
SAHAS,3,39,10,,
NMB,29,13,20,,
SHIVM,49,3,100,,
SHIVM,42,3,25,,
SLI,58,21,10,,
KSBBL,41,33,10,,
AHPC,44,41,300,,
SAHAS,3,46,10,,
NIBSF1,50,54,2000,,
LBBL,25,4,10,,
LBBL,55,4,100,,
AKJCL,16,33,50,,
SFCL,35,49,20,,
AHPC,10,58,40,,
GLH,1,20,10,,
MDB,29,26,50,,
MDB,59,26,50,,
NBL,34,33,30,,
GBIME,43,54,78,,
GBIME,43,26,50,,
GBIME,43,17,172,,
ADBL,21,44,25,,
EBL,21,38,50,,
EBL,21,45,100,,
NLIC,40,56,62,,
LBBL,55,14,100,,
LBBL,57,14,100,,
LBBL,38,14,100,,
GLICL,42,8,50,,
ICFC,38,52,150,,
ICFC,38,56,85,,
SAHAS,3,39,10,,
AIL,28,20,10,,
UPCL,56,28,161,,
API,16,28,209,,
API,45,28,200,,
API,36,28,128,,
NGPL,54,5,120,,
NGPL,51,5,80,,
NICA,34,52,16,,
HDL,36,56,25,,
JBBL,33,28,50,,
AKPL,19,34,100,,
CFCL,34,46,200,,
GBBL,57,58,50,,
LBL,11,17,20,,
EBL,56,6,4,,
PCBL,34,45,50,,
BOKL,10,45,100,,
SAHAS,3,56,10,,
SLI,45,1,10,,
CBBL,22,26,25,,
KSBBL,41,43,50,,
NIFRA,10,6,25,,
SANIMA,58,45,30,,
EBL,58,45,50,,
PLI,1,38,10,,
SLI,42,11,10,,
MLBL,54,57,100,,
NHPC,4,38,50,,
MFIL,56,22,100,,
SLI,4,45,10,,
MLBSL,53,22,20,,
RURU,16,4,648,,
CBL,22,22,50,,
AKPL,19,6,25,,
GBIME,25,17,30,,
NLG,32,14,71,,
NLG,35,14,10,,
NLG,43,14,39,,
SHIVM,35,17,12,,
SAHAS,3,58,10,,
SAHAS,3,18,10,,
CHDC,34,58,50,,
CHDC,7,58,100,,
CHDC,45,58,40,,
HDL,57,56,10,,
SAHAS,6,6,10,,
KBL,4,45,67,,
KBL,4,44,333,,
ADBL,58,44,48,,
DDBL,56,26,15,,
SHINE,26,58,1953,,
SHINE,16,58,300,,
SHINE,52,58,270,,
SHINE,57,58,20,,
SHINE,47,58,50,,
SHINE,49,58,10,,
SHINE,33,58,70,,
SHINE,38,58,250,,
SHINE,1,58,50,,
SHINE,26,58,27,,
JBLB,59,7,10,,
NIL,52,45,10,,
SBL,17,58,20,,
JLI,56,11,10,,
NRIC,47,44,40,,
ULI,43,20,10,,
NBB,21,49,50,,
NBB,21,22,150,,
CBBL,21,26,40,,
UPCL,56,20,89,,
CBBL,20,34,69,,
CBBL,43,34,25,,
CBBL,19,34,40,,
AHPC,45,58,500,,
SFCL,26,46,440,,
SFCL,26,57,10,,
EIC,16,25,50,,
SWBBL,34,35,12,,
KBL,7,17,20,,
JBLB,59,41,10,,
UMHL,11,44,52,,
GLICL,42,8,40,,
DDBL,56,41,10,,
RADHI,49,48,50,,
AKJCL,21,33,667,,
AKJCL,21,16,333,,
SGI,17,20,10,,
SAHAS,6,21,10,,
GBIME,8,33,1000,,
SAHAS,6,58,10,,
IGI,52,39,20,,
PCBL,22,45,55,,
SAHAS,20,38,10,,
UPPER,25,45,100,,
UPPER,25,39,426,,
NRIC,53,21,40,,
NLIC,38,35,20,,
LBBL,49,6,200,,
LBBL,55,6,100,,
PFL,32,53,100,,
NIFRA,49,6,10,,
KPCL,32,16,100,,
KPCL,32,5,200,,
SHEL,6,34,10,,
SHEL,6,29,10,,
SHEL,6,51,10,,
SHEL,6,38,50,,
GBIME,43,47,45,,
NGPL,54,59,30,,
NGPL,57,59,20,,
NBL,43,33,50,,
GFCL,11,3,65,,
GFCL,26,3,1000,,
GFCL,38,3,25,,
GFCL,13,3,200,,
GFCL,32,3,50,,
GFCL,21,3,160,,
PLI,1,38,10,,
KSBBL,45,19,40,,
BOKL,26,45,50,,
KMCDB,11,53,39,,
SLI,32,21,10,,
CIT,32,1,30,,
CIT,36,1,15,,
CIT,42,1,20,,
CIT,1,1,150,,
CIT,1,1,50,,
CIT,1,1,150,,
CIT,10,1,15,,
CIT,48,1,10,,
CIT,16,1,50,,
CIT,41,1,100,,
CIT,41,1,100,,
CIT,41,1,100,,
CIT,6,1,50,,
CIT,29,1,10,,
CIT,59,1,10,,
CIT,8,1,29,,
CIT,58,1,30,,
CIT,47,1,50,,
CIT,29,1,10,,
CIT,45,1,50,,
CIT,19,1,11,,
CIT,50,1,20,,
SLI,32,45,10,,
SLI,32,4,10,,
RLI,58,20,10,,
MEGA,1,57,2093,,
AKPL,17,57,200,,
AKJCL,32,16,24,,
SHEL,47,21,10,,
MLBS,38,55,10,,
HIDCL,48,48,25,,
HIDCL,35,48,797,,
MLBSL,58,45,59,,
SRBL,6,32,22,,
ULI,39,26,70,,
ULI,39,54,10,,
ULI,39,45,10,,
ULI,39,54,10,,
ULI,39,14,10,,
JLI,56,58,10,,
NMFBS,43,33,100,,
AKJCL,34,16,250,,
SABSL,58,33,10,,
KKHC,22,42,200,,
NICLBSL,41,10,10,,
KKHC,50,42,10,,
KKHC,50,42,10,,
KKHC,50,42,10,,
KKHC,50,42,10,,
NIBSF1,50,43,5000,,
SGI,17,21,10,,
NRN,53,20,10,,
KBL,28,44,600,,
KBL,28,47,400,,
CBBL,14,56,10,,
SSHL,46,17,50,,
MNBBL,14,17,10,,
SSHL,58,17,50,,
HGI,41,41,25,,
HGI,5,41,25,,
HIDCL,35,29,25,,
FOWAD,8,38,10,,
LBBL,39,4,114,,
API,22,42,10,,
MLBS,38,58,10,,
HIDCL,35,1,50,,
AKJCL,48,16,200,,
JLI,56,58,10,,
PLI,1,21,10,,
NIBSF1,50,45,5000,,
SFCL,26,34,40,,
SFCL,26,25,10,,
MPFL,42,25,450,,
NLG,43,14,11,,
HIDCL,42,11,45,,
NIFRA,42,20,22,,
NIFRA,43,20,28,,
PCBL,7,38,70,,
NBL,32,33,500,,
KSBBL,45,33,15,,
NIBSF1,50,36,5000,,
DDBL,58,26,20,,
DDBL,14,26,20,,
KMCDB,33,53,11,,
SFCL,22,25,150,,
NICLBSL,41,20,10,,
AKPL,39,57,71,,
AKPL,39,51,107,,
AKPL,39,41,122,,
NIFRA,43,21,50,,
NIFRA,43,1,50,,
TPC,13,45,10,,
ULI,51,57,10,,
NIBSF1,50,44,2500,,
CIT,45,56,30,,
AKJCL,34,16,1000,,
NGPL,38,57,50,,
NGPL,57,57,100,,
NGPL,38,57,10,,
UPPER,57,39,74,,
UPPER,57,33,18,,
NICLBSL,41,33,15,,
NICLBSL,45,33,10,,
LBL,11,25,23,,
KKHC,16,5,50,,
MEN,32,20,10,,
AKPL,47,41,10,,
AHPC,45,58,20,,
MHNL,55,50,50,,
NIFRA,43,5,50,,
NIFRA,43,48,10,,
NIFRA,58,48,20,,
NIFRA,17,48,20,,
AHPC,45,49,480,,
PRVU,17,45,270,,
NICLBSL,45,21,20,,
SAHAS,20,38,10,,
ULI,51,58,10,,
ILBS,28,44,71,,
ILBS,58,44,10,,
ILBS,45,44,100,,
JLI,56,36,10,,
SADBL,58,16,114,,
AKJCL,58,16,600,,
SADBL,35,16,1000,,
SADBL,34,16,86,,
SLI,32,41,10,,
NIFRA,58,6,50,,
GLH,1,21,10,,
JFL,14,10,500,,
NHPC,4,38,60,,
CHDC,45,4,10,,
LEC,13,20,10,,
MDB,53,26,50,,
CBBL,28,56,10,,
CBBL,32,56,15,,
CBBL,35,56,11,,
NABIL,49,49,100,,
SAHAS,20,45,10,,
AIL,28,21,10,,
GIC,29,4,10,,
ULI,51,34,10,,
LBBL,39,46,86,,
NBB,57,22,50,,
NRN,53,4,386,,
NRN,5,4,460,,
NRN,41,4,290,,
NRN,52,4,10,,
JBLB,14,6,10,,
GIC,29,20,10,,
GBIME,34,47,55,,
JBLB,36,28,10,,
NBL,51,33,20,,
SADBL,35,32,200,,
SWBBL,34,48,10,,
ACLBSL,39,39,10,,
NIFRA,17,57,40,,
NABIL,49,51,20,,
API,36,20,270,,
MLBS,19,14,10,,
SLI,32,58,10,,
SLI,32,29,10,,
SLI,32,58,10,,
SLI,32,49,10,,
SLI,32,7,10,,
SLI,32,50,10,,
PRVU,7,58,13,,
PRVU,14,58,100,,
PRVU,6,58,54,,
PRVU,58,58,25,,
ULI,51,25,10,,
MBL,45,36,113,,
GIC,29,43,30,,
GIC,22,43,20,,
AKPL,38,58,10,,
RURU,16,48,75,,
RURU,40,48,25,,
SLI,21,50,10,,
PFL,32,5,103,,
PLI,1,38,10,,
PIC,58,33,25,,
NABIL,40,45,10,,
NABIL,40,49,90,,
UMHL,51,44,14,,
UMHL,50,44,124,,
IGI,22,51,25,,
ULI,58,28,10,,
SAHAS,20,21,10,,
NABIL,45,49,100,,
NICLBSL,45,1,10,,
ALBSL,25,43,10,,
NICLBSL,45,57,20,,
UPPER,59,33,200,,
GBIME,1,28,48,,
GBIME,44,28,50,,
GBIME,34,28,90,,
GBIME,17,28,10,,
GBIME,47,28,407,,
GBIME,56,28,300,,
GBIME,58,28,100,,
NGPL,58,25,30,,
NABIL,50,49,50,,
AHPC,52,49,10,,
ALICL,47,29,50,,
NLIC,16,42,20,,
NLIC,45,42,30,,
NLIC,43,42,10,,
NLIC,16,42,10,,
NLIC,58,42,20,,
NLIC,43,42,10,,
KMCDB,33,25,269,,
SAHAS,25,56,10,,
SAHAS,25,58,10,,
PLI,55,21,10,,
SAHAS,25,28,10,,
LUK,43,38,100,,
API,36,57,290,,
API,52,57,10,,
SAHAS,25,39,10,,
TRH,54,43,25,,
HPPL,43,52,90,,
HPPL,43,45,10,,
SLI,21,1,10,,
RADHI,49,48,50,,
SHPC,25,49,30,,
NRIC,49,21,40,,
SBI,33,17,460,,
SBI,32,17,10,,
SAHAS,25,34,10,,
NRN,52,56,10,,
FOWAD,8,3,31,,
FOWAD,8,41,50,,
CHCL,42,26,100,,
CHCL,57,26,200,,
CHCL,16,26,200,,
CHCL,45,26,10,,
CHCL,39,26,30,,
CHCL,43,26,65,,
CHCL,35,26,10,,
JLI,58,48,10,,
GLH,58,57,10,,
NTC,10,50,20,,
NTC,10,1,20,,
NTC,10,29,40,,
RHPL,45,48,40,,
RHPL,52,48,10,,
NABIL,58,6,55,,
HIDCL,48,11,10,,
NICA,44,52,55,,
BPCL,45,29,170,,
BPCL,45,49,30,,
SIC,39,21,10,,
MLBS,19,49,10,,
NIFRA,17,21,60,,
ULI,58,57,10,,
CBL,28,22,20,,
GBLBS,48,58,100,,
NABIL,45,49,20,,
ALBSL,41,43,50,,
PLI,55,38,10,,
SAHAS,25,6,10,,
NABIL,35,58,227,,
NABIL,51,58,10,,
NABIL,35,58,262,,
NABIL,56,58,10,,
NABIL,55,58,10,,
NABIL,44,58,10,,
NABIL,13,58,500,,
NABIL,49,58,160,,
NABIL,42,58,250,,
NABIL,35,58,262,,
NABIL,17,58,20,,
NICLBSL,45,21,10,,
HDHPC,45,25,150,,
HDHPC,58,38,25,,
KSBBL,45,48,150,,
CFCL,36,45,320,,
SLBBL,45,17,110,,
LGIL,10,38,157,,
JLI,58,21,10,,
MKJC,34,1,10,,
NLG,28,49,100,,
NLIC,7,49,84,,
HIDCL,48,48,114,,
CHL,1,55,100,,
HIDCL,7,48,10,,
HIDCL,26,48,880,,
HIDCL,48,48,180,,
HIDCL,38,48,55,,
HIDCL,49,48,10,,
HIDCL,35,48,451,,
LBBL,25,46,20,,
NBL,17,56,55,,
RADHI,32,5,200,,
SADBL,35,58,12,,
GIC,22,21,10,,
CBBL,58,26,10,,
DHPL,36,21,1000,,
DHPL,17,21,250,,
API,36,25,312,,
API,49,25,188,,
FOWAD,8,14,20,,
NUBL,42,49,10,,
NUBL,42,47,40,,
AKPL,7,41,70,,
CGH,25,21,10,,
GBIME,21,17,150,,
ULI,58,57,10,,
KSBBL,45,59,30,,
JBLB,22,41,10,,
HDL,45,49,30,,
MLBSL,58,45,20,,
NABIL,35,58,200,,
RLFL,49,49,10,,
RLFL,42,49,10,,
NICL,49,52,71,,
NICL,43,52,15,,
PLIC,39,50,10,,
NRIC,21,44,10,,
SICL,46,58,10,,
SJCL,16,33,300,,
SJCL,41,33,50,,
SJCL,16,33,445,,
MLBL,34,57,300,,
AIL,28,21,10,,
NUBL,36,45,50,,
MNBBL,42,22,11,,
MNBBL,57,22,14,,
MNBBL,48,22,50,,
SFCL,26,25,500,,
SAHAS,25,45,10,,
NTC,28,57,10,,
LEC,14,17,470,,
LBBL,48,54,20,,
SLI,34,58,10,,
SADBL,34,58,118,,
GBIME,57,17,30,,
API,49,48,52,,
API,35,48,48,,
NHPC,45,45,100,,
GBBL,14,51,250,,
GBIME,34,17,641,,
CCBL,58,42,4,,
IGI,22,17,10,,
NIFRA,17,57,40,,
SSHL,46,45,20,,
SDBD87,29,32,25,,
NBL,11,56,25,,
API,35,4,52,,
UPPER,53,33,82,,
NABIL,55,58,10,,
NABIL,58,58,20,,
NABIL,45,58,10,,
NABIL,35,58,262,,
NABIL,42,58,132,,
NABIL,47,58,50,,
NABIL,6,58,200,,
NABIL,41,58,15,,
NABIL,37,58,100,,
NABIL,37,58,100,,
NABIL,21,58,16,,
NABIL,58,58,10,,
NABIL,45,58,454,,
NABIL,45,58,70,,
SANIMA,57,45,50,,
AHPC,58,49,55,,
NHDL,21,58,10,,
NMFBS,58,33,10,,
NABIL,17,6,65,,
HIDCL,45,29,10,,
NICLBSL,45,57,10,,
GBIME,47,38,723,,
PLI,55,38,10,,
ULI,58,21,10,,
NICL,39,34,20,,
NHPC,34,4,100,,
NABIL,45,58,76,,
NABIL,25,58,50,,
NABIL,35,58,90,,
ADBL,25,44,20,,
ADBL,59,44,70,,
HDL,45,51,20,,
MLBSL,1,44,10,,
GFCL,43,41,20,,
JFL,14,10,250,,
SGI,17,21,10,,
UPPER,53,49,50,,
NABIL,35,17,10,,
GLH,57,57,10,,
NRIC,38,49,65,,
HIDCL,35,4,49,,
HIDCL,42,4,151,,
GBBL,57,51,35,,
GBBL,42,51,188,,
SADBL,53,58,60,,
SADBL,22,58,10,,
BOKL,6,45,10,,
SAHAS,25,21,10,,
GBIME,1,17,127,,
GBIME,1,22,40,,
GBIME,1,45,333,,
CHCL,49,37,529,,
NICA,56,52,129,,
NICA,56,45,23,,
NICA,56,45,48,,
NLICL,16,8,200,,
NHPC,7,4,80,,
CHCL,13,10,35,,
GMFIL,53,37,300,,
GMFIL,53,5,10,,
MLBL,28,57,100,,
JLI,58,49,10,,
SAHAS,25,4,10,,
HIDCL,13,29,15,,
HIDCL,13,41,985,,
GFCL,38,41,65,,
NHPC,1,4,100,,
ULI,58,59,10,,
PIC,28,34,190,,
NICA,34,25,52,,
RLI,58,49,10,,
JBBL,16,48,200,,
MKLB,38,57,10,,
SPDL,43,52,50,,
SPDL,49,52,10,,
SPDL,29,52,25,,
SPDL,44,52,363,,
NRIC,38,21,10,,
NRIC,49,21,20,,
NRIC,34,21,10,,
SFCL,7,25,20,,
UPPER,53,39,368,,
KBL,7,13,60,,
UPPER,53,39,82,,
UPPER,42,39,50,,
JBBL,47,48,78,,
GLH,57,49,10,,
NBB,1,21,19,,
KSBBL,45,5,210,,
HDHPC,34,38,10,,
HDHPC,13,38,1000,,
HDHPC,10,38,910,,
HDHPC,56,38,95,,
HDHPC,16,38,1960,,
NIFRA,17,21,50,,
SAHAS,25,17,10,,
NICLBSL,45,49,10,,
RBCL,57,33,10,,
GLH,57,45,10,,
HIDCL,42,16,100,,
GLH,57,38,10,,
MLBS,8,16,10,,
NLIC,42,21,65,,
NLIC,42,21,65,,
NLIC,35,21,30,,
SIFC,4,51,90,,
NICLBSL,45,21,10,,
NMFBS,58,42,10,,
PLI,55,38,10,,
NBL,41,29,141,,
SIFC,58,25,10,,
PRVU,57,58,50,,
BOKL,29,45,38,,
BOKL,29,14,12,,
UMHL,36,56,25,,
UMHL,22,56,200,,
MLBSL,58,57,17,,
MLBSL,26,57,60,,
MLBSL,34,57,10,,
JBLB,22,21,10,,
ULI,58,57,10,,
SFCL,25,25,20,,
KSBBL,32,5,100,,
KSBBL,58,5,190,,
API,45,52,92,,
NABIL,22,6,30,,
TPC,13,1,10,,
NHPC,26,45,25,,
KKHC,45,5,150,,
AIL,58,21,10,,
SAHAS,58,16,42,,
SAHAS,49,16,30,,
SAHAS,17,16,30,,
SAHAS,53,16,100,,
SAHAS,37,16,10,,
SAHAS,55,16,500,,
SAHAS,55,16,53,,
SAHAS,45,16,50,,
SAHAS,53,16,100,,
SAHAS,7,16,30,,
SAHAS,29,16,10,,
SAHAS,51,16,10,,
SAHAS,56,16,35,,
NTC,28,34,66,,
API,45,17,30,,
PLI,42,4,10,,
NICLBSL,59,57,10,,
NBF3,18,1,118,,
CHCL,43,49,35,,
CHCL,50,49,15,,
CHCL,43,49,50,,
SHEL,46,59,10,,
ULI,38,26,50,,
IGI,58,39,1339,,
IGI,41,39,100,,
IGI,19,39,50,,
IGI,35,39,50,,
IGI,14,39,50,,
IGI,19,39,500,,
IGI,14,39,50,,
IGI,29,39,55,,
IGI,22,39,105,,
IGI,41,39,103,,
IGI,44,39,17,,
TRH,3,40,200,,
TRH,3,25,165,,
NRIC,53,49,150,,
NRIC,53,49,150,,
NRIC,34,49,500,,
NRIC,57,49,20,,
NRIC,49,49,35,,
NRIC,34,49,500,,
NRIC,11,49,80,,
NTC,28,58,20,,
KPCL,46,38,281,,
KPCL,46,49,250,,
KPCL,46,5,19,,
MBL,1,36,67,,
MEGA,1,48,34,,
MLBL,34,48,264,,
KKHC,52,5,50,,
BNT,28,39,10,,
KBL,8,13,100,,
KBL,42,13,40,,
API,57,17,50,,
SKBBL,25,42,1000,,
SKBBL,10,42,300,,
SKBBL,17,42,50,,
SKBBL,45,42,100,,
SKBBL,14,42,10,,
SKBBL,57,42,10,,
SKBBL,45,42,20,,
SKBBL,25,42,10,,
NRN,41,21,10,,
HDHPC,42,38,70,,
NIFRA,6,34,10,,
MLBL,55,48,30,,
SAHAS,56,6,10,,
MEGA,48,13,17,,
GBBL,42,59,137,,
GBBL,33,59,203,,
GBBL,16,59,40,,
GBBL,49,59,20,,
GBBL,38,59,100,,
JBLB,22,41,5,,
JBLB,22,57,10,,
NICLBSL,53,11,10,,
UPCL,39,20,250,,
UPCL,42,20,120,,
UPCL,46,20,310,,
AHPC,58,16,45,,
SRBL,6,45,370,,
SRBL,6,46,500,,
SRBL,6,43,50,,
SRBL,6,41,50,,
SRBL,6,21,10,,
SRBL,6,54,500,,
SRBL,6,58,280,,
SRBL,6,25,240,,
HIDCL,16,41,15,,
NGPL,33,57,10,,
BOKL,53,43,200,,
BOKL,57,43,120,,
PLI,42,34,10,,
NRIC,11,21,40,,
AKPL,33,19,309,,
MLBS,8,19,10,,
NTC,28,46,42,,
API,33,17,12,,
MLBL,58,34,264,,
GBIME,47,35,470,,
GBIME,49,35,30,,
NTC,21,29,10,,
AKPL,45,19,190,,
PRVU,53,45,100,,
PRVU,47,45,20,,
NABIL,42,29,65,,
NABIL,21,29,40,,
NABIL,49,29,43,,
NABIL,58,29,10,,
NABIL,38,29,15,,
NABIL,28,29,200,,
NABIL,21,29,25,,
NIFRA,19,21,60,,
NHPC,26,41,475,,
CZBIL,49,13,41,,
ULI,49,38,10,,
NIFRA,19,34,50,,
JBBL,29,48,22,,
SAHAS,56,58,10,,
SHEL,56,4,10,,
SLI,16,36,10,,
GLICL,42,45,10,,
KKHC,11,5,50,,
KKHC,58,5,20,,
KKHC,22,5,180,,
SAHAS,56,6,10,,
MLBL,58,20,4500,,
NMFBS,1,42,20,,
API,57,17,20,,
JLI,58,6,10,,
EDBL,29,1,10,,
NICLBSL,53,21,10,,
CGH,21,34,10,,
AHPC,53,16,60,,
AHPC,48,16,45,,
AHPC,7,16,10,,
AHPC,47,16,30,,
SADBL,22,58,90,,
UPPER,42,46,50,,
LEMF,35,45,550,,
JBBL,29,49,78,,
LBBL,16,38,190,,
LBBL,16,46,10,,
AKJCL,34,45,100,,
AKJCL,42,45,170,,
CLBSL,18,58,10,,
KMCDB,33,38,20,,
KMCDB,6,38,10,,
KMCDB,38,38,20,,
KMCDB,5,38,10,,
JLI,58,21,10,,
MLBL,58,20,70,,
MLBL,4,20,300,,
MLBL,28,20,1000,,
MLBL,47,20,500,,
MLBL,13,20,350,,
MLBL,48,20,100,,
MLBL,4,20,50,,
MLBL,34,20,30,,
MLBL,16,20,100,,
MLBL,16,20,500,,
SAHAS,51,59,10,,
MLBS,47,50,10,,
PFL,43,25,150,,
ULI,49,38,10,,
AIL,58,21,10,,
NRIC,3,43,360,,
NRIC,34,43,417,,
NRIC,47,43,20,,
KRBL,39,38,34,,
SLICL,34,45,10,,
NIFRA,59,34,50,,
HDHPC,50,4,500,,
PMHPL,50,4,200,,
PMHPL,50,45,10,,
KSBBL,58,49,10,,
KSBBL,58,49,40,,
PMHPL,26,34,200,,
BPCL,58,49,10,,
PCBL,34,38,30,,
PCBL,34,14,30,,
UPPER,53,42,118,,
JFL,14,4,74,,
CLBSL,18,22,50,,
CLBSL,58,22,100,,
SAHAS,51,38,10,,
GBIME,34,1,14,,
MLBL,34,48,200,,
JBBL,34,49,20,,
API,33,45,486,,
API,56,45,500,,
API,43,45,100,,
API,7,45,100,,
API,57,45,10,,
API,49,45,100,,
API,6,45,200,,
API,33,45,10,,
API,52,45,100,,
API,25,45,500,,
API,34,45,519,,
API,52,45,250,,
API,40,45,10,,
API,41,45,15,,
API,56,45,300,,
ICFC,1,56,50,,
HPPL,35,47,340,,
UPPER,26,42,282,,
RADHI,32,5,218,,
RADHI,28,5,100,,
RADHI,58,5,73,,
RADHI,42,5,50,,
RADHI,25,5,20,,
RADHI,45,5,10,,
RADHI,42,5,15,,
RADHI,57,5,14,,
NICLBSL,53,28,10,,
NHPC,38,41,25,,
NABIL,45,50,10,,
NABIL,25,50,40,,
NABIL,32,50,17,,
NABIL,1,50,100,,
NABIL,17,50,20,,
NABIL,59,50,10,,
NABIL,49,50,100,,
NABIL,38,50,100,,
NABIL,39,50,20,,
NABIL,49,50,20,,
NABIL,16,50,20,,
NABIL,54,50,12,,
NABIL,3,50,10,,
NHPC,26,41,500,,
UPCL,38,16,70,,
UPCL,38,16,20,,
UPCL,49,16,10,,
SICL,25,58,60,,
MLBL,52,54,50,,
RLI,58,21,10,,
GLH,57,35,10,,
JLI,58,34,10,,
SLICL,10,34,84,,
SLICL,10,34,146,,
UPPER,26,56,98,,
JLI,58,38,10,,
MLBS,47,22,10,,
STC,58,22,10,,
JBBL,33,58,141,,
JBBL,41,58,69,,
PLI,42,21,10,,
NICA,44,22,30,,
NBL,45,56,50,,
MEGA,52,13,500,,
SAHAS,28,19,600,,
KRBL,1,38,66,,
KRBL,1,58,34,,
NIFRA,59,34,50,,
KEF,16,42,100,,
LEC,14,49,10,,
GIC,5,4,10,,
NRN,5,21,10,,
NIBSF1,50,1,5000,,
SIFC,4,25,870,,
SIFC,17,25,30,,
MLBL,51,48,50,,
MLBL,52,54,35,,
RLI,44,59,10,,
AHPC,47,16,45,,
AHPC,39,16,10,,
NIL,10,45,10,,
HIDCL,42,42,33,,
HIDCL,42,56,216,,
PRVU,59,45,480,,
SHINE,26,49,30,,
PLIC,32,57,100,,
AKPL,45,49,188,,
AKPL,38,49,82,,
NRIC,47,21,40,,
KRBL,13,58,50,,
API,16,38,15,,
BPCL,35,49,10,,
CZBIL,34,22,100,,
UPPER,26,58,50,,
UPPER,26,58,150,,
KSBBL,49,58,100,,
KSBBL,54,58,100,,
KSBBL,33,58,100,,
KSBBL,57,58,300,,
FOWAD,8,41,150,,
FOWAD,8,14,100,,
FOWAD,8,48,30,,
FOWAD,8,58,20,,
API,41,58,23,,
GLH,45,49,10,,
SHL,48,5,100,,
ICFC,22,17,20,,
HIDCL,42,56,484,,
HIDCL,42,34,100,,
HIDCL,42,19,300,,
HIDCL,42,22,100,,
HIDCL,42,58,16,,
HDHPC,19,38,1000,,
RBCLPO,42,28,40,,
KRBL,42,58,11,,
NIFRA,29,21,42,,
GBIME,34,11,50,,
NIFRA,26,21,18,,
SICL,57,47,12,,
SICL,25,47,35,,
SICL,45,47,100,,
SICL,38,47,123,,
SICL,49,47,30,,
SICL,25,47,50,,
UPPER,59,8,100,,
AKJCL,42,40,30,,
AKJCL,58,40,20,,
MEGA,51,13,25,,
JBBL,26,49,12,,
JBBL,26,38,88,,
AKJCL,51,16,50,,
JBLB,1,22,10,,
JBLB,1,53,10,,
JBLB,1,4,10,,
JBLB,1,49,10,,
JBLB,1,42,10,,
CBBL,35,17,13,,
NIFRA,26,5,20,,
NIFRA,32,5,40,,
MLBSL,58,44,45,,
NICLBSL,59,21,10,,
NLIC,42,34,35,,
NLIC,49,34,54,,
MEN,32,34,10,,
NLIC,58,34,11,,
UMHL,50,45,10,,
SAHAS,51,49,10,,
MBL,36,36,800,,
NICLBSL,59,21,10,,
DHPL,7,41,10,,
AKPL,34,41,18,,
AKPL,17,41,200,,
PLI,42,26,10,,
CHDC,34,49,10,,
CHDC,34,1,30,,
NMB,44,29,177,,
NMB,26,29,100,,
NMB,42,29,200,,
NMB,40,29,50,,
NMB,54,29,441,,
NMB,49,29,10,,
NMB,58,29,22,,
SAHAS,51,59,10,,
NABIL,3,22,10,,
SHEL,6,5,30,,
SHEL,6,58,10,,
NGPL,49,42,400,,
MLBS,28,49,10,,
PROFL,28,13,285,,
PROFL,29,13,15,,
GBIME,34,57,270,,
PLIC,42,34,25,,
DDBL,21,22,10,,
MNBBL,57,28,36,,
MNBBL,45,28,75,,
MNBBL,42,28,200,,
MNBBL,49,28,165,,
MNBBL,57,28,22,,
MNBBL,11,28,102,,
MNBBL,51,28,100,,
MNBBL,54,28,100,,
PLI,42,59,10,,
JLI,58,34,10,,
MBL,58,36,20,,
NICL,43,39,10,,
NIFRA,26,6,62,,
SAHAS,51,38,10,,
ULI,49,21,10,,
CBBL,57,17,40,,
JBBL,4,38,112,,
SHL,38,5,500,,
SHL,49,5,200,,
SHL,37,5,200,,
ULI,49,21,10,,
ULI,49,58,10,,
CHDC,28,1,30,,
CHDC,42,1,140,,
GBBL,49,56,20,,
GBBL,35,56,75,,
LBBL,49,44,100,,
SFCL,49,25,100,,
EBL,45,37,25,,
MLBS,1,19,50,,
PRVU,42,45,130,,
HDHPC,16,13,40,,
HDHPC,35,13,60,,
HDHPC,25,13,100,,
HIDCL,38,35,500,,
HIDCL,38,19,280,,
HIDCL,38,57,165,,
RLI,44,21,10,,
CGH,21,34,10,,
CLBSL,49,42,21,,
LBBL,42,46,10,,
GBIME,35,57,30,,
BNT,57,39,10,,
NHPC,38,58,10,,
PLI,42,38,21,,
GLH,57,49,10,,
MLBL,45,26,10,,
MLBL,45,43,390,,
MLBL,45,45,100,,
NIFRA,53,6,250,,
CBBL,58,17,12,,
MMFDB,35,4,100,,
SAHAS,51,59,10,,
MEGA,1,48,300,,
CIT,38,44,10,,
UPCL,49,7,40,,
GFCL,11,21,50,,
GFCL,43,21,50,,
GFCL,18,21,200,,
API,41,13,12,,
API,21,13,15,,
GBBL,35,17,10,,
ULI,58,16,10,,
AHPC,45,16,18,,
GBBL,54,58,30,,
GBBL,54,38,70,,
GBBL,51,38,30,,
SJCL,16,1,30,,
PLI,42,21,10,,
NIFRA,42,6,10,,
API,37,38,300,,
JBBL,41,17,101,,
NABIL,49,58,10,,
MLBSL,8,55,1,,
MLBSL,58,55,19,,
HIDCL,41,57,20,,
MEN,32,48,10,,
SAHAS,51,47,10,,
ULI,58,43,10,,
NRN,5,21,10,,
SAHAS,51,1,10,,
SHPC,34,50,100,,
SAHAS,51,45,10,,
AKPL,46,48,100,,
MEGA,48,48,10,,
NABIL,49,16,10,,
NABIL,11,16,10,,
AHPC,50,16,20,,
UPCL,38,45,400,,
HIDCL,48,35,20,,
HIDCL,57,35,60,,
NRIC,34,21,40,,
HIDCL,49,57,15,,
NBF3,19,57,3300,,
NRN,5,59,10,,
HDL,40,35,50,,
NHPC,16,50,20,,
NHPC,16,58,320,,
RLFL,42,28,50,,
NIFRA,58,6,100,,
NIFRA,19,6,10,,
NIFRA,47,6,200,,
NIFRA,45,6,100,,
NIFRA,21,6,100,,
NIFRA,21,6,421,,
NIFRA,41,6,27,,
NIFRA,38,6,150,,
NIFRA,58,6,30,,
NIFRA,36,6,40,,
GBIME,57,57,100,,
MLBS,57,58,10,,
HIDCL,57,22,40,,
NRIC,34,37,90,,
NRIC,35,37,30,,
SHINE,26,58,2000,,
SHINE,26,58,80,,
SHINE,26,44,363,,
NUBL,35,42,36,,
NUBL,54,42,64,,
MLBS,57,58,10,,
NIFRA,33,49,15,,
NIFRA,36,21,60,,
SAHAS,51,58,10,,
API,58,38,50,,
MEGA,17,48,50,,
NBL,41,14,50,,
GBBL,48,38,50,,
GBBL,58,38,800,,
GBBL,49,38,50,,
GRDBL,33,19,250,,
GRDBL,33,59,120,,
GRDBL,33,51,220,,
GRDBL,33,47,150,,
SADBL,1,32,200,,
NUBL,54,34,102,,
NABIL,49,58,50,,
NABIL,49,48,16,,
MEGA,11,48,15,,
AKJCL,52,16,60,,
NFS,40,13,30,,
NFS,42,13,250,,
NFS,53,13,100,,
NFS,22,13,20,,
UPPER,59,57,100,,
NICLBSL,59,21,10,,
AHPC,25,16,10,,
NTC,28,45,130,,
NTC,3,45,20,,
KRBL,39,16,10,,
NABBC,6,45,10,,
NIFRA,38,49,10,,
AKJCL,21,16,1000,,
SWBBL,34,34,28,,
SHEL,6,25,10,,
GRDBL,39,39,1,,
NIFRA,36,6,200,,
JBBL,41,45,30,,
JLI,58,21,10,,
AHPC,45,16,95,,
AHPC,45,16,57,,
AHPC,45,49,50,,
AHPC,50,49,10,,
UMHL,50,48,16,,
UMHL,11,48,100,,
UMHL,38,48,50,,
UMHL,38,48,34,,
AHPC,50,6,50,,
NABIL,46,47,25,,
NABIL,56,47,50,,
NABIL,17,47,10,,
NABIL,45,47,15,,
NIL,26,38,15,,
JBLB,22,42,10,,
HIDCL,7,19,10,,
SAHAS,22,19,50,,
KRBL,57,16,20,,
JBLB,8,41,10,,
JOSHI,57,48,50,,
GLICL,34,50,670,,
SDLBSL,37,42,11,,
PIC,46,34,15,,
PIC,22,34,10,,
HDHPC,10,42,30,,
CBBL,42,26,10,,
MLBL,59,20,1980,,
CBBL,34,33,50,,
GFCL,49,25,40,,
SGI,57,17,10,,
NMFBS,37,49,57,,
NIFRA,36,13,150,,
NIFRA,36,59,50,,
HIDCL,51,19,200,,
HIDCL,4,19,287,,
UPPER,42,11,50,,
BOKL,57,17,400,,
MEGA,6,48,30,,
KBL,1,44,67,,
KBL,1,45,33,,
SLI,34,21,10,,
NABIL,7,48,50,,
MEGA,1,6,4336,,
NTC,3,7,100,,
NTC,3,18,50,,
JBLB,10,53,20,,
JBLB,25,53,80,,
NMB50,8,47,3000,,
SIFC,48,45,50,,
HDHPC,10,57,60,,
JFL,14,52,100,,
GMFBS,58,42,16,,
SGI,17,21,10,,
UPPER,42,58,50,,
GUFL,52,40,10,,
KRBL,57,16,20,,
CHDC,28,54,10,,
NIFRA,41,47,20,,
NIFRA,38,47,40,,
JBLB,25,38,10,,
PROFL,34,52,100,,
CZBIL,3,22,100,,
SLI,34,45,10,,
SAHAS,22,21,10,,
NLIC,39,39,29,,
HDL,59,35,50,,
BOKL,57,6,280,,
BOKL,57,43,50,,
BOKL,57,45,150,,
API,59,5,500,,
API,32,5,635,,
CHDC,42,25,10,,
NBL,45,56,20,,
NBL,5,56,50,,
AHPC,50,16,40,,
AHPC,35,16,15,,
RSDC,33,49,20,,
RLI,58,21,10,,
AKJCL,36,16,10,,
NIFRA,21,13,50,,
UIC,46,11,100,,
TPC,32,6,10,,
HDHPC,33,42,500,,
GBIME,34,28,10,,
GBIME,58,28,50,,
GBIME,22,28,300,,
GBIME,45,28,500,,
GBIME,17,28,30,,
GBIME,13,28,10,,
GBIME,38,28,100,,
SAHAS,22,56,10,,
NABIL,58,58,33,,
BOKL,51,45,10,,
SCB,6,25,20,,
NRN,5,21,10,,
NIL,26,58,200,,
NIL,28,58,10,,
NIL,55,58,100,,
NIL,58,58,25,,
NIL,45,58,30,,
NIL,42,58,85,,
KBL,10,13,51,,
MLBL,49,20,20,,
NRIC,55,50,90,,
NRIC,55,17,10,,
KKHC,22,20,600,,
KKHC,41,20,50,,
KKHC,52,20,40,,
KKHC,58,20,20,,
RLI,58,38,10,,
SAHAS,22,58,10,,
SHINE,51,44,200,,
UPCL,17,7,100,,
NIL,42,38,15,,
GBIME,49,54,110,,
GBIME,48,54,11,,
GBIME,58,54,73,,
NLG,29,49,50,,
UPCL,17,32,100,,
BBC,47,17,20,,
BBC,42,17,10,,
BBC,50,17,10,,
BBC,58,17,20,,
NRIC,34,21,40,,
NMFBS,48,33,100,,
NMFBS,57,33,50,,
GUFL,57,40,50,,
MNBBL,57,43,200,,
MNBBL,57,25,50,,
MNBBL,53,25,90,,
SAHAS,39,28,20,,
SAHAS,39,13,10,,
NBF3,35,57,500,,
NBF3,39,57,1000,,
SHEL,6,41,50,,
KKHC,58,45,20,,
AHPC,35,14,25,,
NIFRA,6,58,40,,
BOKL,6,45,30,,
BFC,14,45,200,,
KRBL,57,16,20,,
CHDC,50,44,10,,
MLBS,58,32,10,,
CBBL,35,17,10,,
HIDCL,4,41,60,,
NICLBSL,13,59,10,,
BOKL,44,53,434,,
BOKL,57,53,17,,
BOKL,53,53,339,,
NTC,28,49,100,,
NTC,4,49,100,,
API,56,38,500,,
CCBL,16,13,84,,
CCBL,41,13,100,,
NIFRA,38,21,60,,
CBBL,33,26,100,,
NLIC,28,59,242,,
AKPL,38,17,85,,
AKPL,6,17,15,,
MLBL,41,54,500,,
SLI,34,56,10,,
BPCL,57,29,100,,
BOKL,49,45,10,,
NMFBS,44,42,30,,
NICLBSL,13,21,10,,
GIC,22,38,10,,
NIFRA,52,58,10,,
SAHAS,22,20,10,,
SAHAS,22,7,100,,
JBBL,53,44,426,,
FMDBL,58,5,28,,
FMDBL,50,5,11,,
FMDBL,43,5,15,,
FMDBL,21,5,20,,
FMDBL,42,5,12,,
PROFL,18,52,21,,
PROFL,18,57,20,,
NHPC,16,25,125,,
NHPC,52,25,25,,
NHPC,38,25,50,,
NHPC,19,25,200,,
NHPC,57,25,200,,
NHPC,28,25,263,,
NHPC,17,25,37,,
SIL,55,49,16,,
JLI,49,21,10,,
RADHI,57,22,50,,
RADHI,57,28,36,,
CBL,59,49,10,,
EBL,38,41,20,,
API,36,38,26,,
RHPL,45,36,624,,
RHPL,45,17,10,,
RHPL,45,54,1000,,
RHPL,45,32,50,,
RHPL,45,39,30,,
RHPL,45,33,206,,
RHPL,45,46,130,,
RHPL,45,3,200,,
RHPL,45,39,100,,
RHPL,45,49,50,,
RMDC,55,6,90,,
RSDC,33,45,30,,
GBIME,58,45,127,,
GBIME,52,45,314,,
NUBL,51,59,100,,
AHPC,47,33,135,,
AHPC,47,49,30,,
AHPC,47,26,300,,
AHPC,47,49,35,,
GLICL,57,50,300,,
HIDCL,4,22,100,,
GLH,51,21,10,,
SAHAS,39,28,10,,
NRIC,34,20,40,,
GBIME,26,22,100,,
HDL,52,35,10,,
LBBL,55,58,100,,
GBIME,52,38,50,,
GBIME,28,38,500,,
SHINE,59,44,92,,
GBIME,50,22,60,,
GBIME,50,17,100,,
GBIME,50,17,107,,
GBIME,50,29,106,,
GBIME,50,14,627,,
NRN,1,51,10,,
SJCL,16,32,25,,
SJCL,44,32,245,,
SJCL,45,32,30,,
GIC,22,21,10,,
GBBL,14,51,20,,
MEGA,26,48,50,,
SLI,34,56,10,,
SAHAS,22,29,10,,
NIFRA,34,49,868,,
NIFRA,34,14,19,,
NIFRA,34,57,69,,
NIFRA,34,36,44,,
API,46,38,35,,
ICFC,57,56,25,,
ICFC,4,56,40,,
TPC,38,35,10,,
CGH,26,21,10,,
NHPC,17,41,63,,
UPPER,42,6,40,,
ICFC,4,57,100,,
HGI,35,43,29,,
HIDCL,4,20,32,,
NCCB,41,34,66,,
NMB,34,11,20,,
AHPC,45,35,393,,
NIL,35,38,20,,
NUBL,54,8,36,,
NUBL,25,8,50,,
NUBL,45,8,100,,
NUBL,58,8,59,,
NUBL,59,8,30,,
NUBL,29,8,50,,
NUBL,16,8,175,,
NTC,28,41,40,,
NTC,49,41,10,,
NGPL,44,57,25,,
API,46,37,20,,
AKPL,38,38,513,,
AKPL,4,38,167,,
GIC,22,34,10,,
NHPC,34,41,200,,
DHPL,7,41,10,,
NMB,28,13,300,,
GBIME,52,45,136,,
GBIME,6,45,50,,
NABIL,58,58,10,,
SLI,34,6,10,,
AKJCL,28,55,550,,
SLI,34,38,10,,
SAHAS,8,38,10,,
PRIN,14,25,70,,
PLI,42,6,10,,
SANIMA,6,13,50,,
SANIMA,7,13,70,,
SANIMA,47,13,100,,
GRDBL,48,8,93,,
GBIME,50,29,302,,
GBIME,50,17,698,,
SADBL,41,58,185,,
NMB,28,13,500,,
EBL,58,37,20,,
KRBL,6,7,10,,
NLIC,45,21,20,,
ULI,58,21,10,,
SHIVM,49,34,50,,
AHPC,54,35,100,,
MEN,32,59,10,,
UMHL,17,56,30,,
UMHL,5,56,150,,
UMHL,25,56,100,,
UMHL,17,56,50,,
NMB,28,13,500,,
UMHL,45,56,60,,
SJCL,45,6,20,,
SAHAS,8,58,10,,
NABIL,25,58,40,,
RLI,58,21,10,,
NIFRA,21,21,50,,
UNHPL,38,58,10,,
NABIL,49,11,11,,
NABIL,44,11,16,,
GFCL,45,25,60,,
NRIC,34,35,20,,
NRIC,34,43,270,,
NHPC,28,41,427,,
PFL,14,5,197,,
GBIME,6,26,50,,
SABSL,57,33,10,,
KBL,21,45,200,,
SHINE,38,49,10,,
NRIC,11,21,40,,
API,56,37,25,,
API,56,36,55,,
API,56,17,20,,
AKPL,45,49,100,,
MLBS,57,17,10,,
GLBSL,20,17,10,,
JLI,49,59,10,,
HDHPC,16,42,471,,
SLI,58,58,10,,
SHEL,6,6,10,,
AHPC,57,49,100,,
AHPC,57,49,200,,
AHPC,38,49,200,,
ULI,58,56,10,,
NRIC,34,43,450,,
NRIC,34,38,50,,
PRIN,14,57,30,,
SADBL,41,43,15,,
SADBL,41,43,10,,
GBIME,39,17,170,,
GBIME,39,50,80,,
NLIC,19,21,20,,
SAHAS,57,4,100,,
NABIL,36,58,30,,
NABIL,36,34,20,,
NRIC,32,43,100,,
SGI,17,6,10,,
NICLBSL,13,21,10,,
NIFRA,29,32,50,,
NUBL,58,59,10,,
SHINE,38,17,440,,
SHINE,57,17,60,,
AHPC,38,48,300,,
AHPC,42,48,200,,
NICLBSL,13,21,10,,
SHINE,57,32,40,,
AKJCL,4,32,100,,
SHINE,58,32,60,,
NMFBS,58,42,10,,
SSHL,11,14,85,,
SKBBL,25,18,60,,
UPPER,26,58,10,,
HIDCL,4,45,21,,
GBIME,6,38,50,,
MLBSL,58,38,10,,
UPPER,42,41,42,,
UPPER,16,41,30,,
SLI,58,25,10,,
ILBS,35,42,10,,
SBL,39,10,150,,
SBL,1,10,100,,
SBL,19,10,20,,
SBL,51,10,148,,
SBL,26,10,40,,
SBL,17,10,300,,
SBL,29,10,200,,
SBL,11,10,42,,
NABIL,44,49,18,,
NABIL,4,34,10,,
TPC,49,8,10,,
NUBL,11,59,200,,
GBIME,6,44,200,,
SSHL,11,14,15,,
SSHL,11,8,85,,
MLBL,16,38,168,,
MLBL,57,38,332,,
SPDL,34,34,100,,
PPCL,34,47,100,,
PPCL,34,13,183,,
PPCL,34,32,200,,
NTC,10,58,90,,
NTC,10,38,10,,
JFL,49,57,55,,
NIFRA,41,38,10,,
NABIL,29,58,21,,
UPCL,38,58,30,,
MDB,50,26,50,,
MDB,29,26,30,,
MDB,41,26,20,,
RBCL,48,45,10,,
API,21,36,45,,
NLIC,42,21,10,,
CCBL,25,43,1600,,
CCBL,39,43,100,,
CCBL,17,43,2300,,
CCBL,32,43,500,,
NLIC,16,59,10,,
CBBL,35,34,57,,
HDHPC,57,42,29,,
HDHPC,57,48,71,,
ULI,58,21,10,,
RLFL,35,49,30,,
NIFRA,41,45,24,,
NIFRA,58,45,26,,
NABIL,29,58,200,,
UMHL,59,44,10,,
KBL,1,45,100,,
AKJCL,38,55,226,,
AKJCL,14,55,100,,
AKJCL,39,55,200,,
AKJCL,48,55,200,,
AKJCL,56,55,200,,
AKJCL,21,55,74,,
HIDCL,58,5,330,,
HIDCL,37,5,70,,
HIDCL,18,5,100,,
NRIC,11,25,40,,
NRIC,11,32,50,,
NRIC,11,21,50,,
CBBL,37,26,50,,
SLI,58,21,10,,
CBL,17,7,25,,
PCBL,58,33,38,,
PCBL,54,33,22,,
PCBL,51,33,40,,
MLBS,28,4,130,,
MLBS,45,4,10,,
USLB,32,17,43,,
USLB,38,17,10,,
MLBL,57,26,88,,
MLBL,57,20,180,,
BPCL,14,29,80,,
NICLBSL,52,36,10,,
NICLBSL,52,20,10,,
RLI,58,21,10,,
NLIC,16,59,10,,
NABIL,57,58,100,,
NRN,1,21,10,,
NIL,45,38,10,,
AHPC,16,49,40,,
SICL,10,58,50,,
CZBIL,3,18,31,,
NABIL,29,58,200,,
HDHPC,17,48,15,,
JBLB,25,49,10,,
GBIME,6,44,150,,
GLH,51,45,10,,
MDB,43,26,200,,
LBBL,55,58,100,,
SAHAS,51,4,40,,
SICL,19,58,40,,
MMF1,52,57,500,,
MMF1,52,38,100,,
MMF1,52,58,100,,
MMF1,52,41,100,,
MMF1,52,49,100,,
MMF1,52,45,100,,
MMF1,52,58,100,,
RLI,58,6,10,,
NRIC,7,21,40,,
HDHPC,49,48,50,,
NRIC,7,16,23,,
CCBL,19,58,14,,
MLBL,58,20,500,,
RMDC,45,17,10,,
HIDCL,58,42,8,,
HIDCL,53,42,12,,
UPPER,39,58,25,,
UPPER,38,58,10,,
UPPER,41,58,10,,
UPPER,33,58,50,,
SBI,6,14,480,,
SBI,6,14,500,,
SBI,6,14,20,,
BFC,14,57,100,,
BFC,14,57,100,,
BFC,14,26,30,,
BFC,14,57,20,,
BFC,14,32,90,,
NIFRA,21,21,29,,
NIFRA,49,21,31,,
NABIL,29,58,200,,
BOKL,53,8,40,,
BOKL,11,8,60,,
SHIVM,57,34,50,,
RHPL,45,6,40,,
NIL,51,45,20,,
BOKL,38,14,18,,
CCBL,35,58,50,,
MLBL,41,20,300,,
RHPL,45,4,26,,
RHPL,38,4,50,,
RHPL,52,4,10,,
RHPL,38,4,14,,
JLI,53,32,10,,
AKJCL,34,16,1000,,
JBLB,47,25,10,,
NICLBSL,13,21,10,,
NMB,17,13,213,,
NMB,17,57,78,,
NMB,17,4,34,,
NMB,17,57,75,,
IGI,29,32,45,,
IGI,50,32,20,,
IGI,22,32,85,,
SGI,17,8,10,,
SGI,17,49,10,,
PROFL,42,57,20,,
ICFC,4,58,30,,
DDBL,58,34,10,,
NUBL,8,59,101,,
NUBL,25,34,65,,
PCBL,51,43,10,,
MLBL,52,20,1000,,
GLICL,34,50,500,,
GLICL,45,50,100,,
GLICL,46,50,100,,
CHDC,50,21,10,,
GMFIL,50,44,27,,
NIFRA,49,49,40,,
NIFRA,49,45,29,,
PMHPL,16,6,10,,
GBBL,16,52,85,,
NABIL,44,13,16,,
NABIL,51,13,100,,
NABIL,58,13,11,,
NABIL,14,13,100,,
NABIL,39,13,25,,
NABIL,55,13,20,,
NABIL,22,13,10,,
NABIL,49,13,30,,
NABIL,28,13,10,,
NABIL,38,13,30,,
NABIL,16,13,50,,
NABIL,45,13,10,,
NABIL,22,13,28,,
NABIL,45,13,10,,
HDHPC,57,48,200,,
MLBS,28,16,10,,
MLBL,45,20,20,,
MLBL,16,38,2010,,
FMDBL,42,58,25,,
HURJA,3,6,10,,
HURJA,26,6,10,,
API,21,49,55,,
NBB,1,6,1430,,
NBB,29,6,500,,
NBB,34,6,50,,
NBB,26,6,30,,
NBB,48,6,490,,
NBB,1,6,500,,
DDBL,57,26,35,,
MNBBL,33,43,15,,
KSBBL,17,55,50,,
SICL,45,58,10,,
CBL,4,43,1234,,
CBL,46,43,18,,
CBL,45,43,10,,
CBL,41,43,40,,
CBL,59,43,1334,,
CBL,32,43,500,,
CBL,28,43,1264,,
GBBL,16,52,355,,
GBBL,16,49,20,,
RURU,17,51,10,,
RURU,17,58,10,,
SHINE,58,34,40,,
SRBL,46,58,100,,
NIL,45,38,10,,
SICL,7,58,20,,
UPPER,33,47,50,,
GMFBS,40,39,2,,
MERO,22,57,550,,
SAHAS,51,4,70,,
NLICL,57,29,20,,
CHDC,32,4,30,,
MLBL,16,20,990,,
MLBL,41,20,10,,
NUBL,51,59,10,,
SAHAS,51,45,10,,
NIFRA,45,49,10,,
DDBL,8,34,32,,
MNBBL,11,43,45,,
NIFRA,57,45,50,,
SLI,34,19,10,,
AKPL,45,50,10,,
JBLB,50,57,10,,
JBLB,57,20,10,,
CHL,21,47,20,,
JFL,45,57,45,,
RURU,40,53,35,,
RURU,58,53,10,,
MEGA,1,11,110,,
DDBL,16,26,25,,
NICLBSL,42,6,10,,
TRH,25,25,35,,
NHPC,19,28,300,,
NHPC,39,28,500,,
NHPC,38,28,150,,
KBL,10,28,35,,
MLBS,58,35,10,,
GBBL,35,6,15,,
DDBL,57,34,10,,
NIFRA,36,49,50,,
HGI,17,43,100,,
NHPC,34,41,110,,
SGI,16,49,100,,
ULI,43,38,10,,
HIDCL,34,19,100,,
MLBS,28,58,10,,
MERO,35,45,21,,
NRIC,39,10,60,,
SIL,55,59,84,,
SIL,55,16,12,,
NMFBS,45,42,20,,
NMFBS,29,42,10,,
CGH,26,59,10,,
API,41,49,20,,
CBBL,49,26,10,,
NBB,50,1,20,,
MLBL,16,43,510,,
MLBL,16,44,1490,,
CZBIL,58,18,100,,
CZBIL,17,18,50,,
CZBIL,56,18,50,,
CZBIL,41,18,30,,
CZBIL,58,18,160,,
CZBIL,29,18,100,,
SANIMA,58,26,300,,
KPCL,35,6,10,,
SAHAS,51,14,10,,
ULI,25,49,10,,
ULI,25,57,10,,
NHPC,59,41,200,,
MLBL,54,44,10,,
MLBL,16,44,500,,
SHINE,57,34,50,,
SHINE,58,34,10,,
UPPER,52,51,64,,
MEGA,1,6,190,,
MEGA,32,6,10,,
SICL,40,58,10,,
SANIMA,41,39,100,,
NRIC,32,10,40,,
NIFRA,34,45,50,,
VLBS,29,25,25,,
GBIME,58,50,1000,,
NLICL,57,45,20,,
IGI,43,39,15,,
LBL,11,29,27,,
HDHPC,57,48,200,,
NIFRA,57,45,371,,
NIFRA,57,17,100,,
NIFRA,57,35,29,,
NABIL,47,58,20,,
PCBL,45,25,40,,
PCBL,45,45,10,,
IGI,35,39,704,,
BFC,19,5,50,,
NRIC,26,10,200,,
BPCL,14,50,100,,
LEC,14,51,10,,
SHPC,34,33,60,,
SAHAS,51,58,10,,
NICA,39,54,10,,
MEGA,50,48,135,,
HIDCL,53,25,88,,
HIDCL,51,25,20,,
HIDCL,43,25,20,,
HIDCL,52,25,300,,
HIDCL,11,25,72,,
GBIME,46,50,500,,
SGI,36,34,10,,
UMHL,22,21,100,,
API,43,45,25,,
GBIME,48,28,89,,
GBIME,28,28,100,,
GBIME,19,28,34,,
GBIME,34,28,110,,
GBIME,14,28,25,,
GBIME,58,28,500,,
GBIME,42,28,230,,
GBIME,37,28,70,,
GBIME,45,28,190,,
GBIME,35,28,50,,
GBIME,58,28,50,,
GBIME,35,28,450,,
GBIME,41,28,50,,
GBIME,35,28,52,,
NUBL,49,59,20,,
NUBL,58,59,50,,
SGI,53,49,20,,
JBBL,25,44,20,,
NGPL,46,57,200,,
IGI,44,39,50,,
IGI,45,39,500,,
LLBS,26,51,29,,
GIC,22,6,10,,
UMRH,28,21,10,,
DDBL,37,6,14,,
IGI,8,39,10,,
IGI,7,39,10,,
IGI,45,39,100,,
IGI,22,39,70,,
IGI,16,39,100,,
GUFL,52,40,10,,
BOKL,11,29,40,,
ULI,58,56,10,,
ALBSL,8,43,20,,
MDB,41,26,18,,
MDB,57,26,200,,
MDB,34,26,25,,
MDB,52,26,100,,
CBBL,51,41,1,,
ACLBSL,52,47,50,,
ACLBSL,5,47,10,,
ACLBSL,34,47,10,,
AKJCL,35,16,60,,
HIDCL,58,19,120,,
SLI,34,21,10,,
UNHPL,38,52,90,,
UNHPL,51,52,10,,
ULI,45,40,260,,
JBLB,45,28,10,,
NRIC,38,21,40,,
NLIC,39,17,10,,
SRBL,46,28,100,,
SRBL,46,58,100,,
JBLB,45,47,10,,
JBLB,45,53,10,,
FMDBL,16,39,248,,
NCCB,56,34,10,,
SHEL,6,38,10,,
JSLBB,4,29,49,,
MLBL,16,35,41,,
MLBL,16,38,300,,
MLBL,16,48,2170,,
GBIME,33,50,200,,
NIFRA,45,35,15,,
NLIC,57,50,20,,
NLIC,46,50,30,,
GBIME,34,26,50,,
MDB,38,26,40,,
MDB,43,26,29,,
JOSHI,57,48,100,,
HDL,34,35,10,,
SHEL,6,21,10,,
TRH,25,18,45,,
NABIL,17,58,50,,
NHPC,38,28,50,,
NHPC,35,28,100,,
JBLB,42,58,10,,
EBL,38,34,50,,
MLBL,59,48,500,,
ADBL,32,58,50,,
KBL,10,6,365,,
FMDBL,41,39,100,,
FMDBL,11,39,150,,
FMDBL,10,39,200,,
FMDBL,13,39,50,,
FMDBL,25,39,20,,
FMDBL,35,39,70,,
SJCL,44,52,245,,
SJCL,39,52,55,,
GIC,39,8,10,,
ULI,32,6,10,,
RLI,42,21,10,,
SAHAS,33,58,10,,
SAHAS,33,8,10,,
RLI,42,34,10,,
UMHL,22,21,100,,
ACLBSL,43,47,20,,
ACLBSL,22,47,20,,
ACLBSL,38,47,100,,
ACLBSL,42,47,52,,
ACLBSL,1,47,20,,
ACLBSL,52,47,10,,
GBIME,42,50,10,,
SICL,38,14,177,,
SICL,45,14,10,,
SICL,33,14,100,,
SICL,26,14,20,,
SICL,45,14,40,,
SICL,32,14,10,,
SFCL,52,57,40,,
HDHPC,54,48,200,,
CBL,28,11,20,,
NMBMF,33,56,10,,
PLI,6,21,10,,
HIDCL,58,45,30,,
NABIL,39,58,10,,
SSHL,11,42,50,,
CZBIL,41,26,470,,
CZBIL,3,26,100,,
CZBIL,19,26,50,,
CZBIL,14,26,80,,
BFC,19,36,25,,
GBBL,32,6,50,,
PRVU,59,45,20,,
PROFL,56,57,10,,
MDB,43,26,25,,
MDB,14,26,50,,
MDB,6,26,25,,
MDB,57,26,30,,
PICL,41,47,186,,
NTC,59,17,35,,
NTC,41,17,20,,
NTC,17,17,10,,
NTC,29,17,470,,
NTC,59,17,200,,
NTC,25,17,25,,
NTC,34,17,500,,
NTC,10,17,80,,
NTC,10,17,200,,
NTC,58,17,460,,
CHCL,29,57,500,,
CHCL,29,6,10,,
CHCL,29,6,10,,
UMHL,11,34,100,,
UMHL,17,34,100,,
UPPER,51,33,200,,
SJCL,39,6,20,,
SADBL,34,33,14,,
BFC,19,34,50,,
BFC,19,49,101,,
HIDCL,38,45,149,,
AHPC,52,26,82,,
KBL,42,6,100,,
CHDC,32,45,10,,
UPPER,34,58,60,,
CBBL,50,26,200,,
SIL,55,14,798,,
PFL,14,53,50,,
HDL,46,35,50,,
NUBL,58,58,50,,
NUBL,5,58,30,,
NUBL,5,58,25,,
NUBL,16,58,320,,
NUBL,8,58,75,,
MEGA,53,48,700,,
MEGA,53,55,300,,
AKPL,50,10,50,,
HDL,25,58,10,,
ULI,32,58,10,,
SHPC,34,38,100,,
NCCB,41,47,20,,
NCCB,41,42,34,,
SABSL,35,33,150,,
SABSL,26,33,10,,
SABSL,20,33,31,,
SABSL,45,33,19,,
UPPER,52,34,34,,
SHPC,46,49,180,,
SHPC,46,21,20,,
AIL,1,59,10,,
TPC,38,38,10,,
NIFRA,36,52,40,,
GBBL,34,6,60,,
KBL,49,6,25,,
MNBBL,39,43,20,,
NIFRA,36,21,60,,
RLI,42,6,10,,
HDHPC,34,48,164,,
HDHPC,34,28,301,,
NUBL,48,47,200,,
NUBL,48,14,100,,
SLI,34,11,10,,
SWBBL,50,47,100,,
NBL,21,45,10,,
EIC,43,38,20,,
BOKL,53,11,56,,
NIFRA,36,21,40,,
SFCL,52,36,50,,
API,32,58,65,,
SPC,7,50,10,,
GBIME,35,49,100,,
AKJCL,34,16,500,,
BFC,50,49,10,,
BOKL,42,29,10,,
SAHAS,49,8,10,,
MLBL,38,48,1000,,
SAPDBL,41,40,200,,
NICLBSL,13,21,10,,
GBIME,14,50,200,,
BOKL,10,14,200,,
CZBIL,14,45,20,,
RHPL,38,6,16,,
RHPL,46,6,24,,
GBBL,34,21,10,,
GBBL,34,32,30,,
CZBIL,5,26,300,,
CZBIL,13,26,200,,
AKJCL,54,16,250,,
KRBL,42,58,20,,
UPCL,22,17,240,,
NIFRA,7,21,10,,
AKPL,49,28,14,,
ALICL,39,29,20,,
PRVU,41,45,64,,
CGH,25,46,10,,
GBIME,38,50,10,,
MEN,6,4,90,,
MEN,6,57,10,,
MEN,6,4,10,,
MEN,6,58,10,,
MLBS,28,21,10,,
MLBS,28,7,20,,
MNBBL,57,43,255,,
MNBBL,57,40,45,,
NMFBS,29,33,10,,
NRIC,49,53,15,,
NRIC,29,53,15,,
NICLBSL,13,6,10,,
MLBS,38,49,10,,
UPPER,45,58,200,,
GLH,53,21,10,,
NMFBS,58,33,10,,
NABIL,25,58,10,,
BOKL,58,14,20,,
BOKL,58,17,10,,
EBL,42,44,50,,
SIL,6,14,48,,
HIDCL,51,49,30,,
HPPL,19,47,60,,
HPPL,19,49,10,,
BFC,38,49,170,,
ALBSL,49,45,11,,
GLH,29,21,10,,
MLBSL,5,36,10,,
NGPL,42,33,200,,
SLCF,33,34,500,,
NTC,21,50,45,,
HURJA,26,52,20,,
NIFRA,58,34,50,,
HIDCL,38,38,51,,
NBL,41,50,110,,
NBL,44,50,100,,
SLI,47,58,10,,
CHCL,21,6,10,,
SPDL,45,34,120,,
PLI,39,43,10,,
PLI,39,20,10,,
NABIL,39,58,40,,
MLBL,42,48,50,,
KMCDB,38,6,10,,
CZBIL,11,26,100,,
CZBIL,22,26,200,,
CZBIL,25,26,20,,
CZBIL,57,26,540,,
SLICL,44,41,40,,
SLICL,33,41,10,,
ULI,44,40,200,,
DDBL,57,58,10,,
DDBL,34,58,10,,
DDBL,21,58,30,,
HIDCL,40,49,10,,
GUFL,34,40,25,,
HDHPC,49,28,50,,
SBI,38,43,200,,
AIL,1,21,10,,
NBL,10,29,100,,
RMF1,6,47,1400,,
SAPDBL,45,40,100,,
BOKL,42,43,10,,
NIFRA,58,46,50,,
GIC,39,52,10,,
API,4,40,100,,
MNBBL,57,40,500,,
HIDCL,52,49,10,,
NIFRA,21,21,100,,
MKJC,26,46,10,,
KMCDB,25,38,10,,
AHPC,52,58,418,,
AHPC,57,58,50,,
AHPC,8,58,232,,
NABIL,13,58,10,,
PRVU,47,34,80,,
HIDCL,38,21,100,,
EIC,41,38,20,,
CHDC,56,38,10,,
HIDCL,40,58,10,,
GBIME,35,52,28,,
NLIC,45,50,20,,
MLBL,45,48,200,,
ULI,32,4,10,,
MLBS,28,11,10,,
AKPL,46,21,71,,
AKPL,45,21,29,,
CBL,50,1,100,,
JBLB,34,6,10,,
GILB,41,4,38,,
GILB,57,4,65,,
GILB,51,4,36,,
GILB,34,4,46,,
GILB,34,4,83,,
GILB,57,4,50,,
GILB,8,4,100,,
GILB,36,4,32,,
GILB,37,4,200,,
GILB,38,4,20,,
PIC,46,34,23,,
PIC,46,34,115,,
NLIC,14,50,180,,
NLIC,14,26,20,,
MNBBL,53,45,10,,
LBL,11,52,10,,
CHCL,21,35,46,,
JBLB,34,42,10,,
HIDCL,40,58,10,,
EBL,40,44,50,,
CCBL,17,52,200,,
NICA,1,54,100,,
UMRH,49,51,10,,
SGI,14,49,50,,
SGI,57,49,40,,
NUBL,8,57,25,,
NICLBSL,13,51,10,,
UPCL,7,28,40,,
NLBBL,47,47,120,,
SBL,45,58,50,,
MNBBL,49,40,50,,
SAHAS,54,38,10,,
NHPC,38,47,65,,
NHPC,32,47,50,,
NHPC,50,47,200,,
NHPC,14,47,185,,
MERO,58,22,20,,
CIT,35,33,11,,
ADBL,32,17,10,,
CFCL,28,45,180,,
CFCL,28,28,120,,
NMB,36,57,75,,
NMB,36,1,131,,
NMB,36,11,794,,
AKJCL,57,16,12,,
AKJCL,34,16,500,,
CBL,28,52,216,,
JFL,45,6,100,,
KSBBL,50,33,10,,
MLBL,51,48,20,,
SANIMA,25,39,112,,
IGI,25,39,200,,
IGI,7,39,10,,
IGI,48,39,100,,
IGI,46,39,100,,
IGI,10,39,10,,
IGI,50,39,10,,
IGI,16,39,500,,
IGI,14,39,50,,
IGI,5,39,87,,
IGI,22,39,87,,
IGI,22,39,80,,
IGI,3,39,300,,
IGI,22,39,105,,
IGI,22,39,150,,
IGI,40,39,60,,
IGI,1,39,180,,
IGI,22,39,50,,
MBL,45,45,10,,
MBL,45,45,129,,
PCBL,41,14,30,,
PCBL,41,14,100,,
PCBL,41,50,50,,
PCBL,41,28,54,,
NIFRA,58,36,50,,
CHL,59,6,11,,
SLICL,33,4,90,,
PIC,46,34,189,,
PIC,39,34,20,,
PIC,5,34,17,,
MEGA,1,45,10,,
ULI,32,46,10,,
SPDL,44,29,200,,
NTC,17,33,20,,
OHL,58,8,10,,
NRIC,29,21,20,,
HIDCL,40,58,10,,
CHDC,19,4,1000,,
CHDC,19,4,12,,
CHDC,33,4,100,,
CHDC,16,4,17,,
CHDC,17,4,100,,
CHDC,58,4,20,,
CHDC,17,4,100,,
CHDC,25,4,50,,
CHDC,35,4,190,,
NIFRA,39,21,50,,
SJCL,39,58,30,,
MEGA,1,57,250,,
MEGA,1,42,1944,,
NLIC,58,50,75,,
NLIC,49,50,100,,
ADBL,32,39,37,,
JBBL,16,44,25,,
GBIME,35,56,20,,
NTC,21,5,20,,
LEC,14,14,10,,
PLI,6,45,10,,
JFL,17,43,50,,
NUBL,41,47,33,,
SADBL,34,58,100,,
SADBL,6,58,10,,
NCCB,56,42,10,,
SAHAS,54,57,10,,
SAHAS,54,14,10,,
SAHAS,54,11,10,,
SAHAS,54,56,10,,
SAHAS,54,38,10,,
SAHAS,54,38,10,,
SAHAS,54,38,10,,
SAHAS,54,49,10,,
SAHAS,54,7,10,,
SAHAS,54,38,10,,
SAHAS,54,38,10,,
SAHAS,54,32,10,,
SAHAS,54,58,10,,
SAHAS,54,32,10,,
SAHAS,54,38,10,,
SAHAS,54,41,10,,
SAHAS,54,25,10,,
SAHAS,54,33,10,,
SAHAS,54,21,10,,
SAHAS,54,16,10,,
SAHAS,8,46,10,,
SAHAS,54,7,10,,
SAHAS,54,45,10,,
SAHAS,54,49,10,,
SAHAS,54,35,10,,
CBBL,5,26,35,,
NGPL,39,57,25,,
KSBBL,38,48,100,,
PLI,1,34,10,,
HIDCL,40,58,10,,
ULI,1,40,500,,
UPPER,45,32,100,,
MEN,6,14,10,,
PRVU,14,45,50,,
SHEL,10,39,10,,
ADBL,41,39,30,,
UPCL,7,38,50,,
UPPER,49,41,10,,
KBL,58,6,10,,
GIMES1,6,3,100,,
GIMES1,6,49,181,,
MLBS,25,21,10,,
CFCL,41,28,170,,
MNBBL,49,40,100,,
SIL,39,50,62,,
BPCL,57,42,67,,
GBBL,58,32,20,,
MLBL,32,48,100,,
SAHAS,42,58,10,,
SAHAS,42,58,10,,
UPPER,45,58,200,,
SAHAS,8,14,10,,
CHDC,35,46,10,,
UPCL,7,58,200,,
UPCL,7,44,110,,
ADBL,11,39,15,,
ADBL,11,57,75,,
AHPC,32,42,100,,
PCBL,17,28,46,,
PCBL,17,16,50,,
PCBL,17,34,50,,
PCBL,17,7,54,,
GBBL,33,56,100,,
NMFBS,58,33,90,,
NMFBS,7,33,10,,
NMFBS,42,33,40,,
NMFBS,45,33,40,,
NMFBS,45,33,10,,
NMFBS,50,33,20,,
NMFBS,45,33,20,,
HDHPC,45,28,100,,
SICL,38,20,10,,
SCB,13,10,58,,
SCB,34,10,82,,
JFL,39,43,50,,
JFL,4,43,200,,
NTC,58,58,30,,
NTC,10,58,170,,
CFCL,48,28,100,,
HIDCL,38,58,200,,
NABIL,59,58,20,,
PCBL,57,7,20,,
NLIC,58,50,17,,
NLIC,28,50,10,,
NLIC,58,50,20,,
NLIC,6,50,53,,
MLBL,57,48,200,,
NIFRA,38,21,45,,
KSBBL,49,48,100,,
AKJCL,59,16,100,,
LBBL,49,47,118,,
LBBL,25,47,50,,
LBBL,58,47,32,,
NHDL,32,17,30,,
SAHAS,8,7,10,,
NHDL,46,17,10,,
NUBL,57,58,50,,
NUBL,26,58,30,,
PCBL,45,7,100,,
PCBL,32,7,120,,
ADBL,25,57,25,,
SAHAS,8,41,10,,
AKPL,45,26,56,,
AKPL,58,26,360,,
AKPL,58,47,50,,
UMHL,41,21,200,,
UMHL,42,21,185,,
USLB,49,17,19,,
BFC,48,49,95,,
BFC,48,53,105,,
PIC,5,34,85,,
ALICL,19,41,40,,
SSHL,14,57,200,,
MBL,45,45,20,,
MBL,34,45,51,,
CFCL,58,28,10,,
RHPL,38,22,50,,
MLBS,6,21,10,,
ICFC,33,48,30,,
ICFC,33,59,300,,
LBBL,58,22,18,,
BOKL,53,11,65,,
BOKL,45,11,20,,
BOKL,39,11,50,,
BOKL,5,11,100,,
BOKL,45,11,10,,
BOKL,5,11,50,,
BOKL,58,11,15,,
BOKL,5,11,17,,
GUFL,45,40,100,,
GUFL,14,40,800,,
GUFL,16,40,55,,
GUFL,21,40,150,,
GUFL,34,40,25,,
MMFDB,10,4,10,,
MMFDB,42,4,14,,
MMFDB,28,4,100,,
MMFDB,6,4,100,,
MMFDB,37,4,100,,
MMFDB,59,4,100,,
MMFDB,35,4,150,,
MMFDB,59,4,14,,
NABIL,42,58,10,,
LBBL,13,38,120,,
LBBL,13,38,60,,
LBBL,13,58,20,,
HIDCL,38,58,44,,
HIDCL,38,57,20,,
HIDCL,38,25,60,,
HIDCL,38,51,101,,
NRIC,47,16,50,,
TPC,38,58,10,,
MLBL,58,48,5000,,
KKHC,16,14,140,,
NHPC,14,57,10,,
NIFRA,29,21,10,,
NTC,10,7,30,,
RHPL,26,38,50,,
EBL,21,44,16,,
MLBS,22,21,10,,
CHL,59,36,40,,
CHL,13,36,10,,
RHPL,38,58,20,,
RHPL,34,58,50,,
MLBL,59,48,10,,
HIDCL,52,14,8,,
SIL,52,14,200,,
CBBL,35,38,147,,
NABIL,22,42,22,,
RHPL,26,38,20,,
GHL,26,38,100,,
NIFRA,35,34,60,,
MLBL,43,48,200,,
KSBBL,32,35,100,,
SANIMA,25,14,18,,
USLB,57,17,10,,
USLB,44,17,15,,
NHPC,51,17,10,,
NIFRA,49,21,10,,
AKPL,58,49,50,,
AKPL,58,10,50,,
AKPL,58,49,50,,
NHPC,26,17,990,,
CHL,7,43,12,,
UMHL,42,21,65,,
NHPC,26,57,10,,
TPC,21,1,10,,
SAHAS,8,38,10,,
NABIL,51,58,10,,
MLBS,22,21,10,,
BFC,29,53,85,,
UMHL,41,21,200,,
HIDCL,11,11,840,,
NABIL,43,58,100,,
HIDCL,42,11,160,,
ULI,14,40,40,,
SLICL,28,4,372,,
SLICL,51,4,200,,
HIDCL,40,51,10,,
PFL,14,32,100,,
PICL,5,16,200,,
MLBS,13,21,10,,
SAPDBL,57,4,816,,
ULI,14,6,50,,
ULI,43,6,10,,
SHPC,41,41,150,,
SHPC,41,35,100,,
HDHPC,59,28,549,,
HDHPC,59,17,195,,
HDHPC,59,56,60,,
HDHPC,59,41,150,,
HDHPC,59,33,50,,
HDHPC,59,50,2200,,
HDHPC,59,38,396,,
SIL,34,14,200,,
SIL,44,14,335,,
SIL,21,14,20,,
SIL,21,14,200,,
SIL,34,14,12,,
SIL,29,14,10,,
HDHPC,6,38,14,,
HIDCL,42,19,40,,
HDHPC,50,38,90,,
MLBL,41,48,100,,
GBIME,19,49,142,,
NABIL,51,58,30,,
NBL,35,4,1,,
NBL,35,16,35,,
SLI,34,28,10,,
SICL,43,14,50,,
KSBBL,16,22,10,,
NIFRA,22,21,15,,
UMHL,50,21,10,,
NUBL,22,49,50,,
NUBL,22,16,50,,
NICSF,47,42,400,,
NICSF,47,58,100,,
KKHC,58,14,10,,
AKJCL,21,35,26,,
AKJCL,52,35,144,,
MMFDB,37,35,40,,
AKJCL,58,35,30,,
AKPL,58,42,200,,
AKPL,46,42,100,,
NCCB,29,6,210,,
NCCB,6,6,30,,
NCCB,58,6,100,,
JBBL,26,44,42,,
JBBL,26,6,80,,
JBBL,26,1,18,,
NRIC,41,16,100,,
API,42,40,311,,
MLBS,13,17,10,,
SHINE,16,21,90,,
RMF1,52,47,1000,,
SAHAS,45,35,10,,
RLFL,16,34,520,,
AKJCL,29,16,200,,
SPDL,16,34,200,,
NIFRA,49,21,10,,
NMFBS,8,33,25,,
IGI,1,45,10,,
EDBL,29,22,20,,
EDBL,29,43,70,,
JOSHI,57,14,80,,
JOSHI,19,14,120,,
SICL,54,14,135,,
SICL,57,14,200,,
SICL,26,14,15,,
SICL,50,14,30,,
SICL,19,14,100,,
HDHPC,50,58,10,,
HDHPC,50,3,100,,
HDHPC,50,42,500,,
HDHPC,50,42,125,,
LEC,4,17,110,,
MNBBL,49,49,50,,
SCB,45,42,10,,
CHDC,45,7,10,,
CHDC,33,7,50,,
AKPL,14,5,3,,
AKPL,54,5,22,,
MMFDB,47,35,30,,
LEC,4,55,90,,
PFL,14,26,85,,
EDBL,56,43,30,,
EDBL,56,44,20,,
EDBL,56,25,20,,
EDBL,56,21,20,,
EDBL,56,47,10,,
NLIC,6,49,80,,
NLIC,26,49,10,,
NLIC,39,49,10,,
SIFC,48,38,70,,
RHPL,10,33,624,,
RHPL,20,33,170,,
BOKL,5,21,105,,
NIFRA,35,8,10,,
SAHAS,51,38,10,,
ULI,49,45,10,,
SLICL,48,22,50,,
SLICL,39,22,50,,
AKJCL,6,16,186,,
NUBL,47,49,200,,
PRVU,42,45,75,,
PRVU,53,45,18,,
PRVU,35,45,102,,
PRVU,56,45,91,,
JFL,33,43,200,,
HDHPC,49,42,90,,
MLBS,6,59,10,,
GBIME,19,45,24,,
GBIME,50,45,10,,
SINDU,47,20,50,,
GBIME,50,41,50,,
GBBL,33,6,100,,
JBLB,56,21,10,,
JBLB,56,38,10,,
JBLB,56,16,10,,
JBLB,56,4,10,,
EBL,43,44,140,,
AHPC,8,36,768,,
NIFRA,35,52,20,,
NIFRA,49,52,30,,
BOKL,45,47,10,,
HIDCL,40,19,10,,
KSBBL,32,22,10,,
UMHL,17,28,150,,
JLI,56,57,10,,
CBBL,35,34,52,,
CBBL,35,17,10,,
MLBS,57,58,10,,
GBBL,33,35,97,,
JBLB,5,22,95,,
HDHPC,59,42,200,,
HDHPC,58,42,300,,
CFCL,41,58,950,,
AKPL,45,58,12,,
MEN,6,34,10,,
SLI,34,28,10,,
API,38,3,20,,
ALICL,51,41,25,,
JOSHI,19,45,200,,
NICA,47,54,50,,
HIDCL,11,41,88,,
ULI,43,36,10,,
NIL,22,21,57,,
CFCL,21,28,100,,
BOKL,5,55,50,,
NMB,54,21,50,,
BPCL,14,45,20,,
GBLBS,34,48,80,,
IGI,1,17,10,,
JFL,33,5,20,,
JFL,33,5,50,,
HIDCL,38,19,250,,
UPPER,38,38,48,,
HIDCL,38,44,50,,
AKJCL,35,16,100,,
CBL,4,4,859,,
CBL,4,49,200,,
CBL,4,53,100,,
CBL,4,33,166,,
CBL,4,58,15,,
CBL,4,59,100,,
CBL,4,51,40,,
CBL,4,32,20,,
CBL,4,43,50,,
CBL,4,49,450,,
MLBL,39,48,300,,
AKPL,56,21,100,,
SHPC,41,51,70,,
SHPC,41,57,100,,
PRVU,56,45,33,,
PRVU,56,47,76,,
SAHAS,8,45,10,,
AHPC,42,36,50,,
NICL,58,32,100,,
NBB,26,47,250,,
NBB,26,47,50,,
CHCL,42,35,50,,
PRIN,22,16,17,,
SMATA,45,51,14,,
SAHAS,8,55,10,,
MNBBL,38,40,95,,
JOSHI,36,45,100,,
JBLB,28,7,10,,
UNHPL,58,45,15,,
ULI,43,46,10,,
NICLBSL,26,34,10,,
SLICL,11,4,18,,
SAHAS,51,22,10,,
NIFRA,45,21,10,,
UPPER,38,38,48,,
NBL,49,16,15,,
MNBBLP,48,14,2000,,
KSBBL,32,45,20,,
NLIC,56,21,60,,
KRBL,49,58,85,,
PMHPL,50,26,208,,
TPC,38,45,10,,
NGPL,49,57,333,,
SANIMA,16,16,40,,
SANIMA,19,16,20,,
PCBL,7,7,206,,
PCBL,7,26,50,,
PCBL,7,14,244,,
AKPL,57,5,25,,
AKPL,57,29,50,,
AKPL,57,36,25,,
NBB,11,36,40,,
NFS,41,18,100,,
NFS,41,45,80,,
SHEL,6,46,10,,
NRIC,7,16,27,,
SHEL,47,46,10,,
MNBBLP,48,14,2000,,
CHL,59,42,650,,
CHL,38,42,50,,
NABIL,28,58,10,,
NFS,22,22,80,,
NFS,45,22,20,,
NGPL,10,57,417,,
NGPL,10,7,63,,
NGPL,10,38,20,,
ILBS,6,45,12,,
NABIL,56,58,100,,
SLI,34,49,10,,
MLBS,4,58,10,,
GIC,37,5,200,,
MKJC,26,6,10,,
MKJC,26,46,10,,
MKJC,26,41,10,,
MLBSL,34,58,10,,
SLI,34,36,10,,
HGI,5,34,16,,
MNBBLP,48,14,2000,,
UPPER,52,38,48,,
PRVU,35,47,100,,
NIFRA,43,16,50,,
LUK,41,57,100,,
BOKL,5,32,28,,
BOKL,52,32,45,,
BOKL,13,32,50,,
BOKL,45,32,1177,,
NCCB,45,42,50,,
SLI,3,49,10,,
CBL,8,49,20,,
API,3,40,377,,
API,3,50,580,,
API,3,49,43,,
JBLB,28,38,10,,
NUBL,19,49,32,,
CGH,47,22,10,,
MMFDB,47,42,20,,
MNBBL,25,40,10,,
MKJC,49,46,10,,
SLICL,37,4,30,,
SLICL,49,4,10,,
SLICL,57,4,70,,
SAHAS,33,4,10,,
NLIC,42,51,12,,
NCCB,42,42,11,,
NUBL,49,49,44,,
BPCL,57,40,33,,
MBL,34,16,74,,
MBL,43,16,116,,
NIFRA,47,21,200,,
BOKL,45,45,23,,
BOKL,19,45,27,,
UPPER,52,38,48,,
NGPL,49,28,16,,
PCBL,44,50,90,,
NICA,22,54,40,,
NICA,22,47,10,,
GBIME,37,3,230,,
NIFRA,43,38,50,,
GBBL,22,35,73,,
GBBL,22,44,127,,
NIBSF1,48,13,1900,,
MLBSL,52,57,33,,
MLBSL,52,29,10,,
NLIC,58,21,10,,
SLICL,57,38,30,,
SLICL,14,38,200,,
SLICL,22,38,200,,
LBL,42,42,24,,
SLICL,25,38,50,,
SLICL,37,38,300,,
LBL,55,42,50,,
SLICL,1,38,10,,
LBL,45,42,28,,
JBBL,35,1,10,,
API,1,49,50,,
NGPL,45,28,50,,
SDLBSL,19,43,67,,
SDLBSL,19,43,24,,
AKPL,56,17,14,,
SGI,41,36,10,,
SGI,41,13,20,,
SGI,41,5,200,,
RMDC,10,57,100,,
RMDC,10,7,200,,
AKPL,56,19,20,,
NBB,45,36,50,,
API,33,49,407,,
API,45,49,500,,
MEGA,57,42,150,,
NUBL,6,19,10,,
PCBL,36,50,140,,
SLICL,1,1,130,,
LBBL,42,35,20,,
CBL,58,49,30,,
LBBL,58,3,100,,
LBBL,32,3,300,,
LBBL,53,3,50,,
LBBL,49,3,300,,
API,33,33,73,,
SIC,20,32,50,,
SLI,34,38,10,,
NIBSF2,37,45,500,,
PLI,1,8,10,,
PCBL,36,14,60,,
MNBBL,35,40,200,,
SAHAS,47,41,10,,
NABIL,8,58,105,,
GBIME,1,3,25,,
GBIME,58,3,140,,
GBIME,22,3,30,,
GBIME,3,3,75,,
UPPER,26,41,20,,
GUFL,52,1,20,,
PCBL,25,14,20,,
NABBC,6,6,10,,
SLICL,26,1,20,,
SLICL,48,1,50,,
SLICL,55,1,100,,
SJCL,39,35,15,,
SJCL,47,35,25,,
JBBL,56,38,150,,
JBBL,56,34,220,,
MEGA,4,45,172,,
MEGA,33,45,28,,
HIDCL,41,20,90,,
SBL,22,32,50,,
MLBS,54,38,10,,
HDHPC,57,42,50,,
HDHPC,1,42,235,,
NMB,54,58,15,,
MPFL,26,35,200,,
MLBL,17,48,150,,
NRIC,50,43,180,,
CBBL,55,26,359,,
NLIC,42,26,600,,
NLIC,42,32,100,,
NICA,33,47,50,,
SAHAS,47,22,10,,
SAHAS,47,58,10,,
PICL,34,49,50,,
UMHL,41,28,50,,
UMHL,41,37,15,,
NTC,59,33,15,,
NBF2,52,45,500,,
PIC,5,34,92,,
GBIME,3,41,20,,
UPPER,46,41,32,,
UPPER,46,56,68,,
CZBIL,57,16,190,,
GFCL,4,41,200,,
API,32,50,420,,
API,32,59,100,,
API,32,44,480,,
ULI,14,46,10,,
SHPC,34,16,50,,
MLBS,42,4,10,,
MLBS,32,4,50,,
MLBS,34,4,50,,
PCBL,6,14,15,,
MLBS,45,4,50,,
MLBS,39,4,50,,
MLBS,49,4,480,,
MLBS,22,4,10,,
MLBS,14,4,20,,
MLBS,45,4,10,,
MLBS,28,4,100,,
MLBS,34,4,20,,
MLBS,41,4,10,,
NGPL,10,28,434,,
NGPL,10,16,66,,
SANIMA,32,26,125,,
SANIMA,41,26,500,,
CBBL,22,26,100,,
JBBL,6,34,130,,
AKJCL,52,16,45,,
GBBL,58,35,30,,
NUBL,26,11,70,,
NMB,38,11,100,,
NCCB,57,42,65,,
CBBL,41,34,20,,
CBBL,21,34,20,,
CBBL,58,34,50,,
RHPL,20,11,30,,
BFC,50,53,10,,
BOKL,19,16,73,,
BOKL,16,16,50,,
BOKL,41,16,67,,
JBBL,33,34,500,,
NLIC,42,21,88,,
NLIC,26,21,20,,
NLIC,41,21,10,,
NLIC,26,21,39,,
NLIC,38,21,83,,
NLIC,35,21,10,,
NIFRA,45,21,300,,
NIFRA,47,46,50,,
NIFRA,47,50,50,,
SJCL,47,39,285,,
SJCL,47,42,20,,
SJCL,47,49,20,,
SJCL,47,46,40,,
SJCL,47,49,40,,
SJCL,47,40,70,,
MEGA,47,42,55,,
NLIC,38,26,100,,
RHPL,33,11,440,,
MEN,6,54,10,,
API,52,44,20,,
JBBL,45,34,50,,
SPDL,35,34,550,,
SPDL,35,58,200,,
SPDL,35,6,50,,
SHL,13,26,295,,
SHL,17,26,1000,,
SHL,49,26,500,,
SHL,58,26,100,,
SHL,43,26,105,,
AKJCL,6,16,520,,
NABIL,22,58,25,,
CHDC,21,4,100,,
GBLBS,49,48,10,,
GBLBS,22,48,10,,
MLBL,16,48,600,,
MLBL,38,48,100,,
MLBL,47,48,150,,
MLBL,38,48,120,,
MLBL,45,48,200,,
MEGA,22,42,50,,
MLBL,10,48,90,,
MEGA,29,42,50,,
MLBL,32,48,100,,
MEGA,28,42,96,,
MLBL,59,48,500,,
MEGA,42,42,12,,
MLBL,57,48,30,,
MEGA,42,42,50,,
MLBL,44,48,500,,
MEGA,56,42,60,,
MLBL,21,48,100,,
MEGA,34,42,200,,
MLBL,1,48,10,,
MEGA,41,42,10,,
MEGA,29,42,100,,
MEGA,57,42,50,,
MEGA,21,42,100,,
MEGA,57,42,100,,
MEGA,39,42,100,,
MEGA,46,42,1100,,
MEGA,57,42,133,,
MEGA,48,42,30,,
MEGA,40,42,50,,
MLBL,58,38,2590,,
MEGA,58,42,30,,
MEGA,58,42,45,,
MEGA,53,42,453,,
MEGA,58,42,20,,
MEGA,49,42,12,,
UPCL,7,45,50,,
TPC,38,32,10,,
HIDCL,39,39,1,,
AKJCL,6,13,3294,,
PMHPL,32,32,63,,
PMHPL,45,32,27,,
PMHPL,22,32,40,,
MLBS,41,34,10,,
AKPL,33,36,25,,
SAHAS,45,47,10,,
SAHAS,45,38,10,,
SAHAS,45,14,10,,
SAHAS,45,49,10,,
SAHAS,45,36,10,,
SAHAS,45,49,10,,
MLBSL,13,14,10,,
HDHPC,1,20,255,,
HDHPC,1,11,10,,
SLICL,45,51,16,,
UNHPL,41,42,41,,
UNHPL,41,42,29,,
HIDCL,41,45,51,,
RHPL,10,11,180,,
AKPL,45,6,100,,
JBLB,34,49,10,,
SKBBL,29,42,30,,
SKBBL,4,42,50,,
SKBBL,26,42,20,,
SKBBL,14,42,12,,
SKBBL,14,42,10,,
SKBBL,34,42,10,,
SKBBL,39,42,100,,
SKBBL,50,42,88,,
SKBBL,17,42,20,,
SKBBL,59,42,100,,
SKBBL,29,42,10,,
SKBBL,11,42,50,,
NABIL,14,58,50,,
AKJCL,28,13,220,,
AKJCL,45,13,300,,
NABIL,56,28,38,,
SLI,34,6,10,,
NBL,10,57,100,,
NBL,10,34,200,,
NLIC,38,59,17,,
PRVU,57,47,1500,,
JOSHI,32,45,150,,
NIFRA,34,58,50,,
USLB,44,16,40,,
USLB,38,16,50,,
SWBBL,50,49,50,,
SWBBL,50,21,25,,
SWBBL,50,34,100,,
SAHAS,8,1,10,,
SPDL,54,6,100,,
KBL,55,42,13,,
SICL,17,34,157,,
NLIC,47,26,20,,
RHPL,34,11,50,,
RHPL,33,11,300,,
UPCL,7,35,50,,
SFCL,52,32,500,,
SFCL,52,35,30,,
SFCL,52,14,100,,
SFCL,52,14,100,,
SFCL,52,14,80,,
HIDCL,39,39,1,,
NHPC,14,20,775,,
NBL,35,58,35,,
NBL,35,40,29,,
EIC,59,32,34,,
EIC,49,32,10,,
EIC,1,32,12,,
EIC,39,32,12,,
EIC,11,32,32,,
CBL,59,45,100,,
ULI,43,51,10,,
AKPL,7,36,10,,
SKBBL,49,38,15,,
SKBBL,59,38,50,,
SKBBL,44,38,10,,
PRVU,1,47,50,,
LBBL,53,34,100,,
SADBL,41,32,200,,
CZBIL,57,50,50,,
NCCB,57,6,100,,
ALICL,45,29,142,,
ALICL,17,29,258,,
NIFRA,43,58,10,,
NIFRA,43,46,50,,
JBLB,25,58,10,,
JBLB,35,58,10,,
AKPL,5,36,200,,
PLI,21,8,10,,
GFCL,11,41,50,,
UMHL,38,5,16,,
SABSL,20,48,69,,
SABSL,47,48,31,,
SMFDB,19,14,17,,
SMFDB,55,14,18,,
SLI,34,14,10,,
SIFC,4,13,300,,
TPC,32,38,10,,
API,40,56,65,,
API,40,45,114,,
NTC,10,43,200,,
NTC,47,43,100,,
MFIL,42,1,38,,
MFIL,42,58,62,,
PMHPL,45,45,10,,
NBB,5,36,100,,
NABIL,7,58,10,,
JBBL,35,34,100,,
PPCL,50,13,20,,
PPCL,14,13,20,,
NHPC,11,20,100,,
NHPC,21,20,155,,
SRBL,6,36,1000,,
ICFC,51,45,19,,
CHDC,34,4,200,,
MLBL,58,59,100,,
MLBL,58,44,500,,
MLBL,58,43,10,,
TRH,25,19,20,,
HIDCL,35,48,66,,
HIDCL,10,48,400,,
HIDCL,43,48,50,,
HIDCL,57,48,20,,
HIDCL,34,48,500,,
HIDCL,48,48,75,,
HIDCL,8,48,222,,
HIDCL,7,48,200,,
HIDCL,45,48,330,,
HIDCL,44,48,20,,
HIDCL,17,48,117,,
NIFRA,42,6,35,,
NIFRA,28,6,560,,
NIFRA,38,6,100,,
NIFRA,45,6,10,,
NIFRA,58,6,10,,
NIFRA,16,6,10,,
NIFRA,34,6,50,,
NIFRA,1,6,20,,
NIFRA,44,6,100,,
NIFRA,7,6,50,,
PRVU,42,47,134,,
NIFRA,7,6,100,,
NIFRA,20,6,100,,
NIFRA,45,6,20,,
NIFRA,38,6,190,,
NIFRA,58,6,15,,
NIFRA,4,6,200,,
NIFRA,10,6,10,,
NIFRA,7,6,70,,
NIFRA,44,6,100,,
NIFRA,7,6,10,,
NIFRA,58,6,150,,
NIFRA,41,6,40,,
NIFRA,32,6,50,,
NIFRA,32,6,300,,
NIFRA,7,6,50,,
NIFRA,34,6,50,,
NIFRA,16,6,129,,
JOSHI,1,45,100,,
API,1,45,116,,
API,1,34,221,,
API,1,56,100,,
MLBS,41,58,10,,
HIDCL,39,39,1,,
CBL,59,42,2566,,
CBL,34,42,17,,
HDHPC,1,11,90,,
HDHPC,1,34,10,,
NLIC,4,26,50,,
MLBL,48,43,500,,
SANIMA,58,14,282,,
CORBL,59,58,20,,
MLBL,45,43,100,,
UMHL,50,37,10,,
NBL,58,40,83,,
HIDCL,17,48,383,,
HIDCL,56,48,76,,
HIDCL,14,48,80,,
HIDCL,17,48,100,,
HIDCL,6,48,264,,
HIDCL,36,48,10,,
HIDCL,8,48,87,,
MHNL,55,45,10,,
NICBF,37,21,5000,,
AKJCL,49,13,100,,
NHPC,51,20,25,,
CIT,26,54,10,,
NLIC,14,26,100,,
SKBBL,56,38,25,,
GBIME,58,49,793,,
NRIC,29,6,30,,
NRIC,29,52,50,,
NRIC,29,7,20,,
CBBL,26,26,50,,
ICFC,14,38,44,,
ICFC,6,38,50,,
ICFC,28,38,100,,
ICFC,58,38,100,,
ICFC,42,38,20,,
ICFC,33,38,140,,
ICFC,50,38,50,,
ICFC,45,38,406,,
ICFC,57,38,30,,
ICFC,21,38,60,,
ULI,43,45,10,,
JOSHI,47,45,450,,
JOSHI,47,5,50,,
PRVU,6,47,500,,
SANIMA,38,26,300,,
AKJCL,41,13,210,,
AKJCL,41,14,100,,
AKJCL,41,22,100,,
AKJCL,41,26,590,,
SLI,34,59,10,,
CIT,32,33,80,,
NBL,54,40,100,,
RLFL,59,34,520,,
NUBL,25,48,35,,
NRIC,26,7,50,,
SAHAS,29,58,10,,
SAHAS,29,47,10,,
AKPL,53,36,100,,
ICFC,57,52,120,,
AIL,52,10,10,,
KBL,4,42,160,,
NLIC,42,21,5,,
NABIL,7,53,29,,
NABIL,44,53,10,,
HIDCL,39,39,1,,
NBB,59,36,10,,
NICA,20,43,222,,
NICA,34,43,50,,
NICA,33,43,200,,
NICA,43,43,18,,
SHL,14,36,100,,
SHL,14,44,100,,
SHL,14,45,400,,
SHL,14,52,105,,
SAHAS,22,45,10,,
API,22,45,270,,
API,22,37,30,,
CBBL,55,26,295,,
IGI,32,39,1000,,
NIFRA,7,6,10,,
NUBL,10,48,40,,
NIFRA,42,6,40,,
NIFRA,16,45,71,,
NIFRA,49,45,60,,
MPFL,26,6,100,,
LEC,13,13,200,,
UMHL,50,5,360,,
JBBL,42,44,213,,
HDHPC,58,34,50,,
SKBBL,32,38,50,,
GBIME,58,57,50,,
NLIC,34,26,25,,
LBBL,6,34,100,,
LBBL,6,46,100,,
NTC,10,52,50,,
NTC,10,19,300,,
DDBL,1,6,20,,
HDHPC,58,33,650,,
PFL,14,38,100,,
GBIME,42,49,10,,
NUBL,14,48,25,,
UMRH,49,21,20,,
MKJC,49,50,10,,
HIDCL,34,51,116,,
HIDCL,34,4,250,,
HIDCL,34,45,80,,
HIDCL,34,43,500,,
HIDCL,34,58,54,,
ULI,43,1,10,,
CHL,10,53,500,,
NMB,6,11,100,,
MEGA,49,33,88,,
MEGA,56,33,38,,
MEGA,42,33,60,,
MEGA,10,33,14,,
JOSHI,19,14,100,,
JOSHI,36,14,100,,
NRIC,58,7,10,,
MBL,43,48,85,,
MBL,10,48,400,,
MBL,4,48,500,,
MBL,39,48,15,,
ALICL,29,41,50,,
JBLB,35,36,10,,
CBBL,55,26,500,,
AKPL,53,36,50,,
MLBSL,25,1,10,,
SICL,22,34,30,,
GUFL,21,22,100,,
GUFL,21,22,50,,
GUFL,54,22,10,,
HIDCL,58,58,10,,
UPPER,33,52,200,,
UPPER,33,57,40,,
UPPER,33,58,100,,
UPPER,33,37,125,,
MLBSL,1,57,30,,
SANIMA,20,48,200,,
UMRH,28,8,200,,
ULI,49,45,10,,
ULI,49,52,10,,
ULI,49,19,10,,
ULI,49,57,10,,
CHDC,19,49,10,,
ULI,4,44,10,,
MLBL,59,43,10,,
FOWAD,8,58,24,,
ULI,4,46,10,,
NIFRA,58,17,10,,
BOKL,41,38,33,,
BOKL,58,38,17,,
BOKL,34,38,100,,
BOKL,58,38,50,,
JLI,56,1,10,,
GBBL,49,5,121,,
CBL,34,43,100,,
PLI,1,58,10,,
PLI,1,39,10,,
HIDCL,8,57,13,,
HIDCL,59,57,87,,
ADBL,11,52,50,,
NMB,54,50,384,,
NMB,52,50,50,,
NMB,49,50,10,,
NMB,41,50,266,,
NMB,11,50,100,,
NMB,14,50,18,,
SBL,51,38,52,,
SBL,55,38,76,,
SBL,50,38,500,,
SBL,50,38,194,,
SBL,14,38,100,,
SBL,33,38,200,,
SBL,6,38,75,,
SBL,58,38,500,,
SBL,17,38,150,,
SBL,26,38,100,,
GBBL,58,5,50,,
SBL,43,38,200,,
SBL,43,38,200,,
SBL,39,38,500,,
SBL,41,38,100,,
SBL,7,38,100,,
SBL,54,38,200,,
SBL,54,38,77,,
SBL,34,38,500,,
SBL,44,38,125,,
SBL,48,38,170,,
SBL,34,38,25,,
SBL,14,38,726,,
SBL,46,38,100,,
SBL,35,38,30,,
LLBS,57,51,10,,
CHDC,34,4,40,,
CHDC,34,7,10,,
GBBL,58,5,20,,
SAHAS,22,57,10,,
UMRH,28,41,10,,
SHINE,48,57,50,,
SANIMA,42,48,500,,
SHINE,48,52,38,,
SANIMA,58,48,300,,
NIFRA,34,7,40,,
KBL,34,42,40,,
UPPER,47,42,42,,
ALICL,17,32,100,,
FOWAD,8,43,20,,
FOWAD,8,42,15,,
FOWAD,8,58,10,,
FOWAD,8,32,12,,
FOWAD,8,56,31,,
FOWAD,8,13,50,,
FOWAD,8,45,30,,
FOWAD,8,21,10,,
FOWAD,8,26,10,,
FOWAD,8,52,40,,
FOWAD,8,26,13,,
FOWAD,8,34,714,,
FOWAD,8,45,100,,
FOWAD,8,57,15,,
CCBL,6,34,10,,
NIFRA,34,51,10,,
NIFRA,26,51,50,,
BFC,50,32,10,,
NMB,52,11,500,,
SLI,22,44,10,,
HDL,41,50,40,,
PCBL,6,14,50,,
RLI,17,46,10,,
CFCL,57,19,465,,
CFCL,34,19,15,,
CFCL,55,19,10,,
CFCL,48,19,40,,
SHINE,41,52,12,,
SHINE,41,58,288,,
CFCL,48,45,10,,
CBBL,22,26,50,,
NIFRA,1,13,200,,
SSHL,34,28,447,,
SSHL,18,28,250,,
SSHL,13,28,53,,
SPDL,44,26,420,,
SPDL,44,18,17,,
SAHAS,22,7,10,,
SLI,22,45,10,,
MERO,22,22,25,,
MERO,22,26,650,,
MERO,22,7,150,,
MERO,22,43,100,,
MERO,22,48,276,,
MKJC,49,49,10,,
LBBL,7,50,15,,
LBBL,28,50,35,,
LBBL,28,48,65,,
LBBL,28,26,400,,
JBBL,25,44,500,,
JBBL,25,42,200,,
AKJCL,59,26,100,,
RSDC,57,58,10,,
JLI,56,46,10,,
UMHL,34,21,15,,
HIDCL,59,57,413,,
NUBL,56,14,180,,
NLIC,43,26,10,,
HDL,16,50,60,,
CFCL,58,45,50,,
NIFRA,1,44,20,,
NIFRA,34,44,40,,
ALICL,17,32,100,,
ALICL,39,32,100,,
HDHPC,53,38,500,,
JBBL,32,6,99,,
UPPER,47,14,100,,
UPPER,47,58,50,,
RLI,17,51,10,,
ULI,43,11,10,,
NHPC,51,55,60,,
LBBL,38,26,500,,
SIL,48,59,16,,
SCB,34,22,18,,
TRH,43,17,310,,
CZBIL,57,36,100,,
CZBIL,57,28,120,,
PRVU,29,48,97,,
PRVU,54,48,353,,
SANIMA,58,26,700,,
SANIMA,20,26,300,,
SLICL,14,51,30,,
JBLB,25,58,90,,
JBLB,6,58,10,,
JBLB,44,58,40,,
JBLB,5,58,60,,
ULI,4,4,30,,
SKBBL,36,59,17,,
SKBBL,36,59,20,,
SKBBL,19,59,50,,
HIDCL,6,4,36,,
HIDCL,10,4,64,,
UPPER,10,58,50,,
UPPER,10,20,50,,
NMB,19,11,50,,
UPPER,10,33,100,,
ULI,4,51,10,,
SHINE,5,58,50,,
SHINE,45,58,300,,
AHPC,54,49,218,,
NICSF,51,41,200,,
NLIC,38,26,10,,
JBBL,16,6,800,,
HIDCL,5,57,87,,
HIDCL,5,57,40,,
NIL,58,21,30,,
KKHC,4,14,200,,
NIFRA,19,6,75,,
PLI,41,51,10,,
GMFIL,53,44,2251,,
GMFIL,53,6,100,,
GMFIL,53,37,50,,
GMFIL,53,49,100,,
HIDCL,10,54,31,,
AKJCL,38,26,500,,
ULI,43,1,10,,
MLBL,41,43,200,,
GIC,19,44,10,,
PROFL,58,47,200,,
MLBL,7,43,70,,
RLI,58,42,10,,
RLI,58,33,10,,
NIFRA,34,51,10,,
NIFRA,47,51,50,,
JBBL,52,6,100,,
SGI,11,32,25,,
SGI,22,32,50,,
SGI,45,32,10,,
SABSL,45,48,10,,
NABIL,1,58,200,,
SSHL,46,28,500,,
NGPL,55,43,340,,
NHPC,16,55,40,,
MHNL,41,14,50,,
SKBBL,59,59,20,,
SKBBL,56,59,10,,
SKBBL,43,59,40,,
SKBBL,56,59,25,,
SKBBL,38,59,10,,
AKJCL,45,26,150,,
JBBL,52,6,21,,
NABIL,58,58,10,,
NLIC,26,42,261,,
NLIC,43,42,50,,
NLIC,26,42,66,,
NLIC,26,42,20,,
NLIC,32,42,10,,
NLIC,58,42,12,,
NLIC,43,42,11,,
NLIC,10,42,30,,
SHIVM,40,49,15,,
SHIVM,38,49,25,,
SHIVM,52,49,10,,
GBIME,58,49,157,,
GBIME,13,49,200,,
GBIME,25,49,100,,
GBIME,58,49,36,,
GBIME,57,49,107,,
SIL,6,47,13,,
CBBL,55,26,1000,,
SLI,11,58,10,,
SLI,11,4,40,,
SAPDBL,7,4,10,,
SAHAS,22,19,10,,
LBBL,34,26,100,,
LBBL,34,51,200,,
SAHAS,25,35,10,,
NTC,57,14,100,,
NTC,57,21,100,,
NRIC,57,52,50,,
SSHL,42,28,50,,
SSHL,17,28,100,,
LGIL,52,41,108,,
LGIL,50,41,10,,
LGIL,44,41,50,,
PIC,5,6,20,,
NMB,42,11,45,,
SLI,34,6,10,,
JBLB,46,38,10,,
NIL,38,21,80,,
GRDBL,1,47,100,,
SAPDBL,41,4,174,,
SAPDBL,41,38,50,,
CBBL,13,26,10,,
NABIL,57,58,100,,
JLI,58,58,10,,
JLI,58,33,10,,
JLI,58,7,10,,
SHPC,14,58,600,,
MHNL,58,14,25,,
MHNL,58,51,475,,
NUBL,56,28,60,,
ALICL,17,32,130,,
PLI,41,57,10,,
NABIL,49,22,20,,
CBBL,7,26,50,,
MERO,7,48,70,,
MERO,1,48,30,,
MERO,41,48,20,,
MERO,26,48,200,,
MERO,42,48,20,,
MERO,48,48,100,,
MERO,41,48,50,,
MERO,46,48,40,,
MERO,32,48,54,,
MERO,19,48,50,,
RSDC,26,45,10,,
AKPL,45,41,321,,
NRIC,58,42,30,,
NUBL,34,28,40,,
NUBL,34,14,120,,
NGPL,57,43,55,,
NGPL,57,1,25,,
NGPL,57,49,20,,
MLBL,28,43,100,,
AKPL,57,41,20,,
AKPL,6,41,75,,
AKPL,16,41,33,,
AKPL,56,41,51,,
AKJCL,41,26,360,,
CORBL,4,58,50,,
SPDL,32,29,100,,
HDL,5,44,10,,
HDL,5,34,20,,
HDL,5,38,15,,
KKHC,3,14,10,,
JBBL,38,6,200,,
UMHL,56,5,150,,
HDHPC,1,42,170,,
NIFRA,1,38,178,,
NIFRA,14,38,102,,
NIFRA,20,38,50,,
NIFRA,58,38,50,,
NIFRA,22,38,10,,
NIFRA,53,38,200,,
NIFRA,28,38,25,,
NIFRA,57,38,50,,
NIFRA,35,38,50,,
NIFRA,42,38,50,,
NIFRA,35,38,100,,
NIFRA,57,38,300,,
NIFRA,43,38,200,,
NIFRA,35,38,100,,
NIFRA,52,38,30,,
NIFRA,38,38,45,,
NIFRA,29,38,100,,
NIFRA,7,38,30,,
NIFRA,45,38,30,,
MLBL,20,48,500,,
MLBL,28,48,1000,,
MLBL,55,48,99,,
SHEL,6,36,10,,
AKJCL,49,26,300,,
CHDC,28,4,10,,
SANIMA,11,22,20,,
HDHPC,22,42,20,,
HDHPC,22,21,80,,
TPC,32,58,10,,
NUBL,51,14,20,,
JBBL,45,6,100,,
AHPC,4,49,200,,
AKPL,26,36,100,,
NABIL,29,58,250,,
LBBL,39,28,10,,
GIC,19,6,10,,
LBBL,34,28,50,,
NBB,49,57,200,,
HDHPC,56,4,180,,
ICFC,57,44,40,,
ICFC,45,44,10,,
RLI,17,58,10,,
NCCB,42,51,50,,
ALICL,17,32,100,,
NIFRA,45,57,40,,
MEGA,10,49,10,,
NCCB,42,47,40,,
MLBL,38,43,10,,
BOKL,3,43,20,,
UMRH,28,21,60,,
UMRH,7,21,10,,
UMRH,41,21,10,,
UMRH,37,21,200,,
UMRH,41,21,10,,
UMRH,41,21,10,,
NUBL,34,1,40,,
CCBL,49,34,30,,
NRIC,22,42,10,,
NRIC,22,17,40,,
NRIC,22,21,50,,
JBLB,46,36,10,,
CCBL,39,34,100,,
JBBL,32,6,45,,
JBBL,32,52,200,,
JBBL,32,36,755,,
JOSHI,25,28,20,,
SAHAS,25,58,10,,
PRVU,54,54,10,,
SIL,34,47,19,,
EIC,11,50,18,,
SAHAS,25,35,10,,
GFCL,38,41,30,,
GFCL,38,20,200,,
CBBL,41,26,200,,
API,8,37,20,,
NUBL,58,1,10,,
TRH,43,33,500,,
NHPC,56,4,100,,
API,49,36,205,,
API,55,36,10,,
NMB,38,11,100,,
NUBL,47,6,15,,
FOWAD,8,34,286,,
FOWAD,8,11,40,,
FOWAD,8,34,50,,
FOWAD,8,36,20,,
FOWAD,8,42,10,,
FOWAD,8,34,929,,
FOWAD,8,45,40,,
FOWAD,8,21,100,,
FOWAD,8,29,25,,
AKPL,58,36,100,,
MLBS,41,19,10,,
NMBHF1,7,21,6000,,
NIBSF2,37,14,476,,
NIBSF2,42,14,124,,
MLBL,51,48,500,,
MLBL,13,48,100,,
MLBL,56,48,500,,
MLBL,28,48,50,,
NICA,50,28,24,,
NICA,19,28,70,,
NICA,6,28,592,,
NICA,39,28,14,,
NICA,58,28,300,,
NIFRA,58,6,10,,
AKJCL,3,13,10,,
RHPL,10,38,20,,
CGH,5,49,90,,
TRH,43,53,50,,
PLI,41,58,10,,
HIDCL,10,25,925,,
HIDCL,10,19,180,,
JFL,37,5,10,,
ALICL,17,16,202,,
ALICL,57,16,60,,
ALICL,6,16,25,,
NLIC,58,26,11,,
AHPC,45,49,30,,
NIFRA,35,6,40,,
AKPL,56,5,11,,
NFS,39,51,15,,
GBBL,38,18,100,,
GBBL,38,44,27,,
KBL,58,26,17,,
MKJC,49,35,10,,
MLBS,41,49,10,,
JBBL,45,6,20,,
KBL,4,42,87,,
KBL,4,44,130,,
KBL,4,13,111,,
KBL,4,26,120,,
KBL,4,37,50,,
KBL,4,44,202,,
SIL,34,47,19,,
NIFRA,29,6,50,,
RHPL,10,50,80,,
EDBL,33,47,10,,
SJCL,39,51,40,,
PCBL,34,34,100,,
JBBL,57,36,545,,
JBBL,57,4,100,,
JBBL,57,52,50,,
JBBL,57,44,105,,
JBBL,49,44,45,,
SAHAS,25,35,10,,
JBBL,48,44,100,,
CHDC,28,14,10,,
CGH,37,36,10,,
SAHAS,25,7,10,,
SANIMA,58,28,83,,
SANIMA,56,28,417,,
UPPER,16,42,170,,
UPPER,16,28,300,,
UMHL,21,21,100,,
GBBL,35,44,100,,
UPCL,26,7,290,,
NIBSF2,16,14,1000,,
SIL,48,47,17,,
NABIL,49,58,13,,
RURU,58,54,50,,
AKPL,56,16,38,,
AKPL,41,16,13,,
SAHAS,25,57,10,,
KPCL,1,13,20,,
KPCL,50,13,30,,
HURJA,3,42,140,,
NIFRA,6,6,50,,
CHDC,21,57,10,,
NHPC,14,50,15,,
HIDCL,3,19,10,,
SAHAS,25,41,10,,
AHPC,14,36,22,,
AHPC,14,56,90,,
AHPC,14,26,20,,
AHPC,14,28,650,,
AHPC,14,29,218,,
JLI,56,58,10,,
UPPER,36,4,60,,
NICA,6,22,14,,
AKPL,41,43,17,,
SLI,34,57,10,,
SRBL,56,28,10,,
PRVU,54,16,137,,
CZBIL,41,28,30,,
SIL,48,47,10,,
SJCL,39,17,40,,
NMFBS,32,44,90,,
KBL,38,44,100,,
NGPL,55,4,90,,
SAHAS,25,49,10,,
JBBL,57,44,110,,
SAHAS,25,35,10,,
NCCB,25,6,288,,
NCCB,10,6,100,,
NCCB,58,6,10,,
NCCB,58,6,200,,
NCCB,58,6,11,,
NCCB,42,6,10,,
NCCB,58,6,100,,
NCCB,16,6,329,,
NCCB,34,6,15,,
NCCB,45,6,137,,
NUBL,58,53,50,,
NUBL,58,1,50,,
NUBL,58,57,120,,
NUBL,58,58,20,,
NUBL,58,35,11,,
NFS,51,51,15,,
LLBS,35,36,10,,
LLBS,28,36,20,,
LLBS,49,36,50,,
LLBS,17,36,50,,
HURJA,28,42,50,,
HURJA,17,42,2000,,
HURJA,53,42,50,,
NABIL,59,58,10,,
JBLB,5,48,10,,
NTC,49,41,200,,
KSBBL,22,47,77,,
KSBBL,4,47,100,,
KSBBL,57,47,100,,
KSBBL,42,47,200,,
KSBBL,7,47,100,,
KSBBL,46,47,10,,
KSBBL,34,47,10,,
KSBBL,42,47,10,,
KSBBL,58,47,20,,
KSBBL,20,47,500,,
KSBBL,51,47,10,,
KSBBL,10,47,50,,
KSBBL,17,47,200,,
KSBBL,48,47,10,,
KSBBL,56,47,50,,
KSBBL,41,47,50,,
KSBBL,16,47,500,,
KSBBL,7,47,500,,
KSBBL,49,47,150,,
KSBBL,21,47,100,,
KSBBL,34,47,20,,
KSBBL,32,47,500,,
KSBBL,16,47,200,,
KSBBL,21,47,100,,
KSBBL,26,47,100,,
KSBBL,14,47,100,,
KSBBL,1,47,20,,
KSBBL,11,47,200,,
KSBBL,38,47,50,,
KSBBL,6,47,100,,
KSBBL,1,47,50,,
KSBBL,6,47,100,,
KSBBL,1,47,200,,
KSBBL,34,47,50,,
KSBBL,7,47,25,,
KSBBL,55,47,500,,
KSBBL,19,47,10,,
KSBBL,54,47,10,,
KSBBL,56,47,18,,
KSBBL,32,47,50,,
KSBBL,14,47,100,,
KSBBL,38,47,50,,
KSBBL,17,47,500,,
KSBBL,17,47,500,,
KSBBL,58,47,50,,
KSBBL,52,47,10,,
KSBBL,42,47,100,,
KSBBL,42,47,200,,
KSBBL,32,47,100,,
KSBBL,16,47,1000,,
KSBBL,18,47,50,,
KSBBL,50,47,100,,
KSBBL,45,47,50,,
KSBBL,41,47,100,,
KSBBL,32,47,25,,
KSBBL,34,47,500,,
KSBBL,17,47,400,,
KSBBL,58,47,100,,
KSBBL,42,47,100,,
KSBBL,57,47,50,,
KSBBL,36,47,175,,
KSBBL,45,47,490,,
LBBL,46,28,90,,
LBBL,46,38,310,,
IGI,41,22,10,,
IGI,22,22,90,,
IGI,45,22,100,,
NUBL,58,35,118,,
UPCL,25,57,80,,
UPCL,46,57,120,,
UPCL,18,57,500,,
UPCL,49,57,100,,
BARUN,49,43,11,,
GBIME,49,49,55,,
GBIME,49,49,85,,
UPCL,28,51,40,,
CCBL,49,34,10,,
CCBL,49,52,10,,
SHINE,34,58,50,,
CHCL,29,50,30,,
CHCL,29,50,25,,
CHCL,45,50,200,,
CHCL,47,50,100,,
SIL,48,47,10,,
NRIC,29,41,50,,
NRIC,29,19,10,,
NRIC,29,59,100,,
NRIC,29,55,305,,
GBIME,54,49,20,,
MLBS,48,49,10,,
SWBBL,55,34,66,,
SWBBL,49,34,12,,
BOKL,3,43,20,,
NIFRA,6,6,50,,
ULI,44,36,10,,
SFMF,16,51,10000,,
GBIME,45,49,100,,
SLICL,45,51,10,,
SLICL,29,51,44,,
NIFRA,51,6,100,,
SIFC,39,21,85,,
NABIL,39,58,200,,
NABIL,52,58,10,,
NIFRA,34,6,150,,
JLI,56,42,10,,
NBL,45,40,50,,
NBL,45,51,50,,
NGPL,26,4,10,,
NLIC,1,26,60,,
ALICL,5,29,20,,
HURJA,11,42,100,,
HURJA,19,42,300,,
HURJA,11,42,100,,
HURJA,32,42,50,,
HURJA,19,42,20,,
HURJA,39,42,200,,
HURJA,58,42,30,,
HURJA,3,42,50,,
HURJA,57,42,10,,
GRDBL,1,16,400,,
SHEL,58,58,10,,
NRIC,44,51,48,,
FOWAD,8,50,280,,
FOWAD,8,6,50,,
FOWAD,8,6,50,,
FOWAD,8,58,60,,
FOWAD,8,52,14,,
FOWAD,8,44,100,,
FOWAD,8,41,19,,
FOWAD,8,50,10,,
BOKL,3,25,10,,
BOKL,26,25,20,,
BOKL,49,25,20,,
SIL,48,47,15,,
SMATA,6,42,8,,
SMATA,29,42,10,,
NMB,50,11,162,,
KBL,38,44,500,,
KKHC,59,14,140,,
NRIC,45,55,50,,
NICLBSL,26,35,10,,
LEC,43,38,15,,
KSBBL,45,33,10,,
NICA,6,43,394,,
NICA,26,43,100,,
NICA,49,43,50,,
NICA,45,43,110,,
NICA,21,43,25,,
NICA,41,43,50,,
NICA,57,43,50,,
NICA,45,43,51,,
NICA,20,43,100,,
NICA,38,43,1460,,
NICA,8,43,500,,
NICA,8,43,110,,
TPC,32,41,10,,
PLI,38,36,10,,
JBLB,5,45,30,,
JBLB,28,45,10,,
NLIC,11,26,10,,
JBLB,51,36,10,,
NABIL,43,58,100,,
CBBL,1,26,125,,
CBBL,1,28,75,,
UMHL,14,38,300,,
SAHAS,25,52,10,,
NHPC,14,16,15,,
NHPC,32,16,500,,
NHPC,54,16,50,,
RHPL,10,35,20,,
RHPL,32,35,50,,
UPCL,28,51,50,,
NUBL,34,35,200,,
JBBL,52,14,100,,
SADBL,45,32,300,,
AKPL,56,35,154,,
CGH,25,49,200,,
CGH,16,49,30,,
CGH,10,49,10,,
CGH,6,49,170,,
SAHAS,22,38,10,,
NRIC,26,55,100,,
ICFC,44,52,20,,
NABIL,56,58,50,,
SIL,48,47,10,,
SLI,48,4,50,,
SJCL,44,59,10,,
NICA,26,46,30,,
NUBL,38,35,50,,
CBL,49,55,20,,
GBIME,29,49,150,,
MLBS,13,32,10,,
CBBL,55,34,205,,
CBBL,20,34,50,,
CBBL,55,34,400,,
EDBL,1,38,65,,
EDBL,13,38,100,,
EDBL,4,38,100,,
EDBL,19,38,30,,
EDBL,38,38,10,,
EDBL,6,38,25,,
EDBL,14,38,300,,
EDBL,53,38,50,,
EDBL,56,38,130,,
EDBL,38,38,50,,
EDBL,57,38,100,,
EDBL,57,38,20,,
EDBL,29,38,20,,
NIFRA,39,6,12,,
SANIMA,58,34,100,,
MLBL,28,48,490,,
MLBL,10,48,10,,
MLBL,49,48,100,,
HIDCL,3,19,10,,
TPC,32,58,10,,
SJCL,44,6,10,,
JLI,56,45,10,,
AKPL,16,41,117,,
MEGA,46,45,100,,
NHPC,54,17,50,,
SLICL,11,34,92,,
NGPL,43,28,290,,
NGPL,21,28,100,,
NGPL,35,28,10,,
GBIME,57,34,103,,
SLI,34,45,100,,
SHEL,6,59,10,,
FMDBL,35,39,50,,
FMDBL,19,39,50,,
FMDBL,14,39,200,,
AKPL,50,40,100,,
STC,58,56,10,,
GBIME,57,42,90,,
GBIME,56,42,10,,
NICLBSL,4,13,10,,
CIT,50,6,50,,
KSBBL,45,17,500,,
SIL,48,47,20,,
EBL,54,33,200,,
SAHAS,22,26,10,,
CZBIL,19,55,50,,
CZBIL,25,55,50,,
NUBL,51,35,20,,
NMB,52,11,76,,
NMB,52,51,24,,
AKPL,34,50,45,,
NIFRA,29,6,169,,
NIFRA,29,49,31,,
SIC,34,32,20,,
SIC,49,32,30,,
SIC,29,32,50,,
NGPL,35,28,390,,
NGPL,35,28,20,,
NGPL,7,28,100,,
NGPL,21,28,10,,
NGPL,26,28,30,,
NGPL,34,28,50,,
CBBL,55,42,100,,
CBBL,14,42,50,,
GMFIL,53,59,20,,
GBIME,21,49,20,,
BARUN,55,43,250,,
SMATA,32,42,10,,
UPPER,36,38,10,,
UPPER,36,42,34,,
UPPER,36,38,29,,
SWBBL,49,46,28,,
NABIL,13,58,10,,
HDHPC,50,21,100,,
CHCL,39,44,251,,
UIC,34,38,40,,
MLBS,13,8,10,,
PRVU,53,42,82,,
PRVU,58,42,27,,
PRVU,58,42,38,,
UMRH,41,36,10,,
SJCL,44,49,30,,
SHPC,19,57,100,,
RLFL,59,16,150,,
RLFL,59,29,50,,
RLFL,59,39,200,,
RLFL,59,45,80,,
UPPER,36,38,111,,
UPPER,36,36,40,,
UPPER,36,38,100,,
UPPER,36,44,215,,
UPPER,36,49,34,,
NIFRA,45,25,30,,
PCBL,28,34,100,,
NGPL,26,54,70,,
NGPL,13,54,50,,
SAHAS,22,26,10,,
MLBL,21,48,100,,
MLBL,13,48,700,,
MLBL,34,48,200,,
MLBL,13,48,700,,
SWBBL,55,46,12,,
NIFRA,7,49,19,,
NICA,8,43,340,,
NICA,25,43,50,,
NICA,44,43,400,,
NICA,26,43,500,,
NICA,48,43,150,,
NICA,45,43,50,,
NICA,7,43,50,,
NICA,13,43,200,,
NICA,56,43,100,,
NICA,33,43,160,,
NLIC,43,26,288,,
NLIC,43,17,212,,
NLIC,42,17,50,,
SAHAS,22,4,560,,
SAHAS,38,4,270,,
PCBL,6,34,50,,
SICL,54,38,46,,
SPDL,57,16,17,,
SPDL,56,16,30,,
SPDL,57,16,15,,
NICLBSL,4,39,270,,
LBBL,35,44,50,,
RADHI,58,43,127,,
RADHI,45,43,40,,
RADHI,18,43,233,,
HIDCL,48,49,25,,
HIDCL,3,49,10,,
HIDCL,34,49,10,,
SHINE,42,21,100,,
NABIL,22,58,223,,
PSF,47,36,474,,
NHDL,49,17,10,,
SJCL,44,45,460,,
NUBL,37,35,100,,
NTC,10,38,100,,
MDB,57,21,10,,
NIFRA,58,25,10,,
NIFRA,32,25,50,,
NABBC,8,6,95,,
NABBC,8,29,10,,
CZBIL,25,39,950,,
CZBIL,37,39,50,,
SHPC,14,28,377,,
MKJC,49,58,10,,
JBBL,57,58,90,,
CZBIL,37,45,90,,
UIC,34,38,20,,
NMB,14,44,274,,
NMB,45,44,80,,
NMB,56,44,41,,
ALICL,17,16,110,,
ALICL,29,16,10,,
ALICL,16,16,100,,
ALICL,47,16,60,,
NIFRA,39,6,160,,
NIFRA,39,54,40,,
SPDL,57,44,40,,
SPDL,56,44,20,,
SPDL,51,44,10,,
SPDL,38,44,25,,
NBB,17,36,50,,
NBB,14,36,500,,
NBB,57,36,200,,
HDHPC,32,20,325,,
HDHPC,55,20,100,,
HDHPC,48,20,45,,
HDHPC,19,20,30,,
HDHPC,6,20,300,,
HDHPC,39,20,200,,
UPCL,58,7,10,,
UPCL,11,7,100,,
RSDC,18,58,100,,
UMHL,22,21,85,,
NUBL,36,38,15,,
SAHAS,22,34,10,,
GBIME,34,49,25,,
AKPL,28,50,100,,
HURJA,57,50,10,,
SICL,58,38,20,,
EBL,13,44,650,,
NIFRA,57,54,20,,
NHPC,45,58,600,,
GBBL,51,20,300,,
GBBL,14,20,200,,
BNT,28,34,10,,
AKJCL,4,26,790,,
AKJCL,44,26,200,,
AKJCL,43,26,50,,
NBL,6,40,38,,
NBL,6,35,62,,
NBL,6,57,100,,
UPPER,28,50,40,,
SINDU,17,32,40,,
SINDU,45,32,60,,
ALICL,56,41,60,,
PIC,5,57,36,,
SAHAS,22,34,10,,
SBI,38,17,600,,
BPCL,59,39,78,,
BPCL,11,39,100,,
BPCL,43,39,50,,
AHPC,1,29,20,,
LBBL,21,48,100,,
MLBSL,54,57,40,,
HIDCL,58,17,9,,
CBL,58,38,20,,
NHPC,54,38,100,,
SAHAS,22,1,10,,
API,44,46,300,,
API,34,46,700,,
NMFBS,16,44,10,,
NLBBL,33,34,102,,
CHDC,58,4,280,,
OHL,17,41,500,,
CHDC,19,4,1000,,
CHDC,57,4,20,,
CHDC,47,4,100,,
CHDC,3,4,200,,
KPCL,50,43,70,,
KPCL,32,43,10,,
UMRH,41,21,10,,
MDB,43,22,20,,
SAHAS,22,46,10,,
MEGA,10,26,76,,
MEGA,48,26,424,,
NICLBSL,13,4,240,,
NICA,45,47,11,,
NLIC,57,17,10,,
NICA,58,47,30,,
MLBSL,41,13,12,,
CFCL,45,45,140,,
CFCL,32,45,200,,
UMHL,22,6,40,,
NUBL,36,14,100,,
NUBL,36,16,14,,
PFL,14,35,60,,
PFL,14,20,408,,
JLI,45,58,10,,
MNBBL,57,48,428,,
MLBS,34,56,10,,
KBL,58,44,188,,
CIT,8,39,21,,
CIT,17,39,20,,
CIT,13,39,25,,
CIT,14,39,10,,
CIT,29,39,10,,
CIT,32,39,100,,
CIT,35,39,10,,
CIT,50,39,44,,
CIT,59,39,20,,
CIT,13,39,50,,
CIT,34,39,60,,
CIT,14,39,10,,
CIT,41,39,10,,
CIT,6,39,10,,
MNBBL,3,48,22,,
MNBBL,3,58,41,,
GBIME,56,45,20,,
MLBS,34,34,10,,
SICL,11,38,30,,
SABSL,59,40,100,,
SFCL,1,14,20,,
BFC,28,5,200,,
BFC,48,5,100,,
JBLB,28,49,10,,
MNBBL,49,58,30,,
ULI,44,50,10,,
ACLBSL,52,36,10,,
GBIME,32,32,57,,
GBIME,19,32,100,,
GBIME,29,32,53,,
NLICL,56,25,30,,
UIC,34,38,30,,
AKJCL,49,26,100,,
SLI,34,16,10,,
GBBL,51,14,370,,
GBBL,35,14,600,,
GBBL,3,14,200,,
GBBL,14,14,30,,
GBBL,45,14,20,,
GBBL,13,14,50,,
GBBL,19,14,10,,
GBBL,14,14,140,,
GBBL,58,14,10,,
GBBL,54,14,70,,
NICA,58,47,10,,
AKJCL,20,26,50,,
SHPC,14,57,100,,
UMHL,14,5,190,,
UMHL,14,57,10,,
NTC,10,26,30,,
HPPL,52,25,50,,
SLI,34,56,10,,
RADHI,18,49,135,,
CMF2,28,52,2500,,
UPCL,36,49,50,,
CCBL,56,39,603,,
CCBL,38,39,10,,
SBL,55,32,20,,
NMB,56,17,10,,
TPC,32,50,10,,
LEC,52,55,10,,
ILBS,42,33,10,,
HIDCL,38,38,75,,
SANIMA,58,56,12,,
PRVU,58,34,12,,
PRVU,32,34,50,,
PRVU,8,34,38,,
ALICL,42,41,25,,
HDHPC,34,42,10,,
NTC,10,56,20,,
SSHL,13,50,347,,
SSHL,5,50,10,,
SSHL,35,50,50,,
SSHL,11,50,100,,
SSHL,50,50,725,,
SSHL,4,50,100,,
SSHL,41,50,10,,
SSHL,25,50,200,,
SSHL,51,50,100,,
SSHL,57,50,500,,
SSHL,57,50,76,,
SSHL,51,50,200,,
SSHL,42,50,80,,
SSHL,18,50,50,,
SSHL,13,50,200,,
SSHL,43,50,28,,
CMF1,44,13,500,,
SLI,34,58,10,,
TRH,43,53,50,,
API,34,21,10,,
API,34,42,110,,
API,34,58,30,,
API,34,57,10,,
API,34,45,30,,
API,34,21,110,,
NTC,10,48,50,,
SJCL,57,50,20,,
SHPC,49,57,100,,
SHPC,49,6,50,,
SHPC,49,49,50,,
SJCL,57,6,40,,
KSBBL,35,56,10,,
SKBBL,25,59,170,,
SKBBL,25,22,30,,
TPC,32,41,10,,
TPC,34,35,10,,
MKJC,49,14,30,,
MKJC,20,14,100,,
UNHPL,42,38,100,,
NBL,10,48,40,,
GMFIL,53,49,39,,
GMFIL,53,52,40,,
SHEL,6,36,10,,
NLIC,34,17,125,,
MEGA,48,45,76,,
MEGA,28,45,20,,
MEGA,57,45,50,,
MEGA,48,45,134,,
MEGA,39,45,70,,
AKPL,28,46,10,,
AKPL,14,46,990,,
NLIC,10,17,20,,
SHINE,25,58,20,,
NLIC,43,52,29,,
ULI,21,58,10,,
NBL,1,42,100,,
ICFC,57,57,40,,
ICFC,26,57,250,,
ICFC,54,57,100,,
ICFC,58,57,100,,
ICFC,25,57,10,,
TPC,34,1,10,,
MDB,43,17,89,,
UIC,18,38,41,,
RHPL,33,6,60,,
RHPL,49,6,20,,
SHINE,26,14,1072,,
SHINE,20,14,508,,
SHINE,21,14,120,,
HDHPC,42,21,100,,
NIFRA,59,6,30,,
GBIME,6,6,33,,
CORBL,16,4,10,,
SGI,11,50,10,,
GBIME,29,49,447,,
GBIME,6,49,100,,
GBIME,39,49,100,,
GBIME,49,49,50,,
GBIME,49,49,50,,
GBIME,7,49,10,,
GBIME,50,49,20,,
GBIME,6,49,23,,
GBIME,58,49,100,,
AKPL,14,21,10,,
PRVU,8,17,100,,
PRVU,8,1,362,,
SANIMA,41,58,10,,
MHNL,59,33,100,,
NBL,10,48,400,,
NIFRA,47,6,100,,
NBL,35,48,60,,
NIFRA,54,6,65,,
NLIC,57,14,40,,
NICA,22,47,50,,
NLIC,17,14,10,,
NIBLPF,10,41,100,,
API,26,21,190,,
API,26,45,310,,
HDHPC,34,42,40,,
HDHPC,18,42,30,,
RLI,17,50,10,,
AKPL,22,34,147,,
AKPL,50,34,50,,
AKPL,32,34,53,,
AKJCL,45,26,370,,
AKJCL,1,26,480,,
SAHAS,22,6,10,,
SAHAS,22,58,10,,
TPC,34,40,10,,
HIDCL,35,4,62,,
NTC,47,49,50,,
AKPL,32,46,47,,
AKPL,14,46,20,,
AKPL,35,46,100,,
AKPL,6,46,100,,
AKPL,50,46,17,,
AKPL,53,46,50,,
AKPL,38,46,25,,
ILBS,28,7,50,,
AKPL,51,46,100,,
ILBS,34,7,10,,
AKPL,50,46,39,,
ILBS,28,7,10,,
AKPL,36,46,165,,
AKPL,35,46,100,,
AKPL,11,46,12,,
AKPL,56,46,75,,
AKPL,22,46,100,,
AKPL,59,46,50,,
NICLBSL,42,4,10,,
UNHPL,42,29,110,,
SGI,46,6,10,,
SGI,46,4,10,,
SWBBL,54,46,10,,
SWBBL,29,38,83,,
UMHL,22,11,25,,
SAHAS,22,38,10,,
AKJCL,1,26,20,,
AKJCL,34,26,100,,
AKJCL,45,26,50,,
AKJCL,34,26,50,,
AKJCL,21,26,50,,
AKJCL,34,26,200,,
AKJCL,41,26,30,,
AKJCL,28,26,1000,,
AKJCL,45,26,500,,
AKJCL,16,26,500,,
AKJCL,56,26,50,,
AKJCL,45,26,350,,
AKJCL,32,26,50,,
AKJCL,39,26,50,,
GBBL,54,17,30,,
PLI,16,50,10,,
NBL,10,17,100,,
UIC,18,38,50,,
RADHI,18,54,60,,
MLBSL,21,57,10,,
NIFRA,54,42,85,,
NIFRA,44,42,50,,
NIFRA,45,42,10,,
NIFRA,58,42,25,,
NIFRA,13,42,10,,
NIFRA,36,42,15,,
NIFRA,46,42,150,,
NIFRA,32,42,500,,
NIFRA,21,42,100,,
NIFRA,59,42,15,,
NIFRA,41,42,25,,
NIFRA,58,42,20,,
NIFRA,19,42,10,,
NIFRA,21,42,100,,
NIFRA,21,42,20,,
NIFRA,45,42,680,,
NIFRA,45,42,50,,
NMB,58,51,100,,
NIFRA,35,42,50,,
NIFRA,6,42,400,,
NIFRA,25,42,20,,
NIFRA,20,42,50,,
NIFRA,52,42,50,,
NIFRA,58,42,60,,
NIFRA,58,42,30,,
NIFRA,7,42,10,,
NIFRA,7,42,10,,
NIFRA,44,42,100,,
NIFRA,48,42,250,,
NIFRA,6,42,26,,
NIFRA,16,42,200,,
NIFRA,47,42,100,,
NIFRA,32,42,10,,
NIFRA,45,42,250,,
NIFRA,11,42,500,,
NIFRA,29,42,140,,
NIFRA,43,42,89,,
NIFRA,49,42,10,,
NIFRA,45,42,80,,
ALBSL,34,28,10,,
HIDCL,45,39,200,,
HIDCL,28,39,100,,
HIDCL,57,39,400,,
NRIC,44,36,50,,
NRN,39,14,59,,
NRN,43,14,50,,
NRN,58,14,10,,
NRN,10,14,50,,
NRN,33,14,931,,
EBL,41,50,105,,
GBIME,51,6,100,,
GBIME,43,6,10,,
GBIME,35,6,199,,
SAHAS,22,38,10,,
API,48,38,150,,
FMDBL,58,39,20,,
FMDBL,34,39,20,,
FMDBL,17,39,30,,
FMDBL,58,39,50,,
FMDBL,49,39,10,,
FMDBL,32,39,10,,
FMDBL,47,39,200,,
FMDBL,1,39,10,,
NABIL,4,58,250,,
FMDBL,29,39,500,,
FMDBL,6,39,34,,
FMDBL,44,39,500,,
FMDBL,33,39,100,,
FMDBL,43,39,25,,
FMDBL,38,39,100,,
GIMES1,58,49,44000,,
MLBL,13,48,168,,
SHINE,21,58,500,,
NLIC,49,17,43,,
NICLBSL,4,50,10,,
UMHL,22,57,50,,
GBBL,41,21,100,,
NTC,47,45,50,,
BOKL,58,45,10,,
BOKL,38,45,20,,
BOKL,49,45,20,,
BOKL,53,45,50,,
HIDCL,49,38,25,,
NABIL,4,58,45,,
NABIL,4,39,205,,
SABSL,34,40,100,,
RURU,58,42,50,,
HIDCL,49,41,25,,
MDB,43,44,62,,
GUFL,16,26,45,,
GUFL,47,26,355,,
NMFBS,45,48,10,,
SLI,33,58,10,,
SINDU,45,49,150,,
ULI,34,38,10,,
MERO,32,20,46,,
MERO,43,20,10,,
GHL,58,59,30,,
CFCL,32,33,150,,
NTC,10,17,80,,
GBIME,19,49,30,,
SHINE,29,58,100,,
MNBBL,4,58,229,,
MNBBL,4,34,20,,
MNBBL,4,33,151,,
KPCL,32,50,10,,
MLBL,13,17,32,,
TPC,49,38,10,,
CBBL,53,1,17,,
CBBL,49,1,20,,
CBBL,45,1,10,,
CBBL,22,1,20,,
CBBL,55,1,10,,
MLBSL,13,57,10,,
GUFL,47,43,25,,
SWBBL,35,38,14,,
KBL,58,44,10,,
KRBL,35,17,60,,
KRBL,52,17,10,,
KRBL,55,17,50,,
KRBL,4,17,50,,
KRBL,41,17,100,,
KRBL,38,17,30,,
KRBL,57,17,50,,
KRBL,42,17,10,,
PRVU,53,1,23,,
MLBS,34,45,10,,
AKPL,14,40,50,,
NBL,10,45,150,,
SAEF,7,42,16060,,
CFCL,45,33,100,,
SHINE,43,58,200,,
CHCL,6,39,50,,
CHCL,59,39,500,,
CHCL,59,39,20,,
CHCL,38,39,51,,
CHCL,32,39,90,,
MLBS,34,42,10,,
SWBBL,35,48,16,,
CFCL,3,33,100,,
CFCL,1,33,20,,
CFCL,56,33,50,,
ALICL,47,58,40,,
GBIME,35,41,28,,
API,34,55,400,,
API,34,40,49,,
API,34,38,32,,
MBL,39,22,35,,
NICA,45,47,20,,
AIL,44,33,10,,
SAHAS,38,41,10,,
SPDL,38,21,100,,
CGH,6,49,10,,
PCBL,35,14,30,,
PCBL,54,14,72,,
SLI,33,38,10,,
MLBS,13,52,10,,
HIDCL,45,1,171,,
HIDCL,21,1,100,,
HIDCL,25,1,10,,
HIDCL,34,1,65,,
HIDCL,8,1,34,,
HIDCL,56,1,90,,
HIDCL,19,1,30,,
SAHAS,38,56,10,,
LBBL,10,14,80,,
LBBL,28,14,50,,
LBBL,38,14,100,,
LBBL,59,14,100,,
LBBL,20,14,20,,
LBBL,28,14,50,,
NIFRA,45,17,10,,
JSLBB,45,45,4,,
SBL,42,32,20,,
CBL,8,38,30,,
SAHAS,38,35,10,,
SANIMA,58,57,23,,
JBBL,32,17,20,,
JBBL,28,17,605,,
JBBL,32,17,50,,
JBBL,58,17,100,,
JBBL,40,17,100,,
JBBL,21,17,125,,
UMHL,38,57,50,,
BARUN,55,5,700,,
HDL,39,20,10,,
API,49,40,51,,
API,49,26,30,,
API,49,34,999,,
API,49,37,20,,
LEC,52,55,200,,
API,42,37,30,,
SAHAS,38,1,10,,
NEF,17,42,16533,,
NEF,14,42,5000,,
NEF,28,42,10000,,
NEF,53,42,10000,,
NEF,53,42,10000,,
NEF,49,42,500,,
NEF,13,42,10000,,
NEF,6,42,5000,,
NEF,56,42,2284,,
NEF,4,42,29683,,
NMB,41,42,34,,
NEF,52,42,1000,,
GMFIL,53,52,50,,
NICA,41,47,50,,
PCBL,54,49,128,,
PCBL,36,49,450,,
PCBL,6,49,10,,
PCBL,13,49,100,,
PCBL,49,49,50,,
PCBL,41,49,100,,
PCBL,25,49,162,,
SAHAS,38,44,10,,
AKJCL,36,13,10,,
IGI,41,53,87,,
SJCL,57,59,40,,
ULI,34,38,10,,
RURU,16,6,233,,
RURU,38,6,60,,
MLBL,50,17,50,,
JLI,45,35,10,,
API,42,41,162,,
DDBL,57,6,36,,
DDBL,21,6,30,,
TRH,43,33,430,,
UPPER,20,44,50,,
GUFL,4,43,99,,
GUFL,38,43,11,,
GUFL,21,43,50,,
GUFL,46,43,90,,
HIDCL,19,44,10,,
HIDCL,48,44,30,,
NMFBS,42,45,20,,
NMFBS,22,45,80,,
NIFRA,45,21,10,,
NIFRA,6,21,60,,
HDHPC,6,14,100,,
HDHPC,48,14,200,,
HDHPC,51,14,500,,
HDHPC,32,14,150,,
HDHPC,28,14,1000,,
HDHPC,35,14,50,,
NHPC,25,16,100,,
NTC,10,17,70,,
JLI,6,49,10,,
GBIME,22,49,10,,
MLBSL,41,14,20,,
NABIL,51,39,100,,
SAHAS,38,38,10,,
UIC,18,38,35,,
HURJA,48,50,10,,
CBBL,55,34,129,,
CBBL,55,34,10,,
AKPL,52,17,500,,
AKPL,56,35,25,,
AKPL,41,35,50,,
AKPL,53,35,25,,
TRH,43,33,70,,
EBL,42,44,10,,
PCBL,25,34,34,,
NBL,33,45,150,,
AKPL,50,54,27,,
JOSHI,19,48,80,,
JOSHI,48,48,20,,
SICL,52,34,30,,
MNBBL,21,33,10,,
NTC,42,14,200,,
NTC,42,33,100,,
NTC,42,38,70,,
NTC,42,44,30,,
NABIL,22,39,30,,
AKJCL,50,13,500,,
CHDC,17,38,10,,
SHL,8,57,1468,,
SWBBL,52,38,17,,
SAEF,37,42,1000,,
SAEF,32,42,2000,,
SAEF,37,42,3000,,
SAEF,50,42,1500,,
SAEF,4,42,10000,,
SAEF,7,42,12000,,
SAEF,14,42,5000,,
SAEF,50,42,2000,,
SAEF,41,42,5000,,
SAEF,7,42,7000,,
SAEF,37,42,2000,,
SAEF,38,42,2500,,
SAEF,28,42,3000,,
SAEF,7,42,7000,,
SAEF,41,42,5000,,
SAEF,37,42,5000,,
NUBL,21,16,10,,
NTC,10,6,20,,
NTC,40,6,30,,
NTC,57,6,50,,
NIL,57,35,50,,
NRIC,34,57,40,,
NCCB,45,52,63,,
SAHAS,40,45,10,,
SAHAS,40,49,10,,
AKJCL,58,13,1153,,
IGI,8,53,20,,
TRH,43,50,430,,
TRH,43,50,80,,
SPDL,58,32,150,,
SPDL,4,32,100,,
SPDL,26,32,50,,
SPDL,38,32,10,,
SPDL,42,32,100,,
SPDL,46,32,100,,
SPDL,7,32,15,,
BPCL,59,17,243,,
BPCL,48,17,257,,
CBL,56,14,500,,
CBL,56,26,50,,
RMDC,53,35,40,,
CBL,56,59,100,,
CBL,56,44,30,,
IGI,35,39,5000,,
IGI,42,39,100,,
GBIME,7,49,10,,
AKJCL,58,26,330,,
AKJCL,19,26,300,,
AKJCL,7,26,100,,
AKJCL,52,26,70,,
AKJCL,33,26,200,,
SAHAS,22,38,10,,
SRBL,10,7,34,,
HIDCL,8,44,50,,
API,25,34,100,,
MFIL,38,57,100,,
MFIL,36,57,50,,
SHPC,22,6,100,,
SHPC,22,45,100,,
SHPC,22,21,100,,
SAHAS,22,58,10,,
STC,58,7,10,,
SLI,33,35,10,,
MLBSL,45,57,40,,
AKPL,53,14,75,,
AKPL,11,14,400,,
AKPL,43,14,100,,
AKPL,11,14,100,,
AKPL,18,14,20,,
AKPL,36,14,100,,
AKPL,51,14,80,,
AKPL,44,14,100,,
AKPL,51,14,100,,
AKPL,33,14,50,,
AKPL,32,14,100,,
AKPL,47,14,100,,
AKPL,38,14,25,,
AKPL,3,14,150,,
BOKL,53,25,50,,
SAHAS,22,6,10,,
SICL,6,34,20,,
SAHAS,22,49,10,,
NMB,48,51,20,,
JOSHI,46,58,30,,
JOSHI,33,58,83,,
LEC,14,51,400,,
NABBC,6,29,10,,
NIFRA,6,49,20,,
NIFRA,58,49,40,,
CBBL,34,26,10,,
KSBBL,4,33,100,,
PCBL,39,34,66,,
GBBL,14,17,360,,
GBBL,6,17,20,,
GBBL,36,17,100,,
GBBL,14,17,20,,
MEGA,39,16,100,,
JOSHI,33,5,30,,
LBBL,59,26,1000,,
MSLB,52,13,20,,
KPCL,32,14,10,,
HDL,47,20,10,,
GBIME,35,48,73,,
GBIME,16,48,200,,
RHPL,14,49,60,,
GFCL,19,44,20,,
CBL,56,44,270,,
CBL,56,25,700,,
CBL,56,38,30,,
SRBL,22,7,31,,
SLICL,45,41,15,,
AKPL,50,54,15,,
AKPL,50,35,70,,
AKPL,50,21,15,,
NICLBSL,22,4,50,,
NICLBSL,28,4,100,,
NICLBSL,17,4,100,,
NICLBSL,13,4,500,,
UPCL,36,35,90,,
NHPC,14,16,255,,
NFS,40,47,50,,
CCBL,53,35,50,,
CCBL,53,38,55,,
FOWAD,8,19,31,,
FOWAD,8,34,30,,
FOWAD,8,34,50,,
FOWAD,8,42,10,,
FOWAD,8,49,10,,
AKPL,3,43,50,,
AKPL,45,43,50,,
API,39,16,175,,
BFC,35,57,80,,
BFC,35,58,30,,
GIMES1,6,49,820,,
GIMES1,13,49,3000,,
GIMES1,8,49,1300,,
GIMES1,32,49,5000,,
GIMES1,49,49,10000,,
GIMES1,45,49,2000,,
GIMES1,45,49,2000,,
GIMES1,45,49,2000,,
GIMES1,45,49,2000,,
GIMES1,45,49,2000,,
GIMES1,45,49,2000,,
GIMES1,45,49,1000,,
GIMES1,6,49,900,,
GIMES1,42,49,15000,,
GIMES1,45,49,632,,
SANIMA,56,14,483,,
LBBL,21,4,200,,
SHPC,46,21,100,,
PCBL,39,52,34,,
NRIC,34,57,30,,
AKPL,6,21,85,,
RHPL,14,6,20,,
RHPL,14,49,1682,,
RHPL,14,58,20,,
RHPL,14,59,50,,
RHPL,14,52,100,,
RHPL,14,57,60,,
NHPC,35,16,80,,
NIFRA,58,57,10,,
UPPER,28,16,10,,
UPPER,28,52,20,,
SLI,34,38,10,,
NICLBSL,26,33,10,,
NICLBSL,26,16,10,,
NICLBSL,26,22,10,,
ICFC,57,10,20,,
SLI,34,44,10,,
CCBL,14,14,2,,
SHINE,49,58,35,,
NHPC,58,28,350,,
NHPC,58,28,150,,
KRBL,36,17,120,,
KRBL,58,17,20,,
LBBL,21,4,460,,
LBBL,13,4,100,,
LBBL,29,4,150,,
LBBL,58,4,20,,
LBBL,55,4,30,,
LBBL,20,4,10,,
LBBL,32,4,230,,
LBBL,54,4,200,,
SPDL,51,29,100,,
NBL,44,22,16,,
NBL,44,52,24,,
AHPC,44,29,20,,
HGI,35,38,30,,
JBBL,58,58,20,,
GBIME,6,49,50,,
NLBBL,58,13,20,,
NLBBL,43,13,20,,
SRBL,11,7,100,,
NLBBL,43,46,30,,
ULI,34,38,10,,
NICA,29,47,10,,
NBL,58,52,50,,
JBLB,6,38,5,,
SAHAS,22,44,10,,
BOKL,53,44,100,,
NABIL,45,39,120,,
ULI,34,38,10,,
PLI,38,58,10,,
NTC,58,21,20,,
NBL,57,52,20,,
NLIC,26,34,100,,
AHPC,32,43,100,,
AKPL,6,20,15,,
MFIL,38,50,100,,
HIDCL,34,17,25,,
HIDCL,22,17,50,,
ULI,34,6,10,,
AKJCL,19,48,250,,
AKJCL,19,33,355,,
NHPC,35,34,100,,
PRVU,41,1,50,,
BPCL,4,40,50,,
SBI,6,32,458,,
SBI,6,35,20,,
SBI,6,52,272,,
SBI,6,52,200,,
SBI,6,33,50,,
NRIC,34,14,20,,
SEF,6,42,6445,,
SEF,29,42,10000,,
SEF,29,42,10000,,
SEF,29,42,10000,,
SEF,29,42,10000,,
SEF,59,42,45425,,
SEF,10,42,30000,,
SEF,32,42,2000,,
SEF,26,42,500,,
SEF,33,42,2000,,
SEF,32,42,2000,,
SEF,59,42,50000,,
SEF,35,42,10000,,
SEF,59,42,50000,,
SEF,6,42,50000,,
SEF,6,42,50000,,
SEF,4,42,10000,,
SEF,26,42,10000,,
SEF,6,42,6000,,
SEF,59,42,50000,,
SEF,6,42,3000,,
SEF,26,42,10000,,
SEF,6,42,10000,,
SEF,6,42,15555,,
SEF,26,42,10000,,
SEF,21,42,2000,,
SEF,14,42,500,,
SEF,10,42,10575,,
SEF,41,42,10000,,
SEF,6,42,5000,,
SEF,33,42,4000,,
SEF,11,42,5000,,
JOSHI,46,35,20,,
MLBL,3,13,200,,
RADHI,18,22,487,,
RADHI,45,22,100,,
SABSL,26,40,200,,
SGI,49,49,10,,
SAHAS,22,6,10,,
SANIMA,56,57,100,,
SAHAS,22,14,10,,
UIC,56,34,330,,
UIC,56,38,20,,
UIC,56,42,30,,
UNHPL,42,43,50,,
UNHPL,42,51,15,,
SAHAS,38,58,10,,
SAHAS,38,34,10,,
KSBBL,57,58,8,,
KSBBL,57,17,47,,
KSBBL,4,17,43,,
KSBBL,22,17,20,,
KSBBL,34,17,10,,
KSBBL,57,17,100,,
KSBBL,19,17,10,,
KSBBL,55,17,270,,
NABIL,59,39,10,,
SLI,34,38,10,,
MLBL,3,44,107,,
MLBL,3,44,584,,
NFS,53,45,20,,
HIDCL,34,17,50,,
HIDCL,21,17,240,,
HIDCL,58,17,20,,
HIDCL,41,17,135,,
HIDCL,58,17,50,,
HIDCL,1,17,221,,
MKJC,49,38,10,,
NABIL,48,39,25,,
SAHAS,38,54,10,,
SLICL,49,26,4,,
SAHAS,38,41,10,,
AKPL,59,20,285,,
NLIC,26,21,70,,
NLIC,45,21,10,,
PLI,7,6,10,,
LBBL,35,38,40,,
SSHL,43,4,22,,
SSHL,41,4,500,,
SSHL,18,4,50,,
SSHL,33,4,250,,
SSHL,45,4,28,,
SSHL,6,4,150,,
MLBL,38,44,100,,
SICL,35,34,100,,
MLBL,17,44,40,,
NIFRA,53,57,130,,
NIFRA,53,45,40,,
NIFRA,53,42,60,,
NIFRA,53,49,60,,
BPCL,48,51,243,,
BPCL,32,51,60,,
SCB,42,10,50,,
SCB,20,10,10,,
NHPC,35,34,20,,
NHPC,47,34,80,,
SAHAS,38,38,10,,
CFCL,56,57,50,,
MLBSL,16,22,10,,
CZBIL,37,51,500,,
MLBL,3,44,2000,,
NLIC,26,25,54,,
HGI,35,38,41,,
NLIC,1,6,50,,
RLFL,32,45,120,,
RLFL,32,58,20,,
RLFL,32,21,30,,
SADBL,58,48,50,,
SADBL,38,48,300,,
SADBL,35,48,50,,
SADBL,16,48,10,,
SADBL,35,48,90,,
LBBL,32,17,270,,
LBBL,18,17,100,,
NABIL,28,39,100,,
LBBL,25,17,20,,
NABIL,17,39,10,,
LBBL,34,17,10,,
NABIL,52,39,50,,
LBBL,21,17,100,,
NABIL,49,39,25,,
NABIL,45,39,15,,
NABIL,13,39,100,,
NABIL,49,39,10,,
CHDC,49,6,10,,
NIFRA,58,45,20,,
NBL,42,52,20,,
AKPL,59,41,585,,
MNBBL,8,38,50,,
API,48,16,325,,
HDHPC,25,50,65,,
AKPL,59,3,130,,
AKPL,14,3,150,,
AKPL,57,3,500,,
AKPL,34,3,50,,
AKPL,29,3,100,,
AKPL,54,3,20,,
AKPL,59,3,50,,
SAHAS,49,49,10,,
ALBSL,6,45,25,,
ALBSL,25,45,30,,
ALBSL,16,45,22,,
ALBSL,58,45,23,,
CBBL,57,26,25,,
UMHL,57,28,86,,
UMHL,26,28,70,,
UMHL,49,28,10,,
UMHL,58,28,34,,
UMHL,4,28,200,,
CZBIL,37,6,360,,
API,22,6,700,,
CZBIL,34,6,50,,
CZBIL,38,6,300,,
API,4,6,100,,
CZBIL,8,6,309,,
API,45,6,200,,
AHPC,26,29,459,,
ULI,34,38,10,,
GBIME,50,49,500,,
SICL,35,34,33,,
MLBS,11,35,10,,
MLBS,11,49,10,,
SPDL,49,6,50,,
GFCL,59,40,75,,
NUBL,19,58,26,,
BFC,50,58,10,,
KSBBL,55,38,30,,
PIC,40,57,14,,
MLBL,35,44,400,,
HURJA,48,6,10,,
JOSHI,46,59,20,,
CGH,59,6,10,,
NHPC,49,43,465,,
SLI,34,38,10,,
MLBL,48,44,200,,
PMHPL,45,11,63,,
ICFC,57,10,30,,
AKPL,21,35,25,,
SIFC,57,17,500,,
UNHPL,33,51,50,,
UNHPL,45,51,20,,
MLBL,54,44,500,,
MLBL,3,44,3000,,
UMHL,4,38,100,,
NABIL,49,58,10,,
CORBL,53,57,10,,
UPPER,40,52,10,,
UPPER,45,52,20,,
NBL,1,52,51,,
SHPC,14,38,50,,
KBL,51,38,30,,
CHDC,58,7,20,,
CHDC,50,7,20,,
CHDC,17,7,10,,
CHDC,50,7,10,,
BPCL,32,40,17,,
NABIL,52,58,50,,
RADHI,50,28,300,,
MNBBL,55,26,963,,
MNBBL,26,26,100,,
MNBBL,57,26,100,,
MNBBL,6,26,100,,
MNBBL,3,26,310,,
SAHAS,38,34,10,,
SINDU,45,17,190,,
SINDU,4,17,50,,
SINDU,5,17,10,,
SINDU,6,17,150,,
SINDU,48,17,100,,
SJCL,41,49,20,,
SHPC,22,45,500,,
ULI,45,11,200,,
MLBL,48,44,200,,
SBL,42,32,50,,
GBIME,58,17,112,,
ADBL,13,1,50,,
JBLB,4,44,20,,
JBLB,4,48,10,,
MLBL,52,44,20,,
HDHPC,42,38,10,,
SLI,47,38,10,,
HPPL,57,54,20,,
HPPL,49,54,20,,
HPPL,52,54,10,,
HIDCL,1,6,700,,
SHEL,47,6,10,,
GBIME,49,17,20,,
CZBIL,8,57,191,,
CZBIL,19,57,10,,
CZBIL,58,57,20,,
CZBIL,54,57,29,,
CZBIL,58,57,50,,
CZBIL,55,57,70,,
CZBIL,11,57,100,,
CZBIL,19,57,30,,
MLBL,36,1,60,,
MLBL,19,1,10,,
MLBL,11,1,100,,
MLBL,49,1,280,,
HIDCL,1,45,79,,
HIDCL,41,45,60,,
HIDCL,8,45,50,,
HIDCL,57,45,15,,
HIDCL,38,45,100,,
HIDCL,40,45,100,,
NABIL,45,58,201,,
HIDCL,1,45,106,,
BFC,51,58,10,,
SLI,47,49,10,,
NHPC,47,56,425,,
PLI,35,42,212,,
PLI,8,42,50,,
PLI,29,42,50,,
PLI,35,42,100,,
PLI,58,42,64,,
PLI,19,42,20,,
PLI,45,42,40,,
PLI,18,42,100,,
PLI,52,42,20,,
PLI,21,42,90,,
PLI,33,42,20,,
PLI,58,42,20,,
PLI,14,42,20,,
PLI,44,42,10,,
PLI,45,42,100,,
PLI,53,42,100,,
PLI,45,42,40,,
PLI,45,42,500,,
PLI,1,42,100,,
PLI,21,42,50,,
PLI,10,42,20,,
PLI,32,42,200,,
PLI,46,42,100,,
PLI,39,42,400,,
PLI,49,42,29,,
PLI,33,42,100,,
PLI,42,42,100,,
PLI,16,42,40,,
PLI,14,42,200,,
PLI,56,42,50,,
PLI,14,42,50,,
PLI,46,42,50,,
PLI,16,42,100,,
PLI,40,42,30,,
PLI,38,42,100,,
PLI,40,42,20,,
PLI,16,42,10,,
PLI,14,42,50,,
PLI,41,42,45,,
PLI,17,42,180,,
PLI,56,42,300,,
PLI,34,42,120,,
SLICL,33,41,15,,
CBL,52,38,20,,
NRIC,34,45,100,,
UPPER,13,44,30,,
SCB,20,45,40,,
NHPC,53,56,20,,
SAHAS,38,4,10,,
SHL,13,38,100,,
CIT,38,48,100,,
CIT,43,48,50,,
CIT,26,48,30,,
CIT,59,48,40,,
CIT,7,48,10,,
CIT,39,48,10,,
CIT,36,48,55,,
MNBBL,34,26,200,,
MNBBL,3,17,190,,
MNBBL,3,17,500,,
MNBBL,19,17,10,,
MNBBL,45,17,100,,
MNBBL,59,17,100,,
NHPC,17,6,10,,
NHPC,17,59,90,,
MNBBL,45,17,100,,
SABSL,36,25,11,,
RLI,17,49,10,,
NHPC,21,59,90,,
JOSHI,33,14,50,,
JOSHI,48,14,10,,
SHINE,46,58,50,,
SAHAS,38,32,10,,
MNBBL,8,26,200,,
HDL,16,42,30,,
PLI,34,6,10,,
MLBL,49,38,220,,
MLBL,20,38,100,,
MLBL,35,38,10,,
MLBL,58,38,20,,
MLBL,21,38,50,,
MLBL,57,38,500,,
MLBL,52,38,100,,
AKPL,54,35,155,,
SIL,44,34,165,,
SIL,45,34,20,,
SIL,1,34,25,,
SAHAS,38,34,10,,
SIL,45,34,30,,
SIL,55,34,10,,
CHDC,32,7,80,,
GBBL,6,20,30,,
GBBL,25,20,100,,
GBBL,49,20,10,,
GBBL,48,20,100,,
GBBL,58,20,80,,
GBBL,8,20,40,,
GBBL,28,20,20,,
GBBL,17,20,120,,
KSBBL,45,58,418,,
KSBBL,45,56,82,,
SAHAS,38,7,10,,
SLI,59,58,10,,
UPPER,40,58,20,,
NABIL,21,58,10,,
NBL,59,52,695,,
SLI,59,51,10,,
UMRH,49,33,50,,
UMRH,49,33,72,,
SICL,50,34,100,,
MLBS,45,56,10,,
GBIME,6,44,500,,
SAHAS,38,58,10,,
SAHAS,38,34,10,,
SCB,56,45,10,,
MLBL,42,44,200,,
MLBS,25,54,10,,
HURJA,57,35,20,,
GRDBL,39,16,100,,
ULI,28,33,10,,
NLBBL,6,13,10,,
API,1,16,50,,
NMB,57,51,50,,
HIDCL,1,54,94,,
HIDCL,32,54,20,,
HIDCL,34,54,20,,
HIDCL,58,54,50,,
HIDCL,57,54,100,,
HIDCL,25,54,25,,
HIDCL,14,54,131,,
HIDCL,3,54,1000,,
HIDCL,47,54,500,,
HIDCL,22,54,20,,
HIDCL,50,54,40,,
JBBL,28,17,195,,
JBBL,11,17,50,,
JBBL,6,17,50,,
JBBL,45,17,30,,
JBBL,16,17,100,,
JBBL,49,17,300,,
JBBL,41,17,100,,
JBBL,36,17,20,,
JBBL,34,17,125,,
JBBL,57,17,30,,
JLI,6,6,10,,
NICA,45,33,20,,
CBBL,55,6,15,,
SGI,49,4,10,,
ULI,47,38,10,,
SHPC,13,5,100,,
NRIC,10,55,200,,
API,19,16,50,,
SAHAS,22,58,10,,
MLBL,4,44,50,,
RHPL,49,49,30,,
MNBBL,35,26,50,,
NLIC,21,6,35,,
NUBL,21,58,10,,
FOWAD,41,49,10,,
TPC,3,4,10,,
JBBL,49,44,50,,
GBIME,58,45,68,,
NICLBSL,32,56,10,,
CZBIL,57,6,40,,
GUFL,48,45,20,,
JSLBB,25,38,10,,
TRH,43,59,550,,
NLIC,33,6,10,,
MDB,14,44,50,,
MDB,36,44,13,,
NLIC,26,6,50,,
SAHAS,22,21,10,,
CZBIL,32,6,100,,
CHDC,32,6,10,,
CZBIL,4,6,10,,
CZBIL,17,6,120,,
NHPC,32,59,120,,
NHPC,32,13,180,,
GBIME,58,36,220,,
MLBL,43,44,500,,
MLBS,11,32,10,,
NABIL,52,58,100,,
API,52,50,4,,
API,52,41,16,,
UPPER,51,44,50,,
MLBL,38,44,100,,
HDHPC,48,21,55,,
HDHPC,52,21,100,,
HDHPC,45,21,145,,
MEGA,39,41,30,,
API,8,16,400,,
ULI,47,38,10,,
NBL,41,52,200,,
SHINE,26,49,30,,
SHINE,32,57,200,,
MDB,36,14,100,,
AKJCL,36,33,10,,
NLIC,26,34,10,,
ULI,28,57,10,,
ULI,28,58,10,,
MNBBL,20,26,100,,
HDHPC,38,38,100,,
HDHPC,6,38,500,,
KBL,44,58,10,,
KBL,33,58,200,,
KBL,48,58,100,,
KBL,51,58,100,,
KBL,11,58,100,,
KBL,14,58,120,,
KBL,14,58,100,,
KBL,55,58,50,,
KBL,11,58,17,,
HDL,58,42,10,,
AIL,57,21,70,,
AIL,42,21,10,,
PFL,28,35,15,,
PFL,38,35,25,,
AHPC,26,48,500,,
AHPC,26,52,41,,
SAHAS,19,34,10,,
NICA,58,47,50,,
SAHAS,19,38,10,,
NRIC,57,26,20,,
JLI,6,48,10,,
TRH,43,21,20,,
MNBBL,34,26,50,,
MNBBL,57,26,30,,
MNBBL,42,26,10,,
MNBBL,47,26,50,,
MNBBL,26,26,500,,
MNBBL,42,26,55,,
MNBBL,45,26,300,,
MNBBL,49,26,50,,
MNBBL,45,26,500,,
MNBBL,43,26,100,,
MNBBL,49,26,200,,
MNBBL,42,26,42,,
MNBBL,13,26,30,,
PLI,34,49,10,,
NABIL,58,58,60,,
SRBL,6,29,411,,
SRBL,6,56,39,,
SRBL,6,40,500,,
SRBL,6,19,50,,
SAHAS,19,34,10,,
CGH,59,38,10,,
CGH,25,38,90,,
ALICL,8,29,100,,
UPPER,40,44,255,,
UPPER,40,45,145,,
OHL,4,8,10,,
AHPC,26,52,894,,
AHPC,26,21,106,,
CZBIL,22,6,50,,
SBL,5,32,200,,
AKPL,21,58,49,,
AKPL,45,58,50,,
GBBL,17,20,380,,
GBBL,34,20,60,,
GBBL,49,20,50,,
GBBL,25,20,100,,
GBBL,5,20,10,,
GBBL,26,20,150,,
GBBL,49,20,200,,
GBBL,10,20,50,,
MLBL,11,44,50,,
MLBL,41,44,20,,
MLBL,56,44,10,,
MLBL,52,44,1000,,
MLBL,17,44,100,,
MLBL,52,44,500,,
MLBL,40,44,90,,
MLBL,10,44,20,,
MLBL,52,44,500,,
MLBL,52,44,500,,
MLBL,33,44,500,,
MLBL,26,44,200,,
MLBL,17,44,3000,,
MLBL,36,44,30,,
MLBL,52,44,50,,
MLBL,34,44,10,,
MLBL,52,44,100,,
MLBL,26,44,50,,
MLBL,52,44,50,,
MLBL,58,44,100,,
MLBL,49,44,200,,
MLBL,22,44,25,,
MLBL,34,44,40,,
MLBL,46,44,50,,
MLBL,16,44,10,,
MLBL,6,44,200,,
MLBL,57,44,50,,
MLBL,1,44,200,,
MLBL,21,44,100,,
MLBL,38,44,500,,
MLBL,20,44,500,,
MLBL,41,44,10,,
MLBL,35,44,10,,
MLBL,45,44,50,,
MLBL,48,44,10,,
MLBL,37,44,50,,
MLBL,59,44,200,,
MLBL,54,44,100,,
MLBL,57,44,100,,
MLBL,52,44,500,,
MLBL,25,44,100,,
MLBL,41,44,200,,
MLBL,56,44,10,,
MLBL,52,44,100,,
MLBL,10,44,100,,
MLBL,41,44,200,,
MLBL,35,44,20,,
MLBL,18,44,50,,
MLBL,46,44,92,,
MLBL,19,44,200,,
MLBL,14,44,100,,
MLBL,50,44,600,,
MLBL,52,44,60,,
MLBL,34,44,40,,
MLBL,33,44,500,,
MLBL,59,44,200,,
MLBL,8,44,100,,
MLBL,10,44,100,,
MLBL,28,44,500,,
MLBL,19,44,10,,
MLBL,34,44,200,,
MLBL,14,44,19,,
MLBL,38,44,50,,
MLBL,45,44,10,,
MLBL,7,44,290,,
MLBL,49,44,50,,
MLBL,10,44,300,,
MLBL,48,44,20,,
MLBL,26,44,100,,
GBLBS,26,58,20,,
GFCL,4,40,25,,
LEC,14,35,60,,
SAHAS,19,38,50,,
CHCL,38,38,10,,
MEN,6,39,10,,
MEN,6,52,10,,
GBIME,6,41,30,,
MNBBL,54,38,25,,
TPC,3,43,12,,
RLFL,53,21,20,,
TPC,34,43,30,,
TPC,58,43,15,,
JBBL,49,44,20,,
NMB,41,34,100,,
JBLB,44,58,10,,
BFC,50,4,100,,
SAHAS,19,34,10,,
MEGA,48,52,18,,
MEGA,14,52,106,,
CIT,36,7,45,,
CCBL,34,38,10,,
SLI,59,38,10,,
CCBL,20,38,35,,
GBBL,34,6,25,,
SAHAS,19,58,10,,
SAPDBL,41,21,200,,
HPPL,52,16,10,,
IGI,50,39,50,,
IGI,52,39,13,,
IGI,57,39,1000,,
IGI,17,39,1000,,
IGI,5,39,25,,
IGI,34,39,2000,,
IGI,16,39,100,,
IGI,17,39,100,,
IGI,38,39,100,,
IGI,34,39,175,,
IGI,57,39,50,,
IGI,38,39,100,,
IGI,32,39,150,,
GBIME,44,36,300,,
SAHAS,38,38,10,,
HDL,57,42,10,,
NICL,58,34,374,,
UMHL,49,38,190,,
NRN,7,6,10,,
NRN,7,34,270,,
SAHAS,38,49,10,,
CBBL,57,21,25,,
MHNL,45,33,100,,
MHNL,49,33,36,,
NGPL,5,1,90,,
API,49,54,33,,
API,49,57,10,,
SANIMA,49,16,20,,
NABIL,58,58,20,,
NLIC,26,6,300,,
CZBIL,38,6,200,,
CZBIL,50,6,1000,,
CZBIL,52,6,10,,
CZBIL,26,6,300,,
CZBIL,13,6,200,,
CZBIL,58,6,40,,
CZBIL,11,6,100,,
CZBIL,49,6,300,,
CZBIL,54,6,25,,
CZBIL,38,6,100,,
SGI,49,4,10,,
ALBSL,58,45,40,,
ALBSL,4,45,100,,
ALBSL,7,45,10,,
AHPC,34,26,200,,
AHPC,34,5,200,,
JBBL,53,44,1000,,
CHCL,38,51,250,,
NHPC,21,47,110,,
NLIC,14,6,20,,
NUBL,38,35,100,,
NBL,59,59,47,,
NBL,3,59,100,,
NBL,16,59,110,,
NBL,7,59,40,,
NBL,44,59,100,,
NBL,35,59,50,,
NBL,34,59,93,,
NBL,58,59,51,,
NBL,3,59,51,,
NBL,50,59,100,,
EBL,1,44,50,,
ULI,34,38,10,,
HDHPC,45,20,855,,
HDHPC,28,20,38,,
HDHPC,47,20,50,,
HDHPC,28,20,10,,
HDHPC,58,20,540,,
HDHPC,29,20,790,,
HDHPC,49,20,88,,
HDHPC,34,20,50,,
HDHPC,38,20,250,,
HDHPC,4,20,100,,
HDHPC,5,20,200,,
HDHPC,1,20,25,,
MDB,42,44,100,,
NMFBS,22,44,20,,
UPPER,46,59,20,,
SAHAS,38,41,20,,
JBLB,43,46,10,,
MNBBL,38,26,100,,
JBBL,53,44,1000,,
PRVU,53,1,51,,
CHCL,14,39,865,,
IGI,32,39,25,,
IGI,33,39,50,,
IGI,48,39,400,,
IGI,39,39,100,,
IGI,48,39,500,,
IGI,39,39,200,,
IGI,48,39,500,,
IGI,44,39,50,,
IGI,45,39,100,,
IGI,46,39,50,,
IGI,57,39,10,,
IGI,53,39,50,,
IGI,14,39,20,,
IGI,48,39,426,,
IGI,42,39,2000,,
IGI,57,39,100,,
IGI,36,39,30,,
IGI,39,39,20,,
IGI,38,39,50,,
IGI,49,39,20,,
IGI,22,39,39,,
IGI,50,39,20,,
NHDL,57,34,48,,
MLBBL,34,14,10,,
RMDC,38,16,15,,
RMDC,49,16,200,,
RMDC,35,16,20,,
RMDC,11,16,50,,
RMDC,49,16,10,,
RMDC,38,16,200,,
TRH,43,45,350,,
GBLBS,26,4,10,,
UIC,18,38,70,,
UIC,11,38,30,,
CZBIL,49,58,10,,
CZBIL,32,6,1000,,
CHCL,59,38,10,,
DHPL,52,41,100,,
API,45,57,90,,
API,45,54,10,,
AHPC,50,5,400,,
GBBL,45,52,100,,
GBBL,43,52,73,,
GBBL,51,52,10,,
SLICL,26,34,138,,
SLICL,26,42,86,,
SAHAS,38,51,10,,
NICLBSL,32,52,20,,
AKPL,52,36,10,,
SLI,59,34,10,,
CZBIL,39,6,147,,
SLI,45,49,10,,
SLI,45,40,10,,
SLI,45,49,10,,
SLI,45,6,70,,
SIGS2,41,14,4900,,
SIGS2,37,14,5000,,
UPCL,36,14,100,,
SMFDB,1,58,12,,
NGPL,49,6,100,,
SLI,59,38,20,,
HDL,1,42,50,,
SJCL,49,45,60,,
GBIME,25,36,20,,
NIFRA,43,38,235,,
NIFRA,49,38,15,,
NRN,49,34,100,,
NABIL,28,58,25,,
BPCL,32,7,40,,
BPCL,49,7,20,,
NICA,29,47,500,,
CORBL,53,57,10,,
API,57,54,20,,
SLBBL,28,22,37,,
SRBL,10,45,466,,
SRBL,49,45,334,,
DDBL,57,42,14,,
BOKL,53,58,430,,
ULI,16,58,10,,
ULI,16,45,10,,
GIC,39,16,10,,
GMFIL,53,5,50,,
SBCF,47,14,410,,
CZBIL,57,6,798,,
AKPL,45,36,200,,
AHPC,47,5,100,,
SLI,6,6,30,,
SLI,6,25,20,,
ICFC,57,10,20,,
AKPL,11,46,50,,
AKPL,58,46,100,,
AKPL,50,46,350,,
AKPL,42,46,201,,
PRVU,48,49,15,,
AKPL,50,46,143,,
AKPL,38,46,100,,
AKPL,26,46,50,,
MEGA,14,35,16,,
SAHAS,55,16,447,,
SAHAS,44,16,10,,
SAHAS,58,16,33,,
SAHAS,44,16,50,,
SAHAS,34,16,40,,
SAHAS,55,16,245,,
SAHAS,20,16,175,,
NABIL,29,54,40,,
NABIL,42,54,60,,
NABIL,45,58,10,,
CBL,34,52,28,,
SFCL,3,50,260,,
GIC,39,49,10,,
SHINE,38,55,30,,
SHINE,34,55,20,,
AKJCL,52,36,200,,
AKJCL,51,36,100,,
ADBL,10,54,378,,
ADBL,54,54,100,,
ADBL,41,54,22,,
GUFL,48,38,10,,
MLBL,21,48,490,,
NIFRA,35,57,40,,
UMHL,7,14,200,,
KSBBL,55,17,140,,
HIDCL,6,6,150,,
NABIL,54,58,40,,
JBLB,43,58,10,,
MLBBL,47,14,50,,
MLBBL,49,14,19,,
MNBBL,35,26,40,,
CHCL,59,38,10,,
GBIME,6,14,47,,
GBIME,35,14,100,,
GBIME,22,14,100,,
GBIME,52,14,200,,
GBIME,41,14,500,,
GBIME,8,14,60,,
GBIME,3,14,100,,
GBIME,13,14,50,,
GBIME,57,14,100,,
GBIME,1,14,20,,
GBIME,21,14,10,,
GBIME,41,14,50,,
GBIME,10,14,100,,
GBIME,41,14,75,,
GBIME,42,14,200,,
GBIME,26,14,30,,
GBIME,54,14,504,,
GBIME,16,14,114,,
GBIME,29,14,100,,
GBIME,28,14,2510,,
GBIME,42,14,32,,
SAHAS,54,46,10,,
SAHAS,54,38,10,,
SAHAS,54,40,10,,
SAHAS,54,58,10,,
SAHAS,54,49,10,,
SAHAS,54,7,10,,
SAHAS,54,22,10,,
SAHAS,54,44,10,,
SAHAS,54,7,10,,
SAHAS,54,6,100,,
SAHAS,54,57,20,,
SAHAS,54,49,10,,
SAHAS,54,38,10,,
SAHAS,54,49,10,,
SAHAS,54,39,10,,
MKJC,49,1,10,,
MNBBL,47,26,100,,
NICA,33,38,40,,
NICA,13,38,100,,
NICA,22,38,15,,
NICA,58,38,20,,
NICA,13,38,25,,
NBL,50,38,100,,
SHPC,28,4,50,,
CHDC,34,4,160,,
CHDC,34,21,15,,
CHDC,34,21,15,,
API,29,51,50,,
CZBIL,35,6,200,,
CZBIL,35,6,185,,
SHL,41,57,100,,
CHCL,14,39,135,,
JFL,4,4,31,,
JFL,35,4,500,,
JFL,6,4,13,,
JFL,53,4,150,,
JFL,58,4,300,,
JFL,43,4,500,,
JFL,39,4,10,,
JFL,45,4,500,,
JFL,57,4,20,,
JFL,58,4,500,,
JFL,39,4,50,,
JFL,7,4,10,,
JFL,41,4,100,,
JFL,8,4,100,,
JFL,45,4,50,,
JFL,39,4,50,,
JFL,43,4,50,,
JFL,14,4,10,,
JFL,20,4,20,,
JFL,6,4,30,,
CCBL,20,14,50,,
CCBL,20,21,85,,
SJCL,49,32,40,,
NIFRA,43,45,176,,
NIFRA,3,45,50,,
NIFRA,57,45,10,,
NIFRA,38,45,10,,
NIFRA,21,45,100,,
NIFRA,4,45,629,,
NIFRA,8,45,25,,
SHPC,45,38,200,,
EBL,36,44,34,,
SPDL,41,41,50,,
SPDL,41,36,100,,
ADBL,41,50,28,,
ADBL,21,50,10,,
ADBL,51,50,60,,
NICL,19,34,100,,
NICL,32,34,500,,
NICL,32,34,1374,,
NICL,43,34,20,,
NICL,14,34,100,,
NICL,53,34,30,,
NICL,41,34,130,,
NICL,42,34,32,,
NICL,43,34,25,,
NICL,14,34,35,,
NICL,11,34,70,,
NICL,21,34,200,,
NICL,51,34,10,,
MLBL,42,1,50,,
TPC,34,44,10,,
TPC,34,41,10,,
JOSHI,25,48,10,,
GBIME,47,36,100,,
GBIME,21,36,100,,
RLFL,32,32,100,,
RLFL,14,32,100,,
KBL,50,6,35,,
KBL,50,51,25,,
GMFIL,50,5,10,,
GBIME,44,36,100,,
NBB,1,45,5174,,
NBB,40,45,1000,,
NBB,11,45,11,,
NBB,11,45,75,,
NBB,49,45,150,,
NBB,11,45,90,,
NRIC,14,54,10,,
UMHL,26,38,10,,
NABBC,6,38,30,,
NGPL,3,1,10,,
CHL,59,20,17,,
ALICL,5,29,30,,
SAHAS,20,55,10,,
SAHAS,20,41,10,,
API,3,54,500,,
RADHI,18,53,300,,
MLBS,33,17,10,,
NUBL,50,58,24,,
RADHI,18,38,50,,
API,29,25,50,,
API,46,25,160,,
API,48,25,40,,
LEC,14,41,145,,
LEC,57,41,100,,
LEC,42,41,15,,
PRVU,38,49,25,,
UPCL,36,36,150,,
NMB,11,51,50,,
HDHPC,38,4,20,,
HIDCL,14,48,199,,
HIDCL,41,48,50,,
HIDCL,55,48,100,,
HIDCL,58,48,76,,
HIDCL,57,48,65,,
HIDCL,45,48,200,,
HIDCL,42,48,70,,
HIDCL,51,48,610,,
HIDCL,33,48,160,,
HIDCL,7,48,100,,
HIDCL,35,48,100,,
HIDCL,14,48,16,,
HIDCL,55,48,50,,
HIDCL,45,48,30,,
HIDCL,45,48,30,,
HIDCL,45,48,100,,
HIDCL,38,48,200,,
HIDCL,45,48,100,,
HIDCL,52,48,100,,
HIDCL,38,48,20,,
HIDCL,3,48,30,,
HIDCL,1,48,100,,
HIDCL,57,48,300,,
HIDCL,35,48,120,,
HIDCL,38,48,50,,
HIDCL,35,48,100,,
HIDCL,7,48,100,,
HIDCL,46,48,1000,,
HIDCL,25,48,200,,
HIDCL,21,48,20,,
HIDCL,59,48,77,,
HIDCL,47,48,500,,
HIDCL,58,48,100,,
HIDCL,47,48,127,,
KPCL,32,38,500,,
CBBL,55,45,11,,
STC,58,7,10,,
STC,58,33,10,,
SAHAS,20,13,10,,
MKJC,49,49,10,,
CZBIL,35,51,176,,
CMF2,4,14,5150,,
CMF2,45,14,500,,
CMF2,13,14,3000,,
NUBL,37,49,85,,
NUBL,57,49,50,,
SIC,49,17,20,,
SIC,14,17,20,,
SIC,14,17,100,,
GBIME,57,14,1000,,
GBIME,50,14,101,,
GBIME,32,14,100,,
GBIME,20,14,100,,
GBIME,40,14,2000,,
GBIME,22,14,400,,
GBIME,42,14,440,,
GBIME,6,14,200,,
GBIME,58,14,100,,
GBIME,17,14,100,,
GBIME,8,14,10,,
GBIME,38,14,16,,
GBIME,1,14,100,,
GBIME,32,14,100,,
GBIME,14,14,60,,
GBIME,20,14,171,,
HIDCL,49,6,150,,
CHCL,21,39,10,,
CHCL,21,39,130,,
HIDCL,47,38,41,,
HIDCL,43,38,10,,
HIDCL,43,48,990,,
HIDCL,11,48,100,,
HIDCL,59,48,2000,,
HIDCL,4,48,50,,
HIDCL,58,48,60,,
HIDCL,45,48,200,,
HIDCL,57,48,50,,
HIDCL,29,48,40,,
HIDCL,3,48,10,,
CHDC,32,49,10,,
MLBBL,49,42,30,,
ULI,21,58,10,,
AKPL,50,21,27,,
CBBL,55,45,455,,
CBBL,55,48,11,,
AKPL,26,50,22,,
AKPL,26,58,29,,
AKPL,26,58,120,,
AKPL,26,51,76,,
PRVU,48,49,50,,
MLBSL,22,45,40,,
MNBBL,58,26,10,,
JBBL,34,44,20,,
MHNL,52,51,25,,
RSDC,45,34,125,,
RSDC,45,6,35,,
GBIME,20,45,829,,
GBIME,45,45,21,,
GBIME,38,45,100,,
GBIME,35,45,50,,
JBBL,22,44,30,,
NIFRA,19,55,25,,
KBL,50,52,61,,
CBL,58,58,110,,
CBL,58,28,35,,
NLIC,58,49,10,,
NLIC,52,49,50,,
NLIC,26,49,10,,
NLIC,42,49,10,,
CCBL,7,49,23,,
CBBL,58,48,39,,
NIL,57,47,46,,
CHCL,21,38,10,,
HDHPC,1,20,225,,
HDHPC,32,20,300,,
HDHPC,20,20,500,,
HDHPC,47,20,50,,
HDHPC,32,20,500,,
HDHPC,39,20,100,,
HDHPC,32,20,15,,
HDHPC,36,20,10,,
HDHPC,26,20,300,,
LBL,45,47,300,,
API,48,13,60,,
NRIC,6,55,50,,
KSBBL,55,17,60,,
KSBBL,14,17,100,,
NGPL,44,16,14,,
NGPL,44,49,30,,
CLBSL,18,38,10,,
CLBSL,38,38,10,,
CLBSL,35,38,20,,
CLBSL,49,38,10,,
SAHAS,20,58,10,,
MLBSL,22,6,10,,
MLBS,33,38,10,,
SABSL,58,22,48,,
SABSL,34,22,10,,
SABSL,57,22,28,,
PCBL,37,34,150,,
SHEL,3,4,10,,
NICA,13,26,475,,
NICA,26,26,25,,
SAHAS,20,45,10,,
UPPER,11,45,30,,
KSBBL,14,33,10,,
NICL,57,56,26,,
CBL,3,45,300,,
CBL,48,45,520,,
NTC,10,58,70,,
LEC,41,41,20,,
LEC,7,41,40,,
API,47,13,100,,
SBL,7,49,150,,
AIL,57,49,10,,
JLI,6,58,10,,
RHPL,13,5,500,,
RHPL,13,58,24,,
RHPL,13,39,100,,
LBBL,32,38,50,,
SLI,36,1,10,,
API,8,51,100,,
API,8,51,100,,
DHPL,13,41,180,,
DHPL,13,29,20,,
MFIL,38,50,50,,
SIC,14,17,10,,
SIC,57,17,50,,
SIC,D01,17,300,,
SIC,22,17,90,,
PIC,40,47,36,,
SAHAS,51,1,10,,
SKBBL,43,40,10,,
MLBSL,22,58,35,,
MLBSL,32,58,15,,
NHPC,28,21,100,,
NHPC,28,17,770,,
GBIME,58,36,10,,
HDHPC,26,42,225,,
CGH,25,49,10,,
MLBL,7,58,10,,
GFCL,4,41,25,,
KSBBL,14,38,50,,
KSBBL,1,38,10,,
GBLBS,26,58,10,,
MLBL,29,48,1000,,
PPCL,29,38,10,,
PPCL,53,38,20,,
CBBL,58,34,11,,
CBBL,41,34,30,,
CBBL,45,34,16,,
MFIL,38,14,150,,
HDHPC,7,42,275,,
HDHPC,7,34,25,,
CHL,59,54,50,,
GBIME,54,36,50,,
SAHAS,51,43,260,,
SAHAS,51,58,10,,
SAHAS,13,58,10,,
SFCL,11,50,50,,
NLIC,38,6,30,,
UPCL,7,49,20,,
JBLB,51,26,10,,
AHPC,36,5,300,,
GBBL,32,20,110,,
SCB,52,45,150,,
CFCL,39,45,200,,
SAHAS,20,53,10,,
MNBBL,50,26,10,,
NRIC,6,49,50,,
SHPC,22,57,22,,
SHPC,22,58,23,,
SHPC,22,8,155,,
GBLBS,58,52,80,,
MLBL,14,48,31,,
MLBL,22,48,40,,
MLBL,57,48,50,,
MLBL,57,48,979,,
NMFBS,45,33,60,,
BFC,48,32,100,,
SHPC,37,8,10,,
PRVU,13,1,14,,
PRVU,13,51,86,,
NRIC,41,57,40,,
NRIC,41,50,60,,
JBLB,51,38,10,,
NHPC,38,17,1000,,
GBIME,7,45,32,,
GBIME,7,49,61,,
GBIME,7,49,946,,
GBIME,7,44,450,,
JBLB,51,22,10,,
API,22,13,20,,
LBBL,38,38,50,,
MLBS,32,14,10,,
AHPC,57,49,40,,
MKJC,49,4,10,,
NIFRA,57,38,20,,
RADHI,18,3,15,,
CBBL,48,45,24,,
MLBBL,43,42,23,,
NIFRA,57,57,100,,
JBBL,29,44,200,,
NRIC,11,50,20,,
MLBL,57,48,21,,
MLBL,19,48,10,,
MLBL,41,48,100,,
MLBL,48,48,10,,
MLBL,35,48,200,,
MLBL,57,48,100,,
MLBL,6,48,80,,
MLBL,32,48,50,,
MLBL,39,48,50,,
MLBL,49,48,143,,
MLBL,19,48,10,,
MLBL,48,48,226,,
SLI,36,51,10,,
SAHAS,20,1,10,,
SHINE,56,32,100,,
CHCL,50,10,15,,
CZBIL,35,38,39,,
AKPL,19,51,51,,
API,25,13,20,,
NUBL,57,49,25,,
NUBL,39,49,25,,
NUBL,7,49,100,,
NUBL,49,49,50,,
NMFBS,45,51,40,,
HDHPC,51,34,10,,
NMFBS,43,51,10,,
AKJCL,45,26,130,,
MBL,10,44,300,,
CHDC,34,45,10,,
AKPL,50,42,30,,
JBLB,53,45,10,,
JBLB,38,45,20,,
CBBL,4,45,50,,
LEC,13,7,200,,
LEC,13,58,10,,
MNBBL,13,26,30,,
CHCL,21,38,20,,
MLBL,48,38,74,,
MLBL,46,38,50,,
MLBL,43,38,20,,
ULI,33,49,10,,
MBL,56,44,200,,
NLIC,28,6,100,,
SHL,57,57,200,,
NHPC,48,29,100,,
RADHI,18,28,300,,
LLBS,28,26,50,,
SANIMA,43,17,587,,
SANIMA,49,17,50,,
SANIMA,11,17,200,,
SANIMA,6,17,100,,
SANIMA,22,17,200,,
SANIMA,51,17,20,,
SANIMA,35,17,30,,
SANIMA,21,17,22,,
SANIMA,32,17,205,,
SANIMA,38,17,500,,
SANIMA,17,17,200,,
SANIMA,45,17,101,,
KPCL,32,52,10,,
CZBIL,57,49,410,,
NABBC,45,38,43,,
AKPL,50,21,23,,
AKPL,50,39,204,,
ACLBSL,42,14,18,,
AKPL,50,49,423,,
AKPL,14,49,186,,
SAHAS,51,58,10,,
SAHAS,51,58,10,,
SAHAS,51,49,10,,
SAHAS,51,34,215,,
HDHPC,53,34,65,,
MNBBL,1,26,300,,
PLI,40,56,10,,
NHPC,7,48,55,,
SLI,36,49,10,,
GBBL,52,20,40,,
SAHAS,44,33,20,,
NHPC,7,38,200,,
GBLBS,29,52,20,,
MLBL,52,38,50,,
HIDCL,55,57,85,,
NIFRA,58,57,200,,
STC,6,34,20,,
AKJCL,45,26,280,,
PIC,43,32,100,,
DDBL,58,26,10,,
DDBL,47,26,36,,
RHPL,13,26,280,,
GFCL,4,38,50,,
NIFRA,46,57,55,,
MNBBL,21,28,30,,
MNBBL,32,28,20,,
MNBBL,42,28,500,,
MNBBL,26,28,500,,
MNBBL,52,28,100,,
MNBBL,58,28,50,,
MNBBL,14,28,50,,
MNBBL,58,28,200,,
MNBBL,49,28,200,,
MNBBL,21,28,20,,
MNBBL,59,28,70,,
MNBBL,33,28,100,,
MNBBL,58,28,200,,
MNBBL,53,28,20,,
MNBBL,10,28,100,,
MNBBL,54,28,110,,
MNBBL,13,28,100,,
MNBBL,38,28,100,,
MNBBL,1,28,10,,
MNBBL,11,28,16,,
MNBBL,4,28,50,,
MNBBL,4,28,20,,
MNBBL,21,28,30,,
MNBBL,17,28,100,,
MNBBL,45,28,300,,
MNBBL,26,28,100,,
MNBBL,50,28,200,,
MNBBL,48,28,100,,
MNBBL,25,28,50,,
MNBBL,51,28,90,,
MNBBL,1,28,250,,
MNBBL,22,28,100,,
MNBBL,42,28,110,,
UPCL,7,35,50,,
UPPER,34,42,120,,
DDBL,57,19,28,,
DDBL,58,19,20,,
RHPL,13,34,70,,
NIFRA,4,10,25,,
AKPL,34,51,50,,
CIT,52,26,20,,
CIT,44,26,15,,
CIT,44,26,15,,
MLBL,28,38,186,,
MLBL,19,38,100,,
AKPL,34,51,50,,
GBIME,58,22,2,,
GBIME,58,21,20,,
SLICL,29,34,56,,
SLBBL,25,22,100,,
SLI,36,34,10,,
MLBBL,43,58,20,,
JBBL,42,6,20,,
SICL,14,34,10,,
NIFRA,4,36,50,,
SJCL,41,49,40,,
SFCL,6,50,50,,
MMFDB,49,26,50,,
AKJCL,5,26,305,,
GBIME,58,42,68,,
GBIME,35,42,32,,
NABIL,11,58,20,,
NHPC,38,14,100,,
NHPC,38,45,500,,
NHPC,38,26,200,,
NHPC,38,38,221,,
PRVU,58,51,10,,
ULI,33,56,10,,
UMRH,49,28,110,,
GUFL,38,38,20,,
ACLBSL,25,14,10,,
ACLBSL,45,14,20,,
ACLBSL,57,14,20,,
SABSL,25,25,20,,
NIFRA,4,4,46,,
NIFRA,43,4,50,,
NIFRA,52,4,14,,
NIFRA,58,4,15,,
CHCL,21,38,10,,
NLIC,48,6,50,,
NLIC,48,28,100,,
LGIL,10,22,200,,
LGIL,10,56,30,,
JBLB,45,48,10,,
HDL,57,49,30,,
HDL,57,49,50,,
HDL,53,49,20,,
JLI,6,10,10,,
KKHC,52,7,60,,
KKHC,22,8,42,,
SFMF,37,26,3000,,
SFMF,34,26,2000,,
SLI,34,38,10,,
MNBBL,33,26,100,,
MNBBL,35,26,100,,
MNBBL,52,26,10,,
MLBL,59,38,20,,
PCBL,25,17,29,,
PCBL,19,17,33,,
PCBL,7,17,20,,
PCBL,11,17,20,,
PCBL,1,17,910,,
JLI,6,56,10,,
HDL,53,49,20,,
NIFRA,19,10,35,,
SAHAS,20,6,10,,
GLICL,57,32,120,,
CHCL,21,44,30,,
CHCL,49,44,470,,
AKJCL,5,26,200,,
AKJCL,45,26,85,,
PLI,40,38,10,,
NGPL,54,16,20,,
UPPER,16,7,30,,
HIDCL,50,57,30,,
GBLBS,26,17,10,,
API,35,34,336,,
API,14,34,250,,
API,6,34,500,,
API,34,34,114,,
TPC,32,58,10,,
CBBL,48,45,50,,
NMB,13,51,100,,
MHNL,52,49,25,,
SIFC,39,44,65,,
GFCL,4,49,100,,
MNBBL,43,26,100,,
API,34,25,148,,
API,57,25,10,,
API,32,25,500,,
API,39,25,342,,
MLBL,13,48,100,,
MLBL,49,48,500,,
CCBL,57,49,35,,
NRN,6,34,170,,
NICA,36,47,2000,,
NHPC,17,38,20,,
MLBS,32,22,10,,
SADBL,35,28,10,,
NMBMF,44,13,36,,
NMBMF,45,13,12,,
NMBMF,49,13,65,,
NMBMF,38,13,20,,
NMBMF,1,13,20,,
NMBMF,38,13,22,,
API,39,26,31,,
MHNL,49,21,464,,
MHNL,58,21,36,,
MNBBL,14,26,200,,
MNBBL,54,26,80,,
MNBBL,21,26,150,,
NEF,7,7,1287,,
NEF,7,54,1127,,
RLI,58,49,10,,
BARUN,49,45,410,,
NBL,10,26,50,,
NBL,10,58,60,,
NBL,10,14,190,,
NBL,10,58,100,,
AHPC,58,5,500,,
HIDCL,53,57,15,,
SAHAS,41,34,100,,
HPPL,52,17,10,,
PCBL,11,16,80,,
PCBL,45,16,20,,
PCBL,19,16,100,,
VLBS,59,38,10,,
HIDCL,39,39,1,,
API,39,58,200,,
NUBL,33,16,110,,
NUBL,33,49,50,,
MKJC,28,35,10,,
JLI,6,57,10,,
NTC,10,6,10,,
SAHAS,44,34,60,,
GBIME,45,44,10,,
ICFC,51,41,15,,
ICFC,57,41,10,,
SANIMA,52,17,30,,
SANIMA,35,17,250,,
SANIMA,42,17,50,,
SANIMA,44,17,10,,
SANIMA,13,17,200,,
SANIMA,45,17,200,,
SANIMA,6,17,100,,
DDBL,47,42,16,,
NUBL,37,49,10,,
NHPC,51,38,10,,
GIC,19,6,10,,
CHCL,49,38,10,,
JBBL,16,49,100,,
HIDCL,51,38,40,,
SLICL,17,45,50,,
SLICL,25,45,80,,
NICLBSL,32,8,20,,
KBL,35,52,10,,
ULI,33,36,10,,
MBL,22,38,55,,
NTC,10,42,20,,
NTC,10,34,50,,
NTC,10,10,50,,
RHPL,13,49,50,,
HPPL,52,17,20,,
AHPC,45,45,81,,
NRIC,44,50,842,,
NRIC,44,57,120,,
CBBL,48,34,46,,
API,39,41,100,,
MNBBL,5,42,100,,
DHPL,52,29,80,,
SCB,22,10,50,,
NRIC,49,57,10,,
NRIC,29,57,70,,
LBBL,38,38,200,,
NIFRA,21,57,70,,
NIFRA,21,58,30,,
GBIME,17,44,60,,
NGPL,44,49,21,,
NGPL,44,58,25,,
NBL,10,58,300,,
NBL,44,58,100,,
NBL,44,58,100,,
SAHAS,34,53,10,,
HDL,44,42,10,,
MLBSL,6,32,18,,
NUBL,58,16,26,,
UMHL,46,25,100,,
NRIC,29,8,30,,
LBBL,34,41,20,,
LBBL,32,41,80,,
UPPER,19,7,18,,
SLI,36,42,10,,
SFCL,26,32,145,,
SAHAS,49,34,20,,
SFCL,3,32,80,,
MFIL,56,44,100,,
PLI,17,36,10,,
NIFRA,21,58,20,,
JLI,6,56,10,,
AKJCL,45,36,50,,
UMHL,56,45,500,,
UMHL,56,38,50,,
KSBBL,34,33,17,,
SAHAS,22,49,10,,
GFCL,4,41,25,,
GFCL,4,33,70,,
NUBL,37,42,150,,
HPPL,58,17,10,,
MLBL,36,48,1000,,
GBBL,51,14,90,,
SAHAS,22,4,10,,
NMB,6,20,3,,
NMB,6,58,77,,
NIFRA,21,34,20,,
SIFC,28,13,10,,
SIFC,32,13,100,,
SIFC,7,13,90,,
JBBL,36,28,100,,
SBL,14,57,110,,
SBL,43,57,290,,
NBB,11,38,139,,
NBB,40,38,11,,
NRIC,29,50,30,,
CZBIL,58,49,90,,
NIFRA,21,36,60,,
CHDC,17,58,10,,
CHDC,22,58,40,,
CHL,59,45,25,,
SRBL,49,17,100,,
GBIME,54,44,50,,
SANIMA,53,16,10,,
CCBL,57,34,100,,
CHCL,49,38,10,,
BPCL,22,38,50,,
BPCL,45,38,50,,
BPCL,57,38,100,,
BPCL,17,38,30,,
SLI,36,38,10,,
BPCL,16,38,714,,
BPCL,49,38,50,,
BPCL,36,38,300,,
AKPL,36,51,273,,
PLI,17,49,10,,
SANIMA,44,16,20,,
NLICL,35,45,30,,
JFL,26,10,250,,
SANIMA,3,16,100,,
RURU,33,26,20,,
CBBL,56,45,10,,
NMFBS,37,44,100,,
CBBL,58,45,15,,
AIL,57,32,30,,
AIL,16,32,10,,
AIL,42,32,50,,
AIL,57,32,10,,
SAHAS,22,58,10,,
KSBBL,34,33,13,,
CHCL,49,5,10,,
SAHAS,45,34,35,,
TPC,58,32,10,,
NIFRA,57,57,200,,
NIBSF2,42,34,400,,
NTC,29,41,250,,
NTC,10,41,150,,
UIC,11,38,40,,
UIC,17,38,10,,
SKBBL,47,40,25,,
NRIC,1,50,300,,
CBL,48,55,480,,
CBL,21,55,20,,
CBBL,58,48,15,,
NIFRA,45,57,70,,
SRBL,7,56,11,,
SHEL,6,21,50,,
RURU,51,26,100,,
LGIL,1,56,70,,
LGIL,1,49,180,,
LGIL,1,41,50,,
JLI,6,36,10,,
NLIC,49,6,20,,
NLIC,49,34,50,,
SADBL,35,57,50,,
RLI,38,55,10,,
FMDBL,6,29,16,,
FMDBL,45,29,500,,
FMDBL,45,29,14,,
NICLBSL,42,49,10,,
SICL,19,34,10,,
NICGF,37,58,100,,
MNBBL,45,38,175,,
MNBBL,13,38,20,,
ULI,33,17,10,,
NICA,22,47,20,,
MLBSL,6,44,15,,
MLBSL,17,44,20,,
SANIMA,3,26,175,,
SANIMA,41,26,30,,
SANIMA,35,26,30,,
SANIMA,57,26,100,,
SANIMA,53,26,100,,
SAHAS,22,29,10,,
AKPL,21,36,100,,
GBIME,35,17,73,,
GBIME,42,17,27,,
GBIME,22,36,4,,
GBIME,17,36,50,,
GBIME,44,36,500,,
SAHAS,36,34,10,,
GBIME,42,36,13,,
NABIL,42,49,10,,
NIFRA,58,49,50,,
SHL,13,28,1455,,
SHL,51,28,100,,
MBL,22,34,100,,
HIDCL,47,38,32,,
ULI,33,49,10,,
SWBBL,52,34,23,,
MLBS,17,52,10,,
PROFL,45,39,661,,
PROFL,48,39,50,,
PROFL,41,39,50,,
PROFL,34,39,100,,
PROFL,35,39,155,,
PROFL,28,39,500,,
PROFL,14,39,160,,
PROFL,57,39,100,,
PROFL,7,39,30,,
PROFL,20,39,200,,
CHCL,59,38,10,,
PROFL,25,39,500,,
PROFL,28,39,110,,
PRIN,45,32,90,,
PRIN,51,32,10,,
NMFBS,45,33,100,,
MFIL,38,58,50,,
MFIL,38,48,50,,
UMHL,28,38,50,,
LBBL,26,38,200,,
KSBBL,4,58,20,,
MNBBL,13,45,10,,
MNBBL,41,45,70,,
CFCL,32,34,100,,
SHPC,4,21,40,,
PRVU,43,16,200,,
SAHAS,22,21,10,,
AKPL,36,21,27,,
GIMES1,45,33,368,,
NICL,57,51,20,,
HDL,53,57,10,,
API,39,38,327,,
API,14,38,25,,
API,39,38,10,,
API,29,38,20,,
API,38,38,1000,,
API,55,38,50,,
API,47,38,240,,
API,26,38,728,,
GBBL,52,14,20,,
JBLB,45,17,10,,
HIDCL,51,57,30,,
HIDCL,51,45,20,,
PIC,48,34,100,,
PIC,40,34,13,,
SLI,59,34,200,,
BPCL,34,45,10,,
MNBBL,41,45,30,,
GFCL,19,20,80,,
NICLBSL,42,49,10,,
NABIL,56,49,10,,
NIFRA,58,57,56,,
NIFRA,58,17,15,,
JBLB,26,6,10,,
MKLB,13,45,10,,
NFS,37,4,100,,
NFS,38,4,90,,
NFS,19,4,100,,
NFS,1,4,50,,
NFS,49,4,100,,
NFS,41,4,68,,
NFS,33,4,120,,
NICLBSL,1,38,50,,
MDB,59,56,100,,
GHL,32,32,300,,
UMHL,28,25,50,,
CZBIL,57,6,231,,
CZBIL,53,6,339,,
CZBIL,44,6,70,,
CZBIL,53,6,200,,
CZBIL,17,6,150,,
CZBIL,49,6,10,,
EBL,36,13,50,,
SAHAS,49,34,10,,
API,26,34,772,,
API,33,34,100,,
API,11,34,100,,
API,45,34,200,,
API,41,34,10,,
API,34,34,50,,
API,36,34,50,,
API,35,34,200,,
API,47,34,174,,
SFCL,3,41,100,,
SFCL,38,41,200,,
AKJCL,3,33,10,,
MDB,59,36,779,,
MDB,41,36,100,,
MDB,52,36,20,,
MDB,26,36,101,,
NBB,40,34,89,,
SSHL,6,41,30,,
SADBL,42,21,950,,
SADBL,42,21,1000,,
SADBL,58,21,38,,
SADBL,17,21,200,,
SADBL,42,21,45,,
SADBL,34,21,68,,
SADBL,50,21,200,,
SADBL,13,21,200,,
SADBL,43,21,200,,
SADBL,51,21,60,,
SADBL,49,21,781,,
SADBL,58,21,40,,
SADBL,22,21,100,,
SADBL,43,21,100,,
SADBL,34,21,18,,
NHPC,21,38,20,,
JBBL,36,38,30,,
JBLB,45,49,10,,
SAHAS,13,34,300,,
SAHAS,26,34,230,,
SAHAS,58,34,20,,
SAHAS,39,43,50,,
MEGA,13,28,100,,
NHPC,58,38,500,,
NICLBSL,42,49,10,,
MFIL,56,57,50,,
AKPL,26,36,20,,
NABIL,44,49,50,,
AKPL,56,36,10,,
BFC,42,58,20,,
JFL,26,57,250,,
NGPL,44,49,20,,
SAHAS,40,38,10,,
SAHAS,40,58,10,,
NIFRA,58,35,10,,
NUBL,37,36,140,,
NABIL,32,49,20,,
NABIL,49,49,60,,
GILB,28,14,10,,
API,38,34,50,,
SADBL,4,32,50,,
CHCL,42,52,25,,
CHCL,49,52,129,,
API,36,34,20,,
SHPC,16,58,1000,,
MLBL,28,48,114,,
MLBL,10,48,400,,
MLBL,22,48,96,,
MLBL,10,48,90,,
MLBL,10,48,200,,
MLBL,10,48,100,,
PLIC,14,45,180,,
PLIC,56,45,20,,
LICN,25,10,10,,
API,57,34,20,,
API,59,34,55,,
API,22,34,169,,
API,43,34,30,,
MFIL,41,34,50,,
MFIL,41,41,50,,
NMFBS,47,33,50,,
AKPL,34,36,50,,
SIFC,44,44,115,,
UIC,17,5,87,,
MLBS,57,58,10,,
MLBL,10,8,300,,
PIC,40,33,20,,
RHPL,13,56,50,,
AKPL,14,36,114,,
AKPL,42,36,400,,
AKPL,36,36,316,,
NICLBSL,18,38,20,,
AHPC,45,21,25,,
PLI,16,21,10,,
NBF3,19,54,100,,
JLI,6,49,10,,
SLI,45,34,160,,
SLI,45,58,10,,
AHPC,21,21,45,,
AHPC,21,34,25,,
AKJCL,45,14,45,,
AKJCL,38,14,25,,
AKJCL,58,14,100,,
AKJCL,13,14,50,,
AKJCL,43,14,50,,
AKJCL,57,14,100,,
AKJCL,34,14,500,,
AKJCL,34,14,30,,
EIC,17,49,15,,
PRVU,43,41,150,,
AHPC,5,41,40,,
PRVU,43,41,50,,
MEN,58,49,10,,
GBIME,38,49,200,,
NBL,17,47,120,,
NBL,51,47,50,,
NBL,34,47,30,,
NTC,10,51,50,,
HIDCL,6,43,198,,
NIFRA,58,38,40,,
NIFRA,49,38,10,,
NIFRA,49,38,50,,
NSLB,45,16,51,,
UPCL,36,41,500,,
SAHAS,26,34,270,,
SAHAS,37,34,10,,
SAHAS,42,34,200,,
SAHAS,58,34,20,,
SAHAS,47,34,340,,
SAHAS,32,34,200,,
SAHAS,55,34,500,,
HURJA,57,58,10,,
SAHAS,37,34,70,,
SAHAS,3,34,200,,
HURJA,57,58,120,,
SAHAS,3,34,100,,
SAHAS,29,34,30,,
SAHAS,51,34,60,,
AKPL,56,36,30,,
KMCDB,38,32,20,,
KMCDB,50,32,50,,
KMCDB,36,32,30,,
CFCL,42,57,50,,
CFCL,19,57,20,,
CFCL,17,57,100,,
CFCL,14,57,100,,
CFCL,32,57,50,,
CFCL,11,57,171,,
NBB,45,34,11,,
NICA,44,16,100,,
API,53,26,20,,
RHPL,50,58,56,,
SJCL,41,56,40,,
SADBL,58,32,50,,
PCBL,32,17,660,,
SADBL,34,32,20,,
SHIVM,22,57,50,,
SANIMA,19,17,250,,
UPPER,19,45,20,,
FOWAD,49,20,10,,
NMB,46,58,60,,
SHINE,33,58,50,,
NRIC,20,50,100,,
GBBL,49,44,100,,
GBBL,42,44,50,,
NIFRA,49,25,10,,
RHPL,50,17,10,,
GHL,6,14,200,,
GHL,6,36,675,,
SAHAS,51,34,30,,
SAHAS,49,34,280,,
SAHAS,57,34,30,,
SAHAS,51,34,330,,
SAHAS,55,34,10,,
SAHAS,59,34,320,,
AKPL,56,21,24,,
AKPL,56,41,619,,
MBL,57,16,200,,
UPCL,36,28,30,,
UPCL,36,52,50,,
UPCL,36,38,30,,
AKPL,56,41,30,,
NRN,39,49,10,,
NABIL,49,51,65,,
NABIL,41,51,30,,
NABIL,21,51,30,,
NABIL,54,51,15,,
NABIL,29,51,10,,
NMB,22,25,60,,
NICA,8,38,50,,
SLI,36,39,10,,
CHCL,49,38,10,,
SAHAS,49,59,10,,
SAHAS,49,4,10,,
RHPL,50,51,50,,
UPPER,19,56,62,,
USLB,32,14,26,,
MLBL,10,33,100,,
MLBL,10,45,100,,
MLBL,10,35,100,,
JBLB,5,45,10,,
MLBS,49,57,5,,
MBL,57,4,40,,
MBL,22,4,160,,
API,22,34,13,,
PCBL,45,35,13,,
PCBL,13,35,50,,
AIL,22,57,10,,
UMHL,41,36,50,,
BFC,52,4,20,,
BFC,25,4,40,,
GILB,28,14,10,,
GILB,7,14,10,,
SAHAS,59,38,10,,
UMRH,47,45,10,,
JBBL,28,44,225,,
ALICL,58,45,190,,
AIL,57,51,130,,
AIL,42,51,120,,
RLI,38,49,10,,
LGIL,35,38,20,,
SHL,26,57,100,,
SHPC,34,8,35,,
MNBBL,13,45,10,,
MNBBL,41,45,10,,
API,22,11,818,,
API,55,11,100,,
API,53,11,82,,
SRBL,49,11,36,,
SRBL,41,11,25,,
NICLBSL,54,38,10,,
MKLB,13,45,10,,
MLBS,32,49,10,,
GBIME,13,49,100,,
SBCF,47,34,100,,
PCBL,29,17,20,,
MERO,43,45,50,,
MERO,43,45,50,,
GBIME,35,49,270,,
MLBL,10,57,10,,
MLBL,10,38,500,,
SHEL,14,16,10,,
SHEL,14,21,155,,
SAHAS,59,6,10,,
NHPC,20,38,370,,
NHPC,34,38,20,,
SHINE,36,21,80,,
SHINE,33,21,50,,
SHINE,33,21,50,,
SHINE,25,21,20,,
SHINE,22,21,100,,
SHINE,57,21,400,,
SHINE,36,21,50,,
SHINE,32,21,250,,
MEGA,45,28,200,,
GMFIL,50,52,10,,
MDB,26,14,399,,
MDB,50,14,30,,
MDB,52,14,26,,
MDB,57,14,50,,
MDB,32,14,145,,
KKHC,44,8,300,,
HIDCL,59,29,1923,,
SFCL,38,49,50,,
MKLB,39,39,10,,
NLBBL,21,44,10,,
PRVU,53,17,150,,
HIDCL,38,29,100,,
NHPC,21,17,30,,
JBBL,36,29,150,,
UPCL,32,57,30,,
SHPC,42,58,34,,
SHPC,54,58,50,,
SHPC,26,58,200,,
SHPC,50,58,100,,
SHPC,21,58,100,,
SHPC,1,58,100,,
SHPC,41,58,496,,
SHPC,1,58,30,,
SHPC,57,58,200,,
SHPC,49,58,50,,
SHPC,17,58,100,,
SHPC,57,58,300,,
SHPC,51,58,100,,
SHPC,57,58,100,,
SHPC,19,58,50,,
SHPC,58,58,50,,
SHPC,42,58,50,,
SHPC,42,58,100,,
SHPC,42,58,20,,
SHPC,45,58,10,,
SHPC,42,58,40,,
SHPC,42,58,100,,
SHPC,38,58,20,,
API,35,16,20,,
RADHI,18,34,420,,
RADHI,14,34,20,,
RADHI,57,34,40,,
RADHI,3,34,20,,
RADHI,26,34,200,,
RADHI,42,34,300,,
RADHI,26,34,100,,
NLG,1,49,10,,
SICL,52,34,10,,
ICFC,32,26,700,,
ICFC,32,26,500,,
ICFC,5,26,500,,
SHINE,42,58,700,,
SHINE,42,39,300,,
AKPL,36,21,23,,
CZBIL,49,38,25,,
CZBIL,59,38,100,,
CZBIL,57,38,86,,
JBBL,26,44,560,,
MLBL,22,35,184,,
SLI,39,39,10,,
HIDCL,47,29,500,,
JBBL,40,44,800,,
HDHPC,41,34,100,,
NRIC,3,50,50,,
SAHAS,59,51,10,,
JBLB,5,29,30,,
AKPL,36,39,596,,
PCBL,21,17,100,,
UIC,17,39,100,,
HIDCL,22,29,1000,,
HIDCL,14,29,250,,
KSBBL,42,58,80,,
SHPC,38,58,80,,
SHPC,44,58,20,,
SHPC,33,58,100,,
SHPC,55,58,250,,
SHPC,35,58,100,,
SHPC,42,58,10,,
SHPC,20,58,20,,
SHPC,39,58,50,,
SHPC,51,58,20,,
SHPC,21,58,500,,
SHPC,39,58,100,,
SHPC,48,58,250,,
NICA,29,47,104,,
NICA,29,43,14,,
NICA,29,34,30,,
NICA,29,43,400,,
NICA,29,14,52,,
NBL,34,38,20,,
API,53,11,18,,
KBL,17,52,29,,
JLI,45,49,10,,
HIDCL,11,48,820,,
HIDCL,4,48,30,,
HIDCL,52,48,50,,
NLBBL,58,13,20,,
NLBBL,38,13,50,,
JOSHI,56,5,10,,
JOSHI,48,5,10,,
GBBL,42,29,150,,
GBBL,29,29,50,,
HIDCL,59,29,20,,
NHPC,34,41,130,,
NHPC,38,41,50,,
NHPC,21,41,20,,
AHPC,26,21,20,,
HIDCL,35,29,500,,
ULI,35,6,10,,
JBLB,5,49,50,,
NHPC,21,38,30,,
NHPC,58,38,20,,
NRIC,57,50,18,,
GBIME,14,14,1,,
NGPL,43,38,307,,
NGPL,28,38,500,,
NGPL,42,38,100,,
NGPL,57,38,334,,
NGPL,16,38,50,,
NGPL,35,38,200,,
NGPL,49,38,100,,
NGPL,49,38,10,,
NGPL,48,38,100,,
NGPL,1,38,20,,
NGPL,10,38,50,,
NGPL,1,38,20,,
SADBL,34,38,20,,
CHCL,49,35,61,,
UPCL,28,58,50,,
KSBBL,42,38,10,,
MKJC,28,45,10,,
SAHAS,59,34,10,,
GRDBL,28,22,100,,
PLIC,53,50,10,,
PLIC,21,50,100,,
PLIC,3,50,20,,
PLIC,45,50,50,,
PLIC,35,50,170,,
PLIC,33,50,1000,,
PLIC,35,50,100,,
PLIC,48,50,50,,
PLIC,51,50,200,,
PLIC,57,50,40,,
PLIC,37,50,60,,
PLIC,14,50,100,,
PLIC,54,50,25,,
PLIC,48,50,50,,
PLIC,11,50,500,,
GBBL,29,4,50,,
RMDC,56,48,10,,
HIDCL,59,29,100,,
CBL,42,16,85,,
NHPC,39,17,100,,
RADHI,42,26,10,,
JLI,45,49,10,,
MDB,32,42,155,,
MDB,45,42,50,,
MDB,51,42,10,,
RLI,38,49,10,,
PLI,16,49,10,,
MNBBL,25,38,10,,
AKPL,36,45,65,,
AKPL,45,45,135,,
SLI,34,57,10,,
NBL,34,21,10,,
NMFBS,29,4,30,,
NMFBS,29,33,20,,
ULI,35,8,10,,
CFCL,11,58,29,,
CFCL,21,58,400,,
CFCL,11,58,50,,
CFCL,22,58,40,,
CFCL,28,58,50,,
CFCL,49,58,100,,
CFCL,32,58,200,,
CFCL,11,58,200,,
CFCL,58,58,15,,
CFCL,36,58,25,,
CFCL,56,58,50,,
CFCL,43,58,55,,
CFCL,35,58,135,,
CFCL,44,58,500,,
CFCL,35,58,200,,
CFCL,45,58,50,,
CFCL,44,58,100,,
CFCL,32,58,301,,
FOWAD,45,36,10,,
LBBL,34,38,50,,
UPPER,39,19,241,,
AKPL,45,49,865,,
AKPL,26,49,50,,
AKPL,22,49,100,,
AKPL,42,49,220,,
AKPL,39,49,1000,,
AKPL,26,49,500,,
AKPL,50,49,765,,
FMDBL,45,40,11,,
NUBL,47,16,40,,
SHIVM,57,57,10,,
API,47,34,826,,
API,13,34,200,,
API,58,34,200,,
API,35,34,500,,
API,21,34,10,,
API,41,34,100,,
API,40,34,700,,
API,6,34,50,,
API,14,34,500,,
API,14,34,20,,
API,7,34,10,,
API,35,34,274,,
API,5,34,100,,
API,57,34,99,,
API,16,34,1411,,
FMDBL,58,40,100,,
FMDBL,16,40,20,,
FMDBL,25,40,100,,
FMDBL,42,40,20,,
FMDBL,17,40,100,,
FMDBL,56,40,49,,
AHPC,52,58,251,,
AHPC,4,58,50,,
AHPC,48,58,100,,
AHPC,35,58,100,,
AHPC,43,58,50,,
AHPC,38,58,100,,
AHPC,22,58,50,,
AHPC,54,58,200,,
AHPC,35,58,200,,
AHPC,55,58,199,,
AHPC,7,58,30,,
AHPC,43,58,50,,
AHPC,6,58,50,,
AHPC,48,58,1770,,
HIDCL,58,29,15,,
CGH,57,46,29,,
NGPL,10,39,13,,
UIC,17,38,50,,
NHPC,58,38,50,,
MLBS,32,52,10,,
NHPC,40,22,40,,
JBBL,34,44,100,,
MKJC,28,35,10,,
RLFL,32,26,1700,,
RLFL,32,42,30,,
AKPL,26,41,50,,
NLIC,51,6,20,,
RLI,38,49,10,,
GBIME,45,49,40,,
JBBL,25,8,15,,
JBBL,22,8,700,,
JBBL,34,8,50,,
JBBL,26,8,75,,
JBBL,14,8,160,,
UIC,58,42,70,,
SHINE,50,58,85,,
SAHAS,59,58,10,,
SBI,38,11,50,,
AKJCL,45,33,10,,
JBLB,5,14,10,,
API,16,1,32,,
AHPC,48,58,230,,
AHPC,58,58,10,,
AHPC,41,58,50,,
AHPC,54,58,100,,
AHPC,56,58,100,,
AHPC,51,58,40,,
AHPC,4,58,200,,
AHPC,43,58,100,,
AHPC,52,58,200,,
AHPC,32,58,100,,
AHPC,39,58,1000,,
AHPC,58,58,500,,
AHPC,38,58,500,,
AHPC,33,58,1000,,
AHPC,54,58,250,,
AHPC,18,58,135,,
NICLBSL,42,41,20,,
NICLBSL,17,41,10,,
CHDC,22,6,10,,
SGI,16,4,80,,
SJCL,28,20,15,,
AKPL,50,33,102,,
CHCL,50,6,10,,
CHCL,50,6,10,,
SHIVM,57,7,40,,
SLI,41,40,10,,
SJCL,39,39,40,,
UPPER,39,54,52,,
UPPER,35,54,20,,
PRIN,58,38,20,,
TPC,21,45,10,,
NABIL,47,22,91,,
NABIL,42,22,40,,
NABIL,4,22,20,,
NABIL,38,22,24,,
NABIL,52,22,25,,
HIDCL,3,29,10,,
GBIME,42,16,27,,
GBIME,54,16,110,,
GBIME,49,16,50,,
GBIME,19,16,13,,
GBIME,44,16,100,,
SLI,41,48,10,,
SFCL,33,14,100,,
PLI,16,49,10,,
NIL,58,32,10,,
NBL,50,28,100,,
SHPC,58,58,42,,
SHPC,58,58,58,,
NRIC,57,52,40,,
SAHAS,38,43,10,,
PICL,13,39,97,,
NTC,29,49,65,,
KSBBL,42,33,10,,
MLBS,43,32,20,,
TPC,34,41,30,,
AHPC,18,47,55,,
TRH,43,45,100,,
NBL,45,14,100,,
HIDCL,45,29,20,,
API,16,5,392,,
API,22,5,964,,
API,38,5,44,,
ICFC,50,49,150,,
ICFC,50,49,50,,
HIDCL,38,29,15,,
MNBBL,45,51,25,,
MNBBL,6,51,125,,
MNBBL,49,51,50,,
SLI,49,49,10,,
SAHAS,39,45,10,,
NICGF,37,45,500,,
ACLBSL,43,57,10,,
NICA,38,38,100,,
ULI,35,16,510,,
SAHAS,39,33,10,,
SAHAS,39,49,10,,
HIDCL,45,29,70,,
HIDCL,42,29,500,,
AKPL,50,49,15,,
AKPL,41,49,27,,
AHPC,25,47,20,,
AHPC,21,47,15,,
AHPC,39,47,100,,
DDBL,57,47,18,,
DDBL,34,47,50,,
DDBL,56,47,300,,
DDBL,56,47,500,,
DDBL,51,47,10,,
DDBL,34,47,62,,
NBL,17,14,50,,
NLIC,44,6,300,,
JBLB,4,14,10,,
NGPL,10,45,29,,
NGPL,55,45,87,,
NGPL,58,45,20,,
SAHAS,59,36,10,,
MKJC,28,40,10,,
HIDCL,29,29,100,,
AKPL,25,41,181,,
AKPL,25,58,19,,
CORBL,16,25,10,,
SFCL,26,50,60,,
HIDCL,47,29,500,,
MKLB,39,39,10,,
MDB,51,58,40,,
MDB,42,58,10,,
NMFBS,47,33,30,,
RADHI,50,26,15,,
RADHI,42,26,100,,
RADHI,53,26,10,,
RADHI,42,26,100,,
RADHI,48,26,500,,
RADHI,53,26,10,,
MLBS,43,52,10,,
SHEL,45,45,10,,
KSBBL,42,48,300,,
NHPC,58,38,10,,
NICA,38,49,440,,
NHPC,48,38,20,,
NABIL,42,58,35,,
GIC,29,56,10,,
AKPL,42,58,10,,
MLBL,57,35,16,,
PFL,38,45,15,,
HIDCL,25,29,198,,
UMHL,5,21,500,,
SAHAS,59,43,10,,
PLIC,5,14,10,,
PLIC,53,14,10,,
PLIC,41,14,20,,
PLIC,13,14,100,,
PLIC,40,14,100,,
PLIC,34,14,10,,
PLIC,59,14,100,,
PLIC,55,14,500,,
PLIC,45,14,200,,
PLIC,13,14,500,,
PLIC,46,14,50,,
PLIC,4,14,10,,
PLIC,28,14,100,,
PLIC,59,14,175,,
ADBL,10,54,173,,
ADBL,38,54,50,,
ADBL,21,54,67,,
ICFC,41,21,100,,
UPCL,58,57,20,,
HIDCL,36,29,89,,
MKLB,14,42,10,,
NMFBS,47,34,20,,
HGI,35,38,51,,
GBIME,58,49,100,,
GBIME,16,49,229,,
GBBL,59,14,90,,
NIFRA,14,45,10,,
AHPC,42,47,10,,
HIDCL,39,29,50,,
SHPC,25,58,400,,
SHPC,54,58,200,,
SHPC,51,58,50,,
SHPC,16,58,500,,
SHPC,35,58,100,,
SHPC,22,58,50,,
SHPC,58,58,12,,
NRIC,14,50,90,,
SHPC,16,58,2000,,
SHPC,32,58,50,,
SHPC,49,58,2580,,
SHPC,42,58,1000,,
SHPC,38,58,1000,,
SHIVM,38,7,10,,
RLI,38,22,60,,
RLI,8,22,300,,
RLI,7,22,10,,
RLI,29,22,40,,
RLI,57,22,30,,
RLI,43,22,40,,
RLI,14,22,20,,
MLBL,57,49,84,,
RHPL,39,39,70,,
NABIL,10,58,30,,
JBLB,4,56,10,,
HIDCL,51,29,200,,
HIDCL,35,29,90,,
KSBBL,7,48,200,,
PLI,16,45,10,,
CBBL,16,38,10,,
CBBL,34,38,20,,
CBBL,47,38,20,,
NIFRA,14,48,39,,
NIFRA,38,48,11,,
MLBL,45,7,10,,
CBBL,22,26,50,,
HIDCL,8,34,3,,
DDBL,34,22,38,,
DDBL,29,22,12,,
DDBL,57,22,100,,
GBIME,16,22,10,,
DDBL,45,22,50,,
SGI,16,57,10,,
SFCL,42,50,10,,
GFCL,19,49,100,,
SBL,14,10,164,,
SBL,28,10,500,,
SBL,28,10,1000,,
SBL,32,10,300,,
SBL,16,10,26,,
SBL,57,10,10,,
NABBC,45,25,20,,
SAHAS,59,57,10,,
CORBL,57,58,15,,
HIDCL,42,43,10,,
HIDCL,35,40,10,,
SHPC,22,58,45,,
NABIL,6,58,20,,
MKJC,28,39,10,,
SAHAS,59,48,10,,
NGPL,55,39,13,,
MPFL,38,29,80,,
MPFL,5,29,10,,
MPFL,14,29,60,,
MPFL,7,29,500,,
PMHPL,32,3,50,,
EBL,52,33,57,,
LBBL,34,38,100,,
HIDCL,51,48,100,,
HIDCL,55,48,55,,
HIDCL,45,48,235,,
HIDCL,58,48,120,,
HIDCL,53,48,50,,
HIDCL,51,48,80,,
HIDCL,49,48,100,,
HIDCL,29,48,100,,
HIDCL,32,48,100,,
HIDCL,36,48,100,,
HIDCL,38,48,700,,
HIDCL,22,48,100,,
HIDCL,48,48,150,,
HIDCL,54,48,20,,
HIDCL,42,48,200,,
HIDCL,16,48,500,,
HIDCL,34,48,100,,
HIDCL,57,48,540,,
HIDCL,42,48,100,,
HIDCL,29,48,100,,
HIDCL,34,48,500,,
HIDCL,54,48,30,,
HIDCL,45,48,50,,
HIDCL,34,48,300,,
HIDCL,45,48,500,,
HIDCL,46,48,20,,
HIDCL,53,48,300,,
HIDCL,38,48,1000,,
HIDCL,49,48,120,,
HIDCL,42,48,100,,
HIDCL,38,48,10,,
HIDCL,5,48,20,,
HIDCL,53,48,200,,
HIDCL,41,48,30,,
HIDCL,33,48,20,,
HIDCL,32,48,200,,
HIDCL,1,48,50,,
HIDCL,3,48,10,,
HIDCL,21,48,20,,
HIDCL,45,48,50,,
HIDCL,21,48,100,,
HIDCL,42,48,500,,
HIDCL,8,48,500,,
HIDCL,34,48,350,,
HIDCL,25,48,100,,
HIDCL,4,48,500,,
HIDCL,42,48,500,,
HIDCL,7,48,100,,
HIDCL,47,48,630,,
HIDCL,52,48,301,,
HIDCL,14,48,500,,
HIDCL,43,48,50,,
HIDCL,51,48,35,,
HIDCL,58,48,50,,
HIDCL,53,48,500,,
HIDCL,42,48,500,,
HIDCL,35,48,50,,
HIDCL,42,48,100,,
HIDCL,41,48,100,,
HIDCL,26,48,50,,
HIDCL,58,48,50,,
HIDCL,32,48,49,,
HIDCL,11,48,67,,
HIDCL,58,48,500,,
HIDCL,47,48,20,,
HIDCL,58,48,100,,
HIDCL,57,48,10,,
HIDCL,51,48,1000,,
HIDCL,1,48,1000,,
HIDCL,14,48,150,,
HIDCL,42,48,20,,
HIDCL,34,48,300,,
HIDCL,45,48,50,,
HIDCL,50,48,50,,
HIDCL,57,48,500,,
HIDCL,34,48,66,,
HIDCL,11,48,250,,
HIDCL,14,48,151,,
HIDCL,34,48,71,,
SLI,51,22,10,,
CHL,41,58,50,,
CHL,57,58,50,,
CHL,52,58,200,,
CHL,5,58,174,,
CHL,42,58,165,,
CHL,57,58,30,,
CHL,26,58,100,,
CHL,14,58,100,,
CHL,42,58,10,,
NHPC,48,38,50,,
CBL,51,38,30,,
HIDCL,34,57,229,,
API,38,38,31,,
SAHAS,59,17,10,,
GIC,39,41,20,,
GIC,34,41,10,,
TPC,34,34,10,,
AKPL,41,55,50,,
MLBL,43,21,100,,
AKPL,41,21,23,,
PMHPL,32,58,10,,
SHINE,28,5,50,,
NLIC,45,6,10,,
NIFRA,38,28,89,,
NIFRA,14,28,100,,
NIFRA,57,28,100,,
NIFRA,59,28,100,,
NIFRA,7,28,100,,
NIFRA,49,28,100,,
NIFRA,58,28,100,,
NIFRA,41,28,50,,
NIFRA,13,28,100,,
NIFRA,25,28,100,,
NIFRA,38,28,100,,
NIFRA,55,28,1000,,
NIFRA,49,28,11,,
NIFRA,6,28,50,,
NIFRA,51,28,100,,
NIFRA,28,28,200,,
NIFRA,16,28,150,,
NIFRA,21,28,100,,
NIFRA,42,28,10,,
NIFRA,1,28,300,,
NIFRA,46,28,200,,
NIFRA,22,28,25,,
NIFRA,21,28,10,,
NIFRA,44,28,10,,
NIFRA,21,28,30,,
NIFRA,52,28,100,,
NIFRA,16,28,10,,
HIDCL,6,57,55,,
PMHPL,32,3,40,,
PMHPL,41,3,100,,
AHPC,21,45,69,,
GBIME,51,36,23,,
JBLB,4,32,10,,
BOKL,10,38,500,,
UNHPL,34,49,50,,
SCB,22,10,50,,
NLIC,37,45,25,,
AIL,42,58,10,,
JOSHI,38,38,30,,
AHPC,58,5,100,,
MLBL,32,42,20,,
MLBL,13,42,80,,
HIDCL,49,57,35,,
ADBL,21,52,100,,
TPC,34,43,10,,
GBIME,16,49,761,,
AKPL,45,41,20,,
EBL,52,33,50,,
NICLBSL,17,57,10,,
JBBL,26,45,25,,
NABIL,34,58,12,,
SRBL,49,49,10,,
PCBL,49,17,50,,
CHL,42,25,40,,
CZBIL,41,38,25,,
GMFIL,29,49,11,,
SAHAS,59,34,10,,
MBL,22,38,140,,
MBL,6,38,860,,
GBIME,38,49,100,,
ACLBSL,54,42,40,,
MFIL,21,58,100,,
SAHAS,59,45,10,,
KPCL,38,51,10,,
API,42,26,11,,
API,42,26,20,,
MLBL,13,34,20,,
NBB,6,25,15,,
NIFRA,45,48,50,,
GBBL,59,57,10,,
ULI,35,16,10,,
GIC,34,49,10,,
MLBS,43,38,10,,
MNBBL,6,55,375,,
MNBBL,14,55,100,,
MNBBL,35,55,200,,
MNBBL,36,55,200,,
MNBBL,43,55,25,,
MNBBL,50,55,50,,
MNBBL,22,55,30,,
MNBBL,21,55,20,,
NHPC,48,38,30,,
SJCL,28,41,30,,
RLFL,41,34,187,,
UIC,17,38,50,,
LBBL,26,38,500,,
HIDCL,14,26,500,,
NUBL,57,40,25,,
NUBL,54,40,100,,
NUBL,43,40,25,,
NUBL,26,40,100,,
NUBL,25,40,50,,
NBB,45,54,39,,
NBB,16,54,50,,
NBB,26,54,20,,
SFCL,26,50,50,,
HIDCL,42,43,300,,
SMFBS,36,16,20,,
PMHPL,32,3,20,,
PMHPL,21,3,20,,
PMHPL,22,3,100,,
CGH,57,51,10,,
SLI,10,58,10,,
AKPL,50,5,118,,
AKPL,10,5,582,,
MERO,22,7,50,,
MERO,50,7,123,,
NICLBSL,17,34,80,,
GHL,6,58,30,,
MNBBL,53,49,170,,
HIDCL,14,59,349,,
HIDCL,45,59,82,,
HIDCL,21,59,45,,
HIDCL,47,59,100,,
HIDCL,28,59,100,,
HIDCL,38,59,60,,
HIDCL,58,59,650,,
HIDCL,25,59,100,,
HIDCL,6,59,98,,
HIDCL,11,59,100,,
HIDCL,32,59,10,,
HIDCL,14,59,100,,
HIDCL,53,59,100,,
HIDCL,42,59,200,,
HIDCL,19,59,100,,
HIDCL,4,59,50,,
HIDCL,58,59,300,,
HIDCL,47,59,20,,
HIDCL,49,59,10,,
HIDCL,21,59,30,,
HIDCL,42,59,100,,
HIDCL,56,59,100,,
HIDCL,49,59,30,,
HIDCL,41,59,500,,
HIDCL,58,59,50,,
HIDCL,38,59,50,,
HIDCL,28,59,104,,
HIDCL,32,59,500,,
HIDCL,57,59,10,,
HIDCL,17,59,500,,
HIDCL,17,59,1500,,
HIDCL,17,59,1500,,
HIDCL,35,59,50,,
HIDCL,17,59,1500,,
HIDCL,45,59,30,,
HIDCL,38,59,500,,
HIDCL,47,59,100,,
LBL,45,38,900,,
HIDCL,47,59,20,,
HIDCL,47,59,100,,
LBL,10,38,100,,
HIDCL,42,59,100,,
HIDCL,7,59,14,,
HIDCL,21,59,500,,
HIDCL,35,59,200,,
HIDCL,51,59,10,,
HIDCL,26,59,500,,
HIDCL,51,59,20,,
HIDCL,39,59,170,,
HIDCL,19,59,200,,
HIDCL,42,59,100,,
HIDCL,29,59,50,,
HIDCL,34,59,50,,
HIDCL,41,59,20,,
HIDCL,58,59,90,,
HIDCL,38,59,100,,
HIDCL,58,59,30,,
HIDCL,18,59,50,,
HIDCL,56,59,30,,
HIDCL,49,59,200,,
HIDCL,54,59,200,,
HIDCL,32,59,25,,
HIDCL,49,59,50,,
HIDCL,38,59,1000,,
HIDCL,39,59,50,,
HIDCL,33,59,500,,
HIDCL,48,59,100,,
HIDCL,19,59,500,,
HIDCL,28,59,100,,
HIDCL,49,59,200,,
HIDCL,26,59,200,,
HIDCL,11,59,500,,
HIDCL,4,59,200,,
HIDCL,58,59,200,,
HIDCL,21,59,100,,
HIDCL,39,59,100,,
HIDCL,58,59,50,,
HIDCL,41,59,100,,
HIDCL,45,59,330,,
HIDCL,45,59,30,,
HIDCL,8,59,100,,
HIDCL,42,59,100,,
HIDCL,35,59,100,,
HIDCL,53,59,50,,
HIDCL,42,59,50,,
HIDCL,28,59,200,,
HIDCL,32,59,1000,,
HIDCL,57,59,50,,
HIDCL,58,59,500,,
HIDCL,49,59,500,,
HIDCL,47,59,30,,
HIDCL,37,59,500,,
ULI,34,56,10,,
NTC,29,47,500,,
NTC,29,51,100,,
NTC,29,58,15,,
NTC,29,25,100,,
SLBBL,44,13,55,,
MDB,1,17,25,,
MDB,41,17,86,,
MMFDB,46,21,20,,
ALBSL,58,51,12,,
MLBS,6,17,10,,
PLI,16,26,50,,
PLI,7,26,50,,
AKJCL,4,33,15,,
AKJCL,8,33,300,,
AKJCL,8,41,300,,
SLBBL,17,13,10,,
SLBBL,17,13,30,,
HIDCL,45,43,200,,
JBLB,4,14,63,,
JBLB,39,14,40,,
JBLB,6,14,12,,
JBLB,21,14,25,,
JBLB,51,14,50,,
JBLB,4,14,10,,
NHPC,58,17,100,,
SAHAS,39,45,10,,
SANIMA,17,26,10,,
SANIMA,28,26,50,,
SANIMA,51,26,60,,
SANIMA,34,26,50,,
SANIMA,53,26,10,,
SANIMA,35,26,20,,
SANIMA,56,26,100,,
SANIMA,36,26,16,,
SANIMA,19,26,20,,
SANIMA,40,26,200,,
SANIMA,29,26,100,,
SANIMA,34,26,50,,
SANIMA,45,26,40,,
SANIMA,47,26,57,,
CBBL,55,26,146,,
SANIMA,20,26,155,,
SAHAS,59,38,10,,
TPC,32,51,10,,
ALICL,22,45,30,,
ALICL,6,45,10,,
ALICL,29,45,100,,
ALICL,54,45,60,,
BARUN,14,16,22,,
BARUN,54,16,38,,
AHPC,21,39,31,,
AHPC,25,39,30,,
NBB,6,25,35,,
NBB,6,17,85,,
AHPC,36,39,39,,
NBB,6,17,15,,
SANIMA,48,26,50,,
ALICL,44,45,100,,
CLBSL,49,58,10,,
NRIC,55,38,60,,
NRN,33,33,69,,
NRN,7,33,100,,
NRN,34,33,21,,
NRN,57,33,10,,
AKPL,10,13,77,,
AKPL,43,13,50,,
HIDCL,39,39,1,,
CBBL,55,26,854,,
CBBL,49,26,20,,
CBBL,28,26,10,,
CBBL,57,26,10,,
CBBL,26,26,100,,
CBBL,44,26,200,,
HPPL,17,25,35,,
ULI,34,47,10,,
NMB,1,45,321,,
LBBL,32,58,420,,
TPC,32,7,10,,
LBBL,33,48,20,,
NHPC,49,38,34,,
KSBBL,22,33,30,,
UNHPL,45,6,25,,
JBBL,11,51,25,,
JBBL,35,51,40,,
JBBL,45,51,50,,
JBBL,7,51,150,,
JBBL,49,51,275,,
RADHI,57,43,40,,
RADHI,57,16,50,,
RADHI,57,35,145,,
RADHI,57,22,15,,
AKPL,49,41,100,,
RSDC,25,38,37,,
RSDC,21,38,13,,
GMFBS,34,34,27,,
UIC,17,26,100,,
CBBL,59,45,40,,
CCBL,16,6,35,,
CCBL,10,6,125,,
CCBL,41,6,75,,
CCBL,11,6,90,,
CCBL,20,6,200,,
ULI,34,1,10,,
PRVU,21,17,20,,
SPDL,13,29,200,,
NLBBL,32,44,260,,
PSF,52,58,500,,
NABIL,52,58,65,,
NABIL,52,21,66,,
GHL,26,58,100,,
PMHPL,35,34,300,,
NMBHF1,7,28,1566,,
NMBHF1,37,28,2000,,
NMBHF1,7,28,6434,,
PLIC,59,40,100,,
GIC,34,41,30,,
TPC,34,17,10,,
SAHAS,59,35,10,,
JOSHI,35,38,170,,
MLBL,19,42,300,,
NLIC,49,45,10,,
LBBL,34,55,366,,
LBBL,25,55,30,,
LBBL,10,55,100,,
UIC,17,32,200,,
NBB,26,41,30,,
MERO,42,7,25,,
SHINE,14,39,500,,
SPDL,13,49,10,,
CIT,50,38,10,,
NBL,44,14,10,,
HIDCL,39,39,1,,
GMFIL,29,49,39,,
GMFIL,59,49,45,,
SHINE,58,21,230,,
NRIC,48,50,140,,
SGI,16,51,10,,
SAHAS,59,57,10,,
UPPER,53,4,30,,
UPPER,28,4,18,,
MLBS,6,4,50,,
MLBS,11,4,10,,
MLBS,19,4,800,,
MLBS,47,4,60,,
SAHAS,59,58,10,,
NLBBL,32,16,240,,
NLBBL,34,16,10,,
ALBSL,32,45,50,,
ALBSL,10,45,15,,
ALBSL,3,45,79,,
GHL,58,58,20,,
NHPC,49,38,40,,
PCBL,29,17,50,,
GIC,34,51,10,,
EBL,10,49,310,,
EBL,10,39,700,,
EBL,10,13,500,,
EBL,10,5,50,,
SAHAS,59,26,10,,
API,58,26,20,,
SAHAS,59,49,10,,
NGPL,10,7,16,,
API,59,26,100,,
NCCB,56,42,10,,
MEGA,33,28,100,,
GILB,57,34,24,,
UNHPL,45,48,28,,
UNHPL,34,48,22,,
RHPL,50,56,40,,
RHPL,26,56,10,,
GLH,53,57,20,,
GLH,53,38,10,,
GLH,53,22,10,,
GLH,53,52,10,,
GLH,53,17,10,,
GLH,53,58,10,,
GLH,53,21,10,,
GLH,53,56,10,,
GLH,53,51,10,,
PMHPL,22,51,10,,
HIDCL,39,39,1,,
SLI,49,58,10,,
SKBBL,22,59,28,,
SKBBL,54,59,50,,
SKBBL,42,59,10,,
SKBBL,45,59,50,,
SKBBL,56,59,400,,
NLIC,51,26,50,,
SHINE,14,5,50,,
GBIME,17,49,20,,
NRIC,55,17,40,,
NHPC,49,58,26,,
STC,52,33,10,,
NLIC,59,44,134,,
NLIC,28,44,100,,
NLIC,14,44,50,,
NLIC,45,44,39,,
NLIC,55,44,10,,
NLIC,3,44,100,,
NLIC,34,44,500,,
NLIC,16,44,100,,
NLIC,45,44,20,,
NLIC,13,44,100,,
NLIC,45,44,28,,
NLIC,57,44,50,,
NLIC,37,44,89,,
NLIC,45,44,20,,
NLIC,20,44,50,,
NLIC,42,44,10,,
NLIC,22,44,20,,
NLIC,41,44,150,,
NLIC,41,44,60,,
NLIC,57,44,100,,
NLIC,55,44,100,,
NLIC,47,44,100,,
NLIC,14,44,50,,
NLIC,38,44,50,,
NLIC,10,44,100,,
NLIC,47,44,50,,
NLIC,42,44,20,,
NLIC,33,44,100,,
NLIC,28,44,100,,
JOSHI,35,29,110,,
NBL,42,14,50,,
HIDCL,4,43,300,,
JBBL,58,51,10,,
JOSHI,35,34,20,,
JOSHI,20,34,480,,
HDHPC,58,38,460,,
HDHPC,22,38,830,,
HDHPC,10,38,200,,
HDHPC,8,38,100,,
HDHPC,17,38,100,,
HDHPC,58,38,10,,
NICLBSL,26,49,10,,
RLFL,36,34,50,,
RLFL,14,34,300,,
NICA,41,49,10,,
SAHAS,59,6,150,,
SAHAS,59,56,10,,
CZBIL,57,11,44,,
ALICL,36,45,10,,
SPDL,13,47,275,,
SPDL,57,47,25,,
MNBBL,53,20,30,,
MNBBL,54,20,50,,
MNBBL,53,20,20,,
JBBL,49,55,25,,
JBBL,6,55,50,,
JBBL,38,55,200,,
JBBL,35,55,100,,
JBBL,33,55,50,,
JBBL,32,55,265,,
JBBL,7,55,60,,
SBL,57,21,20,,
ULI,44,6,10,,
SBL,21,21,10,,
SBL,28,21,106,,
NICA,41,49,50,,
NICA,50,49,100,,
NICA,49,49,200,,
NICA,4,49,10,,
NICA,18,49,10,,
NICA,26,49,200,,
NICA,49,49,60,,
NICA,41,49,100,,
NICA,57,49,10,,
NGPL,10,39,13,,
AHPC,36,6,40,,
MLBL,32,48,280,,
MLBL,25,48,25,,
MLBL,25,33,75,,
KPCL,38,51,10,,
MLBL,13,33,75,,
MLBL,6,33,50,,
API,34,26,19,,
SAPDBL,32,6,2000,,
SAPDBL,48,6,300,,
MLBL,38,49,16,,
NIFRA,16,11,70,,
NLBBL,44,16,50,,
SIFC,7,38,20,,
JBLB,51,11,10,,
SAHAS,51,49,10,,
PBD85,16,49,50,,
MBL,6,37,1940,,
MBL,59,37,570,,
MBL,38,37,5000,,
MBL,49,37,50,,
MBL,58,37,300,,
MBL,32,37,140,,
KBL,17,34,171,,
KBL,51,34,100,,
KBL,19,34,10,,
KBL,14,34,150,,
KBL,35,34,10,,
KBL,20,34,467,,
KBL,6,34,57,,
JOSHI,20,58,20,,
MLBS,34,58,10,,
SAHAS,51,6,10,,
SLBBL,17,58,20,,
IGI,45,39,50,,
NIFRA,16,48,70,,
NIFRA,32,48,200,,
NIFRA,22,48,30,,
PRVU,6,17,100,,
AKPL,10,38,341,,
AKPL,13,38,10,,
AKPL,50,38,100,,
AKPL,6,38,200,,
AKPL,21,38,20,,
AKPL,7,38,200,,
AKPL,48,38,100,,
AKPL,45,38,29,,
KMCDB,13,51,10,,
CORBL,57,5,85,,
CORBL,58,5,15,,
CORBL,32,5,20,,
CCBL,11,45,10,,
API,22,11,36,,
GFCL,59,21,10,,
NABIL,42,21,34,,
NABIL,42,58,18,,
TRH,43,26,501,,
PPCL,39,29,200,,
SANIMA,20,50,45,,
SANIMA,8,50,10,,
SANIMA,56,50,100,,
SANIMA,41,50,50,,
SANIMA,47,50,30,,
SANIMA,40,50,100,,
SANIMA,1,50,50,,
SANIMA,26,50,20,,
SANIMA,33,50,500,,
SANIMA,25,50,50,,
SANIMA,28,50,100,,
SANIMA,39,50,20,,
SANIMA,35,50,20,,
SANIMA,7,50,100,,
SANIMA,28,50,100,,
SANIMA,10,50,50,,
SANIMA,14,50,50,,
SANIMA,57,50,40,,
SANIMA,56,50,1145,,
SHINE,58,21,1009,,
SHINE,38,21,1000,,
SHINE,55,21,197,,
SHINE,28,21,300,,
SHINE,42,21,262,,
NCCB,16,11,100,,
NCCB,10,11,400,,
KKHC,22,7,10,,
NCCB,6,11,500,,
NTC,25,14,100,,
JFL,57,44,100,,
AKPL,45,39,21,,
TPC,34,58,10,,
SANIMA,47,39,200,,
NBL,42,49,22,,
NBL,42,13,10,,
NICA,58,14,20,,
CFCL,32,6,100,,
RHPL,26,4,100,,
AKJCL,46,33,300,,
MLBS,50,58,10,,
NCCB,56,42,10,,
NCCB,56,25,10,,
SBCF,39,36,1900,,
NICA,58,14,50,,
NICA,42,14,140,,
NICA,58,14,100,,
NICA,33,14,30,,
NICA,11,14,40,,
NICA,55,14,18,,
NICA,57,14,50,,
CBBL,26,57,100,,
AKPL,58,40,20,,
SAHAS,51,49,100,,
GLH,33,14,100,,
CBBL,42,58,45,,
CBBL,16,58,10,,
CBBL,29,58,55,,
SHIVM,38,40,75,,
SHIVM,45,40,25,,
SHIVM,43,40,100,,
HIDCL,39,39,1,,
RLFL,14,57,100,,
CBL,8,38,100,,
CBL,49,38,18,,
HIDCL,28,48,20,,
MERO,50,26,99,,
MERO,32,26,100,,
MERO,50,26,200,,
CBBL,29,47,25,,
SJCL,28,35,150,,
GMFIL,59,7,540,,
GMFIL,42,7,100,,
FMDBL,56,41,13,,
NIFRA,41,56,60,,
NIFRA,41,42,148,,
HPPL,17,7,10,,
CBL,49,45,32,,
ULI,44,21,10,,
CBL,49,55,15,,
HIDCL,57,59,1000,,
HIDCL,47,59,1000,,
HIDCL,13,59,250,,
HIDCL,58,59,50,,
HIDCL,57,59,100,,
HIDCL,38,59,30,,
HIDCL,45,59,45,,
HIDCL,34,59,300,,
HIDCL,34,59,500,,
HIDCL,49,59,50,,
HIDCL,57,59,20,,
HIDCL,42,59,200,,
HIDCL,1,59,1000,,
HIDCL,1,59,500,,
HIDCL,16,59,500,,
HIDCL,5,59,100,,
HIDCL,47,59,1000,,
HIDCL,38,59,100,,
HIDCL,26,59,100,,
HIDCL,42,59,150,,
HIDCL,49,59,127,,
HIDCL,29,59,20,,
HIDCL,58,59,50,,
HIDCL,34,59,200,,
HIDCL,1,59,1000,,
HIDCL,41,59,100,,
HIDCL,32,59,500,,
HIDCL,7,59,10,,
HIDCL,46,59,10,,
HIDCL,49,59,114,,
HIDCL,51,59,10,,
HIDCL,28,59,1000,,
HIDCL,19,59,52,,
HIDCL,35,59,10,,
HIDCL,45,59,200,,
HIDCL,38,59,50,,
HIDCL,35,59,500,,
HIDCL,46,59,39,,
HIDCL,59,59,100,,
HIDCL,45,59,500,,
HIDCL,5,59,50,,
HIDCL,57,59,50,,
HIDCL,57,59,100,,
HIDCL,32,59,20,,
HIDCL,52,59,300,,
HIDCL,18,59,250,,
HIDCL,22,59,1000,,
HIDCL,47,59,500,,
HIDCL,35,59,200,,
HIDCL,1,59,1000,,
HIDCL,41,59,300,,
HIDCL,38,59,60,,
HIDCL,38,59,20,,
HIDCL,28,59,12,,
HIDCL,45,59,200,,
HIDCL,45,59,100,,
HIDCL,51,59,15,,
HIDCL,58,59,30,,
HIDCL,58,59,45,,
HIDCL,5,59,50,,
HIDCL,58,59,312,,
HIDCL,8,59,1000,,
HIDCL,43,59,100,,
HIDCL,47,59,20,,
HIDCL,14,59,500,,
HIDCL,45,59,495,,
HIDCL,54,59,30,,
HIDCL,46,59,10,,
HIDCL,58,59,10,,
HIDCL,8,59,100,,
HIDCL,8,59,100,,
HIDCL,49,59,500,,
HIDCL,8,59,100,,
HIDCL,8,59,100,,
HIDCL,38,59,375,,
HIDCL,35,59,300,,
HIDCL,42,59,51,,
ICFC,50,17,10,,
HIDCL,28,48,1000,,
SPDL,35,49,10,,
SPDL,34,49,20,,
MLBS,10,22,10,,
UNHPL,50,49,50,,
KSBBL,47,26,1000,,
KSBBL,47,4,167,,
JBLB,51,34,22,,
JBLB,51,34,10,,
CHDC,17,21,10,,
SDLBSL,38,42,100,,
AKPL,33,40,30,,
SAHAS,45,1,10,,
SAHAS,45,38,10,,
NLIC,58,26,10,,
SABSL,34,25,80,,
GBIME,17,49,20,,
SSHL,16,5,24,,
KKHC,22,51,210,,
KKHC,57,51,90,,
BPCL,52,45,30,,
TPC,34,38,10,,
JBBL,7,19,90,,
JBBL,36,19,300,,
JBBL,26,19,30,,
JBBL,10,19,80,,
HIDCL,51,48,50,,
NICLBSL,25,38,40,,
NICLBSL,39,38,280,,
NLIC,4,35,14,,
NLIC,49,35,47,,
NLIC,26,35,30,,
NLIC,42,35,10,,
NLIC,32,35,84,,
JBBL,10,38,20,,
SHINE,17,44,50,,
SHINE,16,44,100,,
NUBL,41,41,10,,
ULI,14,58,20,,
KBL,6,39,43,,
JBLB,35,16,10,,
JBLB,35,49,10,,
RADHI,57,57,50,,
RADHI,57,57,94,,
HIDCL,48,48,25,,
SAHAS,51,26,10,,
GBIME,45,49,50,,
BPCL,16,38,20,,
CBL,28,51,1000,,
SAHAS,51,58,10,,
DHPL,57,7,10,,
BARUN,14,43,45,,
CCBL,5,34,30,,
BARUN,56,43,30,,
BARUN,21,43,175,,
HURJA,57,52,20,,
BARUN,21,35,25,,
BARUN,57,35,10,,
GBIME,19,49,85,,
GBIME,38,49,15,,
SLI,49,58,10,,
CHCL,6,50,210,,
CHCL,44,50,50,,
API,16,14,165,,
API,42,14,14,,
SLI,49,48,10,,
GILB,21,58,1,,
JBLB,17,16,10,,
LEC,7,6,10,,
NABBC,45,38,10,,
NABBC,35,38,20,,
HIDCL,56,48,300,,
HIDCL,51,48,70,,
HIDCL,35,48,71,,
HIDCL,35,49,80,,
PMHPL,22,51,10,,
PRVU,36,17,220,,
SAHAS,50,58,10,,
NICLBSL,39,58,20,,
PLIC,59,51,225,,
PLIC,43,51,25,,
PLIC,5,51,20,,
PLIC,57,51,30,,
JOSHI,20,8,500,,
CIT,22,28,20,,
CIT,1,28,10,,
CIT,45,28,50,,
CIT,6,28,20,,
JBBL,10,44,100,,
FMDBL,56,8,38,,
FMDBL,42,8,50,,
FMDBL,58,8,100,,
SIL,1,42,70,,
KMCDB,39,39,10,,
BPCL,52,45,20,,
MERO,18,26,150,,
MERO,41,26,40,,
MERO,57,26,20,,
MERO,36,26,10,,
MERO,49,26,20,,
MERO,33,26,100,,
MERO,10,26,20,,
MERO,51,26,30,,
MERO,50,26,20,,
MERO,26,26,30,,
MERO,13,26,10,,
MERO,8,26,100,,
MERO,32,26,50,,
MERO,34,26,20,,
MERO,45,26,20,,
MERO,41,26,50,,
MERO,14,26,20,,
MERO,19,26,50,,
MERO,48,26,10,,
SAHAS,13,49,10,,
SAHAS,13,44,10,,
SAHAS,13,43,10,,
AHPC,43,21,50,,
KBL,6,49,100,,
KSBBL,57,51,45,,
AKPL,48,57,200,,
PCBL,19,17,10,,
SWBBL,35,4,70,,
SGI,58,58,10,,
KBL,17,45,27,,
KBL,17,45,173,,
MEGA,57,28,133,,
UPPER,28,4,82,,
PSF,42,36,7934,,
API,22,26,500,,
API,42,26,10,,
API,25,26,30,,
API,41,26,39,,
SHINE,16,16,100,,
MBL,32,49,860,,
MBL,43,49,26,,
MBL,58,49,45,,
MBL,42,49,15,,
MBL,10,49,80,,
AHPC,36,38,30,,
MLBS,28,34,10,,
NHPC,45,58,24,,
NIFRA,35,42,10,,
ULI,14,4,10,,
HIDCL,35,28,849,,
HIDCL,32,28,50,,
HIDCL,26,28,101,,
CIT,57,26,50,,
UPPER,36,4,118,,
ALICL,22,45,50,,
API,41,14,31,,
SHINE,53,16,100,,
AKPL,59,21,25,,
SLI,14,38,10,,
NABIL,48,58,12,,
NIL,22,58,20,,
NIL,57,58,20,,
NIL,44,58,10,,
SAHAS,50,58,10,,
NIFRA,22,11,40,,
JLI,42,51,10,,
MEN,6,28,10,,
SLI,14,32,10,,
RLFL,6,34,100,,
RLFL,29,34,50,,
RLFL,58,34,140,,
RLFL,57,34,173,,
KSBBL,57,33,10,,
TPC,21,38,10,,
NCCB,45,38,150,,
UPPER,19,39,293,,
BPCL,16,38,10,,
AKPL,59,45,25,,
AKPL,3,45,100,,
AKPL,21,45,100,,
AKPL,14,45,20,,
AKPL,36,45,15,,
AKPL,11,45,50,,
AKPL,14,45,190,,
SLBSL,43,49,39,,
GBBL,16,8,95,,
KKHC,21,8,50,,
KKHC,35,8,50,,
KKHC,32,8,58,,
SLICL,17,42,50,,
HIDCL,45,57,10,,
SJCL,57,57,12,,
JLI,42,58,10,,
VLBS,59,38,26,,
UNHPL,50,49,50,,
GLH,38,51,10,,
JBBL,39,44,100,,
JBBL,14,44,300,,
JBBL,54,44,200,,
JBBL,21,44,35,,
SRBL,49,56,20,,
ICFC,22,42,10,,
MNBBL,14,14,100,,
SAHAS,50,21,10,,
PRVU,43,52,50,,
ICFC,50,37,10,,
CBL,28,14,491,,
CBL,44,14,90,,
NLBBL,44,16,249,,
ALBSL,3,38,21,,
NGPL,54,38,20,,
GBIME,19,49,902,,
GBIME,53,49,20,,
GBIME,58,49,78,,
SHPC,49,58,420,,
SHPC,43,58,80,,
SHPC,54,58,500,,
UPPER,36,6,40,,
SAHAS,50,38,10,,
MEGA,14,49,20,,
KSBBL,57,21,390,,
KSBBL,28,21,10,,
KSBBL,36,21,100,,
CLBSL,49,58,10,,
BPCL,16,28,346,,
BPCL,50,28,30,,
BPCL,19,28,80,,
MEGA,17,28,20,,
SGI,53,6,40,,
NABIL,38,49,200,,
AKJCL,34,14,20,,
GBBL,51,57,590,,
SAHAS,50,34,10,,
ILBS,39,39,12,,
GBIME,1,49,49,,
GBIME,1,51,50,,
GBIME,1,49,51,,
NICA,55,38,42,,
NICA,22,38,58,,
CHDC,22,38,10,,
SAHAS,50,32,10,,
UPPER,36,57,42,,
UPPER,13,57,90,,
UPPER,36,57,100,,
UPPER,33,57,68,,
CBL,28,11,1500,,
SSHL,16,43,150,,
GBIMEP,55,28,17269,,
ALICL,4,29,1000,,
ALICL,55,29,20,,
ALICL,7,29,10,,
NHPC,45,45,26,,
JBBL,21,59,65,,
JBBL,45,59,40,,
JBBL,47,59,15,,
SINDU,6,46,20,,
SINDU,5,46,10,,
UMHL,46,42,100,,
SHINE,57,58,960,,
AHPC,36,49,91,,
AHPC,49,49,30,,
AHPC,45,49,30,,
AHPC,14,49,10,,
AHPC,42,49,50,,
AHPC,34,49,139,,
AHPC,38,49,50,,
AHPC,20,49,100,,
NHDL,57,47,50,,
MKJC,28,32,10,,
GIC,39,6,90,,
GIC,39,6,10,,
API,41,39,30,,
API,21,39,100,,
API,21,39,50,,
API,45,39,220,,
NMB,58,49,71,,
AKJCL,21,14,90,,
CHDC,58,21,10,,
KBL,32,26,450,,
BPCL,19,38,10,,
RLFL,57,8,100,,
JLI,42,35,60,,
BARUN,57,45,730,,
API,45,36,80,,
API,35,36,20,,
API,45,36,50,,
API,28,36,200,,
API,44,36,500,,
AKJCL,38,14,90,,
AKJCL,38,58,10,,
SJCL,57,26,430,,
ULI,14,45,10,,
CFCL,32,21,259,,
AKJCL,33,58,10,,
NUBL,41,14,35,,
NUBL,17,14,50,,
NUBL,58,14,15,,
NMBHF1,7,28,566,,
NMBHF1,28,28,428,,
NMBHF1,37,28,3000,,
CHCL,6,38,40,,
EDBL,14,47,180,,
USLB,32,34,11,,
SLICL,13,42,50,,
SLICL,38,42,110,,
SLICL,43,42,100,,
SLICL,59,42,1000,,
SLICL,43,42,25,,
SLICL,39,42,79,,
RMF1,6,18,200,,
CBBL,29,58,20,,
JOSHI,25,14,20,,
JOSHI,48,14,20,,
MEGA,57,28,10,,
BPCL,19,4,10,,
BPCL,45,4,90,,
RMF1,6,58,200,,
HIDCL,47,57,480,,
RLFL,57,6,150,,
MHNL,58,51,14,,
UPPER,33,58,69,,
UPPER,33,42,20,,
UPPER,36,42,30,,
SPDL,34,29,10,,
SPDL,34,29,60,,
SPDL,17,29,80,,
SPDL,34,29,300,,
RLI,58,6,107,,
UNHPL,46,6,10,,
RLI,45,6,20,,
UNHPL,19,6,15,,
SLI,49,51,10,,
UPPER,36,17,40,,
UPPER,36,49,80,,
JLI,42,45,10,,
MLBS,28,38,10,,
CBL,28,38,1400,,
AKPL,14,51,110,,
AKPL,45,51,200,,
AKPL,54,51,50,,
AKPL,45,51,30,,
AKPL,54,51,20,,
AKPL,32,51,50,,
AKPL,35,51,40,,
BARUN,26,45,20,,
NBL,58,13,100,,
AKPL,35,58,60,,
AKPL,13,58,100,,
AKPL,58,58,18,,
AKPL,41,58,50,,
AKPL,14,58,20,,
AKPL,49,58,50,,
AKPL,17,58,30,,
AKPL,13,58,132,,
AKPL,38,58,40,,
CBL,53,14,200,,
ALICL,58,29,50,,
ALICL,55,29,30,,
ALICL,6,29,10,,
ALICL,44,29,100,,
ALICL,13,29,10,,
NEF,4,28,2317,,
HDHPC,35,39,20,,
HDHPC,38,39,100,,
HDHPC,19,39,140,,
HDHPC,21,39,50,,
HDHPC,14,39,1000,,
HDHPC,52,39,100,,
HDHPC,52,39,200,,
HDHPC,28,39,130,,
JLI,3,14,10,,
AKJCL,45,6,150,,
SWBBL,29,49,10,,
SWBBL,26,49,19,,
NABIL,38,39,26,,
NABIL,38,39,24,,
GBIME,14,14,1,,
MDB,41,28,100,,
PCBL,46,17,567,,
PCBL,46,42,233,,
JBLB,17,29,10,,
JBBL,47,21,60,,
JBBL,47,58,10,,
LICN,25,10,23,,
LICN,46,10,100,,
LICN,49,10,10,,
SRBL,49,41,10,,
LICN,59,10,767,,
LICN,16,10,50,,
LICN,10,10,50,,
AKPL,42,28,286,,
AKPL,42,21,100,,
AKPL,42,21,14,,
SCB,1,16,100,,
SHEL,38,45,100,,
STC,42,33,10,,
CGH,16,50,100,,
NUBL,58,26,10,,
IGI,54,39,400,,
PFL,38,17,10,,
CBL,58,14,12,,
API,48,34,10,,
HIDCL,39,39,1,,
NMFBS,48,4,85,,
ULI,14,42,19,,
ULI,51,42,11,,
ULI,26,42,20,,
SHINE,42,21,138,,
SHINE,8,21,50,,
SHINE,51,21,150,,
SHINE,45,21,100,,
SHINE,43,21,202,,
SHINE,14,21,10,,
ICFC,8,20,215,,
ICFC,42,20,82,,
CFCL,32,49,50,,
CFCL,32,8,100,,
GMFIL,59,49,50,,
NICSF,51,18,100,,
NLIC,47,26,100,,
NLIC,22,26,10,,
NLIC,51,26,20,,
NLIC,42,26,29,,
NLIC,52,26,245,,
BPCL,45,38,10,,
SRBL,6,41,27,,
SRBL,6,34,300,,
SRBL,6,28,166,,
SRBL,6,33,507,,
SAHAS,50,57,10,,
SHPC,16,58,500,,
SHPC,41,58,450,,
SHPC,41,58,200,,
SHPC,22,58,25,,
SHPC,58,58,20,,
SHPC,58,58,200,,
SHPC,34,58,20,,
SHPC,50,58,90,,
SHPC,8,58,450,,
MNBBL,57,14,200,,
MLBL,38,48,334,,
MLBL,17,48,2000,,
MLBL,18,48,200,,
MLBL,52,48,1000,,
MLBL,26,48,300,,
MLBL,32,48,700,,
MLBL,14,48,100,,
MLBL,5,48,500,,
MLBL,57,48,200,,
MLBL,37,48,100,,
MLBL,59,48,100,,
MLBL,20,48,300,,
MLBL,6,48,50,,
MLBL,21,48,10,,
MLBL,37,48,100,,
MLBL,22,48,10,,
MLBL,45,48,300,,
MLBL,58,48,50,,
MLBL,21,48,100,,
MLBL,1,48,20,,
MLBL,38,48,26,,
AKJCL,13,13,50,,
AKJCL,25,13,1200,,
AKJCL,8,13,800,,
SLICL,39,38,21,,
KBL,32,36,300,,
SINDU,32,46,50,,
SINDU,5,46,10,,
SINDU,28,46,1000,,
SINDU,50,46,10,,
API,48,58,10,,
GBIME,58,49,66,,
GBIME,48,49,50,,
GBIME,58,49,1300,,
GBIME,58,49,12,,
GBIME,21,49,100,,
GBIME,42,49,100,,
GBIME,8,49,372,,
JBBL,58,44,37,,
JBBL,58,14,13,,
API,48,58,50,,
NABIL,34,58,10,,
CORBL,26,5,65,,
HURJA,5,6,10,,
NHPC,22,13,10,,
NIFRA,22,46,20,,
NIFRA,52,46,10,,
NIFRA,22,46,20,,
RSDC,21,38,12,,
MDB,41,42,100,,
MBL,45,37,50,,
NMFBS,48,44,15,,
AHPC,43,6,10,,
GBIME,26,21,80,,
MLBL,38,48,74,,
MLBL,3,48,112,,
MLBL,25,48,148,,
MLBL,58,48,66,,
MLBL,6,48,100,,
CHDC,58,34,10,,
NIFRA,19,58,10,,
NIFRA,16,58,33,,
SBI,6,59,600,,
GMFIL,59,43,500,,
SANIMA,56,1,855,,
SANIMA,41,1,83,,
SANIMA,7,1,50,,
HPPL,17,54,100,,
HPPL,42,54,100,,
HPPL,37,54,200,,
CFCL,32,21,190,,
CFCL,5,21,20,,
CFCL,19,21,100,,
CFCL,45,21,290,,
SAHAS,3,22,10,,
DDBL,38,28,40,,
MEGA,14,13,58,,
MEGA,58,13,42,,
GBLBS,6,19,100,,
CMF1,4,42,10200,,
CMF1,58,42,100,,
CMF1,32,42,1000,,
CMF1,49,42,280,,
NMFBS,6,44,10,,
SGI,53,41,10,,
SGI,41,41,50,,
SGI,49,41,30,,
SAHAS,50,58,10,,
HDHPC,28,58,50,,
NBB,32,17,415,,
NBB,32,32,225,,
NBB,32,4,250,,
NBB,32,54,10,,
NBB,32,1,10,,
NBB,32,25,90,,
HIDCL,47,38,20,,
NICLBSL,59,25,10,,
NHPC,42,51,158,,
NHPC,28,51,1000,,
NHPC,13,51,100,,
NHPC,58,51,10,,
NHPC,49,51,210,,
NHPC,49,51,500,,
NHPC,32,51,1000,,
NHPC,47,51,362,,
SDLBSL,57,38,15,,
SDLBSL,1,38,10,,
SHPC,50,28,110,,
SHPC,59,28,50,,
SHPC,41,28,40,,
NABIL,38,36,18,,
MLBL,58,48,134,,
MLBL,21,48,100,,
MLBL,20,48,200,,
MLBL,19,48,200,,
MLBL,10,48,500,,
MLBL,19,48,100,,
MLBL,10,48,418,,
MLBL,59,48,200,,
MLBL,10,48,500,,
MLBL,1,48,100,,
MLBL,14,48,100,,
MLBL,22,48,20,,
MLBL,10,48,428,,
GHL,58,45,10,,
SAPDBL,29,8,99,,
NHDL,39,47,50,,
UIC,17,42,10,,
NICLBSL,14,38,100,,
IGI,3,39,185,,
NHPC,22,13,10,,
NFS,33,20,80,,
RMF1,6,18,200,,
HDL,57,49,10,,
HDL,21,49,10,,
HDL,53,49,40,,
HDL,6,49,20,,
SAHAS,50,39,10,,
CBBL,45,20,50,,
CBBL,58,20,19,,
CBBL,39,20,100,,
CBBL,29,20,200,,
CBBL,16,20,10,,
CBBL,6,20,20,,
GLICL,57,38,10,,
UPPER,33,29,100,,
JBLB,17,41,10,,
CHL,21,58,139,,
NUBL,58,45,50,,
MLBL,10,48,72,,
MLBL,49,48,50,,
MLBL,37,48,100,,
MLBL,52,48,278,,
MEGA,58,58,20,,
EDBL,14,42,20,,
EDBL,45,42,300,,
SHEL,14,21,120,,
SHEL,3,21,200,,
SHEL,13,21,25,,
AKPL,13,43,168,,
AKPL,28,43,100,,
AKPL,36,43,42,,
HDL,45,45,10,,
AKPL,35,43,300,,
AKPL,22,43,200,,
AKPL,48,43,162,,
AKPL,50,43,28,,
SLI,3,38,10,,
SHL,7,57,100,,
SHL,49,57,200,,
SHL,11,57,425,,
SHL,56,57,100,,
SHL,25,57,350,,
SHL,7,57,100,,
SHL,10,57,140,,
SHL,7,57,100,,
SHL,38,57,200,,
KBL,32,7,100,,
MEGA,58,35,100,,
NICLBSL,59,25,100,,
PRVU,6,17,10,,
SRBL,49,28,390,,
SRBL,49,28,500,,
SRBL,16,28,100,,
SRBL,4,28,10,,
GLH,33,49,30,,
MHNL,50,51,78,,
MHNL,50,26,222,,
SWBBL,26,14,31,,
SWBBL,34,14,14,,
SWBBL,34,14,20,,
SWBBL,34,14,20,,
SWBBL,26,14,50,,
SWBBL,26,14,30,,
SWBBL,29,14,10,,
SWBBL,35,14,10,,
NICSF,51,18,100,,
MNBBL,26,42,41,,
SMFBS,55,4,91,,
LEC,7,25,20,,
KSBBL,22,33,15,,
KSBBL,46,33,50,,
KSBBL,42,33,25,,
CZBIL,41,38,220,,
SIC,22,11,20,,
SIC,36,11,10,,
SJCL,57,49,20,,
IGI,3,39,115,,
IGI,49,39,10,,
SADBL,16,5,2000,,
SSHL,16,5,100,,
FMDBL,48,43,90,,
SAHAS,40,35,10,,
SAHAS,40,49,10,,
SAHAS,40,52,10,,
SAHAS,40,57,10,,
SAHAS,40,58,10,,
BOKL,10,22,1000,,
TPC,52,42,13,,
TPC,22,42,30,,
AHPC,49,52,180,,
CBL,58,14,10,,
CBL,48,14,10,,
CBL,58,14,450,,
API,48,6,120,,
NRIC,49,29,10,,
CHCL,6,59,200,,
USLB,44,45,144,,
ALICL,13,45,140,,
MBL,45,37,25,,
ALICL,7,45,10,,
SLICL,56,1,50,,
NIFRA,16,58,50,,
SAHAS,3,58,10,,
SJCL,58,57,18,,
KRBL,45,35,91,,
DDBL,21,28,12,,
SBI,38,59,528,,
NUBL,45,26,30,,
JBBL,17,14,20,,
USLB,32,38,20,,
SAHAS,50,1,10,,
ICFC,22,42,10,,
ICFC,22,49,10,,
API,48,49,307,,
API,45,49,15,,
ICFC,45,45,10,,
GLICL,57,43,10,,
AKPL,50,45,72,,
AKPL,10,45,28,,
UPPER,33,49,40,,
HDHPC,28,43,1820,,
HDHPC,41,43,50,,
HDHPC,6,43,50,,
HDHPC,59,43,200,,
HDHPC,4,43,85,,
HDHPC,42,43,10,,
NABIL,58,58,65,,
HDHPC,52,43,285,,
GHL,58,6,38,,
GHL,8,6,22,,
GHL,52,6,10,,
GHL,34,6,30,,
IGI,3,39,500,,
IGI,22,39,50,,
IGI,55,39,75,,
IGI,53,39,200,,
IGI,45,39,50,,
SAHAS,50,35,10,,
LBBL,58,48,100,,
BARUN,57,45,50,,
BARUN,47,45,100,,
BARUN,28,45,100,,
NTC,58,13,10,,
NTC,46,13,10,,
SIFC,22,8,15,,
SIFC,22,8,90,,
SMFBS,55,16,20,,
CBL,6,38,200,,
CBL,58,38,10,,
CBL,36,38,250,,
TPC,22,6,10,,
GBIME,51,49,56,,
FMDBL,57,43,10,,
JBBL,11,8,190,,
RMF1,6,18,200,,
SANIMA,41,28,17,,
SANIMA,45,28,101,,
SANIMA,37,28,100,,
SANIMA,44,28,40,,
UIC,17,38,50,,
PROFL,28,38,490,,
CBBL,19,19,197,,
CBBL,49,19,400,,
CBBL,58,19,25,,
CBBL,34,19,20,,
CBBL,7,19,10,,
CBBL,14,19,100,,
CBBL,58,19,20,,
CBBL,6,19,13,,
PRVU,59,17,50,,
PRVU,42,17,100,,
PRVU,29,17,50,,
PRVU,29,17,50,,
PRVU,17,17,100,,
PRVU,58,17,10,,
PRVU,4,17,130,,
SRBL,4,42,100,,
AHPC,49,51,20,,
NGPL,20,38,10,,
BPCL,45,38,10,,
SRBL,4,28,190,,
SRBL,10,28,300,,
SRBL,58,28,10,,
SAHAS,50,42,10,,
MEGA,58,55,13,,
GHL,34,38,85,,
GHL,36,38,100,,
GHL,6,38,100,,
ULI,49,7,10,,
AHPC,20,36,400,,
AHPC,45,36,100,,
NHDL,39,53,200,,
NHDL,35,53,100,,
NHDL,22,53,1000,,
SHEL,49,21,10,,
SHEL,21,21,300,,
SHEL,48,21,100,,
SHEL,25,21,20,,
SHEL,5,21,10,,
SHEL,21,21,10,,
KSBBL,42,38,10,,
KSBBL,22,38,20,,
NICSF,51,18,100,,
NRIC,49,55,30,,
NRIC,35,55,10,,
LBL,10,45,400,,
MLBS,28,34,10,,
SCB,10,38,22,,
SCB,52,38,30,,
FMDBL,57,34,50,,
FMDBL,32,34,40,,
FMDBL,58,34,10,,
SBI,38,49,25,,
AIL,42,41,10,,
GBIME,47,49,500,,
USLB,57,45,50,,
USLB,1,45,10,,
USLB,29,45,10,,
USLB,17,45,200,,
USLB,26,45,62,,
USLB,22,45,10,,
USLB,19,45,100,,
USLB,22,45,10,,
USLB,49,45,20,,
USLB,46,45,22,,
USLB,56,45,20,,
USLB,28,45,34,,
USLB,55,45,20,,
SBL,28,57,394,,
SBL,28,57,500,,
SBL,42,57,50,,
SBL,17,57,55,,
SBL,28,57,380,,
SBL,6,57,21,,
SBL,29,57,100,,
SBL,10,57,500,,
GLH,58,49,10,,
CHL,21,58,61,,
CHL,57,58,50,,
NGPL,34,4,50,,
MNBBL,6,38,99,,
MNBBL,14,38,50,,
MNBBL,6,38,10,,
MNBBL,59,38,90,,
GLICL,57,38,20,,
GUFL,5,53,138,,
UMHL,38,57,10,,
GFCL,26,26,149,,
GFCL,50,26,50,,
GFCL,29,26,50,,
GFCL,58,26,200,,
GFCL,37,26,100,,
GFCL,4,26,100,,
GFCL,36,26,50,,
GFCL,49,26,151,,
GFCL,38,26,200,,
GFCL,1,26,200,,
GFCL,36,26,250,,
JBLB,17,45,10,,
BARUN,7,45,200,,
SAHAS,50,42,10,,
KSBBL,48,4,100,,
KSBBL,56,4,18,,
KSBBL,48,4,100,,
KSBBL,48,4,50,,
KSBBL,42,4,15,,
MEN,17,58,500,,
KSBBL,42,4,200,,
KSBBL,49,4,90,,
API,14,34,1000,,
API,22,34,500,,
API,58,34,20,,
API,6,34,50,,
API,6,34,331,,
NBF3,19,18,200,,
CBBL,7,32,50,,
ALICL,45,45,100,,
HDHPC,52,6,200,,
HDHPC,52,6,15,,
TPC,22,58,50,,
TPC,45,58,50,,
SBI,38,38,30,,
NMB,58,58,60,,
NMB,41,58,440,,
JLI,52,55,10,,
NRIC,49,41,10,,
NLICL,58,42,1600,,
NLICL,58,42,3000,,
NLICL,6,42,100,,
NLICL,6,42,100,,
NLICL,19,42,300,,
NLICL,26,42,50,,
NLICL,47,42,10,,
NLIC,52,38,55,,
NLIC,42,38,20,,
NLIC,58,38,100,,
NLIC,38,38,25,,
SHPC,57,58,12,,
AIL,42,34,10,,
FOWAD,45,58,10,,
FOWAD,28,58,10,,
SHEL,21,58,10,,
NFS,41,59,300,,
NFS,5,59,10,,
NFS,46,59,650,,
NFS,8,59,200,,
MNBBL,59,45,60,,
MNBBL,14,45,30,,
MNBBL,29,45,11,,
MNBBL,42,45,49,,
SJCL,28,45,75,,
AHPC,21,6,10,,
AKPL,10,59,35,,
API,33,38,50,,
SLI,14,48,10,,
SLICL,57,42,47,,
NHPC,47,58,10,,
CHDC,28,21,10,,
SFCL,57,50,20,,
NUBL,35,26,10,,
SAHAS,50,42,10,,
DHPL,52,6,45,,
DHPL,1,6,100,,
DHPL,7,6,10,,
DHPL,52,6,25,,
DHPL,58,6,20,,
RHPL,50,36,470,,
NLICL,17,42,200,,
NLICL,3,42,10,,
NLICL,49,42,3400,,
SAPDBL,43,8,101,,
MKJC,28,21,10,,
NABIL,38,48,100,,
HIDCL,26,49,99,,
HIDCL,52,49,16,,
CHL,52,58,89,,
SADBL,34,50,10,,
SGI,49,55,10,,
RMF1,6,18,200,,
API,6,16,369,,
API,47,16,50,,
API,21,16,47,,
API,21,16,10,,
API,45,16,24,,
SLCF,33,38,200,,
AHPC,43,39,400,,
AHPC,6,39,100,,
SAHAS,50,56,10,,
NCCB,16,34,40,,
SBI,38,32,1500,,
JBBL,11,57,10,,
SBI,38,11,100,,
JBBL,19,57,10,,
SBI,38,47,1000,,
JBBL,58,57,50,,
SBI,38,1,150,,
JBBL,21,57,50,,
SBI,38,22,98,,
JBBL,26,57,30,,
SBI,38,38,379,,
JBBL,3,57,185,,
SBI,38,46,100,,
SBI,38,54,90,,
RLI,57,49,10,,
JBLB,17,40,10,,
SMFBS,55,59,15,,
BFC,57,49,50,,
NBL,47,13,100,,
JBBL,3,39,15,,
NRIC,57,38,30,,
NRIC,36,38,20,,
RHPL,50,41,32,,
RLI,4,26,10,,
RLI,4,55,10,,
KKHC,32,6,142,,
NLICL,49,42,6600,,
NLICL,45,42,500,,
NLICL,1,42,100,,
NLICL,48,42,150,,
NLICL,13,42,20,,
NLICL,26,42,50,,
NLICL,53,42,50,,
NLICL,46,42,1000,,
NLICL,44,42,50,,
NLICL,53,42,100,,
NLICL,55,42,25,,
NLICL,57,42,15,,
NLICL,37,42,200,,
NLICL,14,42,250,,
NLICL,17,42,10,,
NLICL,41,42,30,,
NLICL,35,42,100,,
NLICL,32,42,100,,
NLICL,43,42,100,,
NLICL,48,42,50,,
NLICL,4,42,100,,
NLICL,51,42,100,,
NLICL,43,42,300,,
GBBL,36,54,200,,
GBBL,1,54,100,,
SAPDBL,43,44,49,,
SAPDBL,43,49,50,,
NGPL,10,4,200,,
NRIC,57,39,50,,
NRIC,43,39,50,,
NRIC,42,39,10,,
NRIC,45,39,10,,
NRIC,34,39,25,,
LBBL,57,48,100,,
GBIME,26,32,20,,
MKJC,28,48,10,,
CHL,52,45,11,,
CHCL,19,39,500,,
CHCL,16,39,75,,
CHCL,17,39,20,,
CHCL,45,39,500,,
CHCL,58,39,100,,
CHCL,49,39,229,,
CHCL,16,39,200,,
CHCL,22,39,100,,
CHCL,5,39,200,,
CHCL,53,39,20,,
CHCL,22,39,200,,
RHPL,50,49,50,,
NIFRA,16,40,50,,
PMHPL,22,10,600,,
SAHAS,50,58,10,,
SCB,10,26,300,,
UIC,17,58,20,,
NICSF,51,18,100,,
KBL,32,48,150,,
SBI,58,54,10,,
MKJC,28,38,50,,
RHPL,50,39,70,,
CBBL,55,32,10,,
NLIC,21,34,200,,
NLIC,42,34,30,,
NLIC,10,34,50,,
NLIC,41,34,45,,
NLIC,17,34,20,,
NLIC,44,34,10,,
NLIC,42,34,10,,
NLIC,57,34,91,,
NLIC,16,34,100,,
NLIC,26,34,16,,
NLIC,54,34,20,,
NLIC,19,34,20,,
NLIC,42,34,40,,
NLIC,11,34,50,,
AHPC,45,21,60,,
HDHPC,51,6,115,,
MLBL,52,28,122,,
MLBL,38,28,200,,
MLBL,41,28,30,,
CHL,52,49,100,,
SANIMA,6,39,100,,
SHINE,26,21,300,,
SHINE,26,21,200,,
SHINE,55,21,450,,
NIFRA,53,42,2842,,
SICL,40,58,413,,
SICL,54,58,20,,
SICL,58,58,25,,
SICL,16,58,20,,
SICL,28,58,100,,
SICL,13,58,25,,
SICL,42,58,20,,
SICL,47,58,30,,
SICL,26,58,20,,
SICL,26,58,10,,
SICL,42,58,15,,
SICL,25,58,10,,
SICL,7,58,100,,
SICL,51,58,30,,
SICL,45,58,20,,
SICL,32,58,100,,
SICL,58,58,10,,
SICL,22,58,17,,
SICL,58,58,40,,
SICL,8,58,10,,
SICL,6,58,10,,
SICL,50,58,50,,
SICL,57,58,11,,
SICL,17,58,20,,
SICL,11,58,22,,
SICL,38,58,15,,
SICL,38,58,100,,
SICL,49,58,21,,
SICL,5,58,200,,
SICL,49,58,10,,
SICL,57,58,11,,
SICL,48,58,50,,
SICL,58,58,50,,
SICL,26,58,50,,
SICL,45,58,50,,
SICL,49,58,200,,
SAHAS,50,55,10,,
SICL,57,58,10,,
SICL,57,58,60,,
SICL,58,58,25,,
NTC,38,13,100,,
NTC,58,13,20,,
KSBBL,49,33,10,,
JSLBB,45,42,10,,
NMB,17,49,49,,
NMB,17,26,76,,
HDHPC,51,58,200,,
KSBBL,52,16,250,,
NHDL,14,34,200,,
NHDL,21,34,200,,
NHDL,29,34,100,,
NHDL,57,34,52,,
PLI,34,49,10,,
NFS,49,45,100,,
SMATA,6,39,192,,
SMATA,48,39,100,,
SMATA,17,39,18,,
SMATA,45,39,100,,
SHL,7,51,100,,
GBIME,55,49,10,,
IGI,43,16,20,,
NIFRA,53,34,33,,
NIFRA,57,34,50,,
NIFRA,52,34,10,,
NIFRA,49,34,20,,
SPC,22,41,10,,
BPCL,45,36,30,,
SBL,10,58,500,,
JBBL,57,32,200,,
JBBL,54,32,100,,
JBBL,58,32,200,,
PIC,43,33,280,,
SJCL,28,49,25,,
SJCL,47,49,290,,
SICL,22,58,95,,
SICL,35,58,50,,
SICL,8,58,10,,
SICL,51,58,100,,
SICL,34,58,10,,
SICL,52,58,20,,
SICL,45,58,60,,
SICL,34,58,50,,
SICL,52,58,10,,
SICL,58,58,25,,
SICL,43,58,25,,
SICL,16,58,20,,
SICL,1,58,10,,
SICL,1,58,50,,
SICL,10,58,60,,
SICL,11,58,150,,
SICL,51,58,50,,
SICL,43,58,10,,
SICL,6,58,100,,
PFL,1,14,20,,
SICL,7,58,10,,
SICL,56,58,92,,
BPCL,45,41,10,,
BPCL,39,41,10,,
NICLBSL,59,36,100,,
SGI,49,42,10,,
SLBBL,53,22,50,,
SLBBL,21,22,50,,
SLBBL,48,22,20,,
SLBBL,16,22,20,,
SLBBL,17,22,20,,
SLBBL,34,22,25,,
SLBBL,42,22,78,,
JBBL,28,14,167,,
NHPC,47,43,128,,
NHPC,28,43,50,,
NHPC,48,43,100,,
NHPC,33,43,100,,
NHPC,42,43,470,,
NHPC,7,43,200,,
NHPC,49,43,462,,
NHPC,45,43,1000,,
NHPC,39,43,290,,
NHPC,44,43,200,,
SAHAS,50,29,10,,
SANIMA,46,39,50,,
PIC,43,49,20,,
PCBL,49,17,10,,
RMF1,6,18,200,,
JBBL,28,17,80,,
API,42,45,20,,
JBLB,6,44,10,,
CORBL,26,41,35,,
NCCB,16,41,100,,
CORBL,49,41,30,,
PRVU,4,58,20,,
CHCL,16,35,200,,
SJCL,47,38,40,,
CZBIL,57,26,170,,
CCBL,45,42,699,,
CCBL,45,42,50,,
CCBL,45,42,20,,
CCBL,33,42,1000,,
CCBL,41,42,30,,
CCBL,41,42,250,,
CCBL,28,42,10,,
CCBL,58,42,20,,
CCBL,33,42,5921,,
NCCB,45,38,20,,
SHINE,25,21,50,,
AKJCL,8,38,100,,
CZBIL,57,34,700,,
MLBS,28,58,10,,
AKJCL,1,47,990,,
NTC,38,19,40,,
NHPC,39,26,200,,
CHDC,22,44,10,,
SSHL,16,46,100,,
KRBL,45,34,209,,
MKJC,28,38,50,,
ICFC,42,20,118,,
ICFC,14,20,300,,
ICFC,18,20,100,,
ICFC,58,20,142,,
ICFC,17,20,10,,
ICFC,57,20,10,,
ICFC,19,20,20,,
LBL,45,44,600,,
NRN,57,49,10,,
BOKL,53,28,370,,
BOKL,45,28,100,,
BOKL,11,28,100,,
BOKL,17,28,25,,
BOKL,38,28,100,,
BOKL,17,28,10,,
BOKL,58,28,200,,
BOKL,1,28,10,,
BOKL,45,28,85,,
NICSF,11,18,100,,
AKPL,10,17,37,,
AKPL,10,17,50,,
RBCL,22,38,10,,
RBCL,16,38,10,,
RBCL,49,38,10,,
NTC,58,35,20,,
NIL,44,45,50,,
SKBBL,48,58,20,,
CCBL,33,42,4079,,
CCBL,7,42,10,,
CCBL,33,42,1000,,
CCBL,36,42,1000,,
CCBL,22,42,700,,
CCBL,58,42,45,,
CCBL,57,42,100,,
CCBL,49,42,40,,
CCBL,44,42,20,,
CCBL,56,42,50,,
CCBL,4,42,100,,
CCBL,13,42,100,,
CCBL,35,42,100,,
CCBL,32,42,4000,,
CCBL,45,42,100,,
CCBL,35,42,100,,
CCBL,45,42,1000,,
CCBL,26,42,350,,
CCBL,47,42,100,,
CCBL,21,42,1000,,
CCBL,57,42,70,,
CCBL,40,42,2000,,
CCBL,16,42,200,,
CCBL,33,42,50,,
CCBL,42,42,39,,
CCBL,45,42,25,,
CCBL,28,42,1000,,
CCBL,38,42,10,,
CCBL,35,42,50,,
CCBL,57,42,100,,
CCBL,58,42,20,,
CCBL,34,42,2000,,
UMHL,58,28,36,,
CCBL,34,42,300,,
UMHL,13,28,275,,
CCBL,42,42,630,,
CCBL,16,42,100,,
CCBL,14,42,1000,,
CCBL,58,42,40,,
CCBL,38,42,10,,
CCBL,14,42,100,,
CCBL,42,42,25,,
CCBL,26,42,200,,
CCBL,34,42,100,,
CCBL,53,42,10,,
CCBL,34,42,100,,
CCBL,37,42,30,,
CCBL,40,42,500,,
CCBL,35,42,25,,
CCBL,7,42,10,,
CCBL,49,42,200,,
SHINE,55,34,550,,
CCBL,38,42,20,,
CCBL,20,42,1000,,
SHINE,52,34,60,,
CCBL,49,42,20,,
SHINE,38,34,290,,
CCBL,17,42,700,,
RHPL,50,11,222,,
SHINE,57,34,50,,
CCBL,7,42,50,,
SHINE,57,34,50,,
RHPL,10,11,355,,
CCBL,32,42,272,,
BOKL,10,54,421,,
BOKL,10,45,56,,
BOKL,10,43,542,,
BOKL,10,35,150,,
BOKL,10,58,201,,
BOKL,10,26,130,,
KBL,34,45,79,,
NRIC,45,49,40,,
SCB,10,42,50,,
HDHPC,22,4,10,,
SIL,45,38,20,,
NHPC,49,49,300,,
NHPC,49,34,40,,
KBL,34,48,171,,
SBL,28,38,20,,
NBF3,19,18,200,,
MMFDB,41,21,20,,
MDB,41,45,14,,
LICN,59,34,233,,
LICN,45,34,100,,
LICN,14,34,30,,
LICN,40,34,50,,
LICN,25,34,67,,
API,45,47,26,,
MEGA,58,45,325,,
MEGA,14,45,175,,
CBL,36,32,50,,
LBBL,35,48,10,,
LBBL,35,56,50,,
HIDCL,58,48,10,,
HIDCL,41,48,45,,
HIDCL,58,48,100,,
HIDCL,54,48,10,,
HIDCL,4,48,50,,
HIDCL,53,48,50,,
HIDCL,4,48,140,,
HIDCL,57,48,200,,
HIDCL,21,48,1500,,
NABIL,38,17,25,,
HIDCL,44,48,100,,
HIDCL,52,48,200,,
HIDCL,14,48,30,,
HIDCL,51,48,300,,
HIDCL,35,48,230,,
HIDCL,28,48,1500,,
HIDCL,51,48,425,,
HIDCL,59,48,100,,
HIDCL,17,48,10,,
SHINE,57,36,50,,
SHPC,57,38,47,,
UMHL,13,53,150,,
SHINE,38,21,210,,
SHINE,6,21,500,,
SHINE,42,21,50,,
SHINE,16,21,10,,
SHINE,14,21,30,,
SHINE,28,21,200,,
NUBL,58,35,10,,
UMHL,13,58,75,,
GIMES1,42,7,20000,,
GIMES1,25,7,100,,
SADBL,34,42,122,,
SADBL,22,42,78,,
ACLBSL,43,39,10,,
MNBBL,58,28,740,,
MNBBL,32,28,10,,
MNBBL,35,28,100,,
MNBBL,45,28,200,,
MNBBL,57,28,100,,
MNBBL,57,28,200,,
MNBBL,39,28,100,,
BPCL,48,36,200,,
SFCL,33,58,50,,
MMF1,47,18,200,,
SHINE,28,58,14,,
RLI,57,38,10,,
SHINE,58,58,200,,
JFL,51,37,50,,
NHDL,57,38,45,,
AKJCL,36,47,10,,
AKJCL,36,25,190,,
MKJC,28,38,50,,
NGPL,10,58,20,,
ULI,44,52,10,,
RBCL,38,38,10,,
RBCL,22,38,10,,
KRBL,56,34,50,,
RURU,58,6,30,,
RURU,38,6,10,,
RURU,6,6,10,,
RURU,53,6,50,,
RURU,43,6,10,,
RURU,58,6,40,,
RURU,42,6,32,,
RURU,51,6,30,,
SBL,28,42,100,,
KBL,10,49,250,,
OHL,5,8,115,,
OHL,5,35,40,,
OHL,5,8,45,,
NLIC,26,49,84,,
MNBBL,50,51,150,,
CCBL,32,38,50,,
HGI,35,38,31,,
LICN,25,43,133,,
LICN,48,43,100,,
SJCL,47,58,40,,
HDHPC,22,4,40,,
HDHPC,22,51,1000,,
HDHPC,22,14,860,,
RLFL,57,35,30,,
LEC,7,38,10,,
RHPL,10,38,45,,
RHPL,19,38,25,,
AKJCL,8,25,10,,
AKJCL,8,51,1000,,
AKJCL,8,13,490,,
NHPC,39,32,10,,
LBL,45,17,3172,,
TPC,38,34,10,,
ICFC,58,20,200,,
GBLBS,28,19,145,,
GBLBS,39,19,100,,
GBLBS,19,19,50,,
GBLBS,29,19,20,,
GBLBS,48,19,85,,
SAHAS,50,20,10,,
GBIME,13,49,50,,
NIFRA,34,49,50,,
BOKL,34,26,60,,
MHNL,13,26,180,,
MHNL,13,51,20,,
UPCL,35,58,300,,
RMF1,6,18,200,,
DHPL,52,21,61,,
DHPL,4,21,89,,
UNHPL,19,51,25,,
UNHPL,45,51,10,,
UNHPL,46,51,25,,
NIFRA,26,17,40,,
RADHI,50,35,10,,
NRN,57,38,10,,
ICFC,8,20,100,,
SCB,3,5,200,,
NCCB,16,41,100,,
RHPL,45,11,423,,
AKJCL,32,6,50,,
UPPER,21,49,20,,
GIC,39,21,10,,
TRH,3,41,30,,
GHL,45,36,200,,
GHL,14,36,60,,
GHL,34,36,105,,
SHINE,14,58,20,,
SHINE,38,58,100,,
SHINE,26,58,100,,
SHINE,56,58,50,,
SHINE,1,58,200,,
SHINE,13,58,90,,
SHINE,47,58,50,,
SHINE,4,58,300,,
SHINE,39,58,400,,
SHINE,47,58,100,,
SHINE,4,58,50,,
SHINE,58,58,100,,
SHINE,34,58,2000,,
SHINE,34,58,500,,
SHINE,18,58,50,,
SHINE,52,58,70,,
SHINE,32,58,10,,
SHINE,6,58,200,,
NHPC,44,34,100,,
SHINE,39,58,30,,
SHINE,34,58,200,,
SHINE,55,58,380,,
NICSF,11,18,100,,
NTC,40,13,30,,
NGPL,10,4,205,,
NGPL,51,4,200,,
NGPL,57,4,150,,
NGPL,36,4,175,,
NGPL,43,4,10,,
NGPL,5,4,30,,
NGPL,45,4,50,,
SRBL,49,56,100,,
CHDC,22,57,30,,
CHDC,39,57,100,,
CHDC,25,57,20,,
GFCL,1,42,663,,
GFCL,54,42,200,,
GFCL,52,42,50,,
GFCL,14,42,200,,
GFCL,26,42,50,,
GFCL,48,42,200,,
GFCL,34,42,50,,
GFCL,35,42,100,,
GFCL,3,42,3000,,
GFCL,4,42,100,,
GFCL,14,42,100,,
GFCL,38,42,30,,
GFCL,48,42,200,,
GFCL,58,42,500,,
GFCL,59,42,50,,
GFCL,35,42,30,,
GFCL,21,42,150,,
GFCL,51,42,100,,
GFCL,39,42,100,,
GFCL,47,42,50,,
GFCL,51,42,100,,
GFCL,38,42,50,,
GFCL,13,42,10,,
GFCL,57,42,500,,
GFCL,57,42,500,,
GFCL,14,42,12,,
GFCL,14,42,200,,
GFCL,33,42,200,,
GFCL,4,42,500,,
GFCL,35,42,20,,
GFCL,25,42,40,,
GFCL,4,42,20,,
GFCL,55,42,130,,
GFCL,11,42,50,,
GFCL,1,42,20,,
GFCL,57,42,10,,
GFCL,7,42,100,,
GFCL,42,42,50,,
GFCL,53,42,25,,
GFCL,51,42,100,,
GFCL,39,42,50,,
GFCL,6,42,10,,
GFCL,14,42,65,,
GFCL,14,42,300,,
GFCL,22,42,100,,
GFCL,14,42,200,,
GFCL,28,42,200,,
GFCL,14,42,200,,
GFCL,38,42,200,,
GFCL,16,42,1000,,
GFCL,19,42,100,,
GFCL,16,42,200,,
GFCL,41,42,100,,
GFCL,33,42,50,,
GFCL,37,42,30,,
GFCL,57,42,500,,
GFCL,57,42,50,,
GFCL,13,42,100,,
GFCL,49,42,100,,
GFCL,34,42,100,,
GFCL,58,42,60,,
GFCL,49,42,400,,
GFCL,22,42,80,,
GFCL,36,42,20,,
GFCL,58,42,60,,
GFCL,50,42,25,,
GFCL,39,42,50,,
GFCL,32,42,50,,
GFCL,41,42,30,,
GFCL,48,42,100,,
GFCL,47,42,100,,
GFCL,11,42,100,,
GFCL,59,42,100,,
GFCL,20,42,50,,
GFCL,45,42,30,,
GFCL,21,42,30,,
GFCL,49,42,500,,
GFCL,34,42,200,,
GFCL,32,42,800,,
ALICL,34,29,50,,
MEGA,14,1,200,,
HURJA,5,45,20,,
JBLB,40,36,10,,
NMB,41,49,40,,
JLI,38,3,10,,
NABIL,19,58,20,,
AHPC,45,21,15,,
AHPC,42,21,769,,
AHPC,57,21,50,,
NABIL,38,47,83,,
NABIL,38,47,90,,
NICL,37,52,14,,
UPPER,34,51,20,,
NIFRA,53,38,10,,
MBL,10,22,500,,
MBL,10,35,20,,
PICL,13,37,59,,
PICL,43,37,25,,
PICL,34,37,70,,
CZBIL,41,38,532,,
CZBIL,41,58,200,,
CZBIL,41,5,177,,
SAHAS,50,48,10,,
GBIME,8,51,100,,
ADBL,45,26,13,,
ADBL,29,26,200,,
ADBL,21,26,50,,
ADBL,33,26,20,,
ADBL,7,26,500,,
ADBL,58,26,600,,
ADBL,52,26,100,,
JLI,38,56,10,,
ADBL,45,26,50,,
ADBL,53,26,20,,
ADBL,33,26,50,,
ADBL,19,26,20,,
ADBL,36,26,1000,,
ADBL,32,26,20,,
ADBL,4,26,20,,
ADBL,17,26,100,,
ADBL,42,26,100,,
ADBL,28,26,31,,
ADBL,45,26,120,,
ADBL,14,26,500,,
ADBL,59,26,50,,
ADBL,49,26,20,,
ADBL,44,26,1000,,
ADBL,1,26,136,,
ADBL,39,26,25,,
ADBL,8,26,1000,,
ADBL,58,26,100,,
ADBL,26,26,150,,
ADBL,43,26,50,,
ADBL,51,26,300,,
ADBL,1,26,50,,
ADBL,51,26,300,,
ADBL,21,26,20,,
ADBL,50,26,50,,
ADBL,22,26,10,,
ADBL,34,26,50,,
ADBL,34,26,200,,
CHL,42,58,100,,
SMATA,46,16,10,,
SMATA,39,16,10,,
NICLBSL,59,49,20,,
SHINE,16,58,28,,
JBLB,40,52,10,,
NICA,6,43,100,,
JBLB,40,51,10,,
JBLB,55,51,20,,
JOSHI,57,58,90,,
JOSHI,34,58,10,,
NBF3,19,18,200,,
ULI,44,58,10,,
NABIL,51,58,100,,
CHDC,25,21,170,,
JLI,38,21,10,,
NUBL,39,35,11,,
NHPC,49,50,500,,
RADHI,57,42,250,,
GBBL,28,50,740,,
GBBL,6,50,100,,
GBBL,21,50,50,,
GBBL,34,50,100,,
GBBL,22,50,100,,
GBBL,38,50,100,,
GBBL,28,50,50,,
GBBL,14,50,50,,
GBBL,52,50,10,,
GBBL,49,20,152,,
NHPC,38,34,100,,
NHPC,14,34,250,,
GBIME,8,34,228,,
NHPC,57,34,10,,
MKJC,28,38,33,,
MKJC,58,38,17,,
AKPL,48,21,18,,
AHPC,42,21,70,,
AHPC,6,21,30,,
NFS,50,4,382,,
NFS,50,22,10,,
NFS,50,39,100,,
NFS,50,49,100,,
NFS,50,48,10,,
NFS,50,52,30,,
NFS,50,18,150,,
NFS,50,21,150,,
ICFC,26,20,35,,
KKHC,58,6,15,,
MLBL,41,20,470,,
MLBL,57,20,30,,
SAHAS,51,56,10,,
NIFRA,53,52,20,,
NRIC,40,58,50,,
NABIL,1,58,200,,
CORBL,49,38,80,,
PCBL,28,17,21,,
PCBL,28,38,64,,
SADBL,22,38,22,,
SADBL,57,38,40,,
SADBL,45,38,438,,
KPCL,36,38,170,,
NICLBSL,59,38,10,,
KPCL,53,38,30,,
PRVU,49,47,40,,
LBBL,34,58,634,,
LBBL,14,58,50,,
LBBL,38,58,160,,
LBBL,6,58,500,,
LBBL,54,58,100,,
LBBL,34,58,95,,
LBBL,33,58,100,,
LBBL,58,58,100,,
LBBL,43,58,100,,
LBBL,39,58,10,,
LBBL,17,58,20,,
LBBL,58,58,500,,
MMF1,58,18,300,,
AKPL,41,34,196,,
AKPL,58,34,50,,
AKPL,42,34,50,,
AKPL,52,34,49,,
AKPL,42,34,10,,
UMHL,14,49,493,,
GBIME,34,49,333,,
GBIME,34,39,667,,
JLI,42,49,10,,
HIDCL,51,50,575,,
HIDCL,47,50,25,,
HIDCL,17,50,100,,
HIDCL,22,50,20,,
HIDCL,56,50,50,,
HIDCL,6,50,200,,
HIDCL,35,50,31,,
SAHAS,51,19,10,,
API,49,36,215,,
SLICL,57,38,53,,
UMHL,45,49,500,,
UMHL,26,49,200,,
UMHL,4,49,207,,
MEGA,14,44,125,,
MEGA,16,44,30,,
ULI,44,49,10,,
UMHL,4,17,162,,
UMHL,1,17,30,,
SANIMA,53,42,100,,
ICFC,37,20,200,,
ICFC,8,20,100,,
ICFC,3,20,500,,
ICFC,48,20,10,,
ICFC,49,20,25,,
ICFC,28,20,200,,
ICFC,57,20,20,,
ICFC,17,20,100,,
ICFC,22,20,10,,
ICFC,8,20,500,,
RADHI,57,48,500,,
NMBHF1,37,28,2000,,
GFCL,32,38,200,,
SAHAS,51,51,10,,
MKJC,58,57,10,,
AHPC,57,52,65,,
AHPC,57,21,335,,
RURU,51,21,50,,
UPCL,49,42,100,,
UPCL,25,42,100,,
BOKL,58,26,100,,
SIL,44,38,10,,
NABIL,49,58,100,,
LBBL,57,48,10,,
ILBS,34,49,12,,
SAHAS,4,35,10,,
GLICL,37,8,10,,
NMB,47,26,74,,
NMB,47,21,126,,
NABIL,35,58,46,,
KRBL,16,34,120,,
KRBL,43,34,121,,
NABIL,38,38,100,,
CFCL,7,58,722,,
JBLB,45,51,10,,
NTC,40,49,163,,
NTC,39,49,175,,
NTC,28,49,62,,
NIFRA,53,54,20,,
SJCL,47,51,10,,
NIL,44,38,20,,
LICN,50,43,500,,
LICN,53,43,50,,
LICN,59,43,1000,,
LICN,38,43,10,,
LICN,43,43,10,,
LICN,41,43,197,,
STC,32,34,10,,
STC,54,34,10,,
SKBBL,13,42,100,,
IGI,55,38,25,,
GBIME,8,29,300,,
CHDC,25,50,10,,
NMB,41,58,20,,
SAHAS,4,49,10,,
NIFRA,53,21,60,,
CCBL,32,28,710,,
CCBL,16,28,50,,
SAHAS,4,33,10,,
CCBL,58,28,30,,
CCBL,14,28,20,,
CCBL,38,28,10,,
CCBL,57,28,10,,
CCBL,11,28,100,,
CCBL,6,28,50,,
CCBL,35,28,20,,
RMDC,22,43,10,,
NMB,41,58,100,,
NRN,57,54,70,,
NRN,38,54,500,,
NRN,58,54,100,,
GILB,34,25,10,,
HDHPC,26,32,200,,
HPPL,14,42,100,,
NMFBS,47,33,50,,
HPPL,14,49,10,,
ICFC,32,20,610,,
ICFC,26,20,100,,
ICFC,46,20,10,,
ICFC,28,20,100,,
ICFC,34,20,20,,
ICFC,20,20,53,,
ICFC,28,20,100,,
SICL,56,47,108,,
SJCL,47,33,120,,
SJCL,50,33,30,,
NABIL,38,35,19,,
NABIL,35,35,36,,
NABIL,34,35,30,,
SAHAS,4,4,10,,
SAHAS,4,28,10,,
HIDCL,35,57,97,,
HIDCL,45,57,373,,
CBL,58,14,50,,
SAHAS,49,42,40,,
SAHAS,26,42,20,,
PROFL,51,48,50,,
SAHAS,3,42,10,,
JBBL,28,42,25,,
MFIL,34,42,20,,
MFIL,21,42,300,,
MFIL,21,42,200,,
MFIL,16,42,200,,
MFIL,43,42,50,,
MFIL,53,42,400,,
MFIL,47,42,100,,
MFIL,49,42,200,,
MFIL,52,42,65,,
MFIL,28,42,50,,
MFIL,58,42,14,,
MFIL,55,42,50,,
MFIL,45,42,20,,
MFIL,21,42,200,,
MFIL,14,42,100,,
MFIL,21,42,100,,
MFIL,45,42,360,,
MFIL,45,42,50,,
MFIL,44,42,50,,
MFIL,53,42,50,,
MFIL,34,42,20,,
MFIL,21,42,10,,
API,48,36,13,,
API,11,36,50,,
MFIL,57,42,174,,
MFIL,42,42,50,,
MFIL,35,42,50,,
MFIL,7,42,1000,,
MFIL,44,42,100,,
MFIL,45,42,30,,
MFIL,25,42,50,,
MFIL,55,42,10,,
MFIL,6,42,40,,
MFIL,55,42,300,,
MFIL,52,42,200,,
MFIL,53,42,200,,
MFIL,16,42,10,,
MFIL,55,42,100,,
MFIL,7,42,1000,,
MFIL,44,42,50,,
MFIL,45,42,100,,
MFIL,50,42,200,,
MFIL,22,42,20,,
MFIL,41,42,30,,
MFIL,34,42,100,,
MFIL,21,42,1000,,
MFIL,5,42,127,,
MFIL,36,42,300,,
MFIL,4,42,65,,
MFIL,58,42,250,,
MFIL,58,42,250,,
MFIL,34,42,100,,
MFIL,28,42,100,,
MFIL,13,42,200,,
MFIL,38,42,10,,
MFIL,49,42,100,,
MFIL,50,42,200,,
MFIL,17,42,100,,
MFIL,58,42,50,,
MFIL,41,42,10,,
MFIL,41,42,25,,
MFIL,42,42,40,,
MFIL,57,42,100,,
MFIL,45,42,50,,
MFIL,17,42,400,,
MFIL,33,42,100,,
RMF1,6,18,200,,
KBL,10,50,100,,
HIDCL,45,38,30,,
UIC,17,38,100,,
SANIMA,57,17,45,,
SANIMA,17,17,500,,
SANIMA,42,17,100,,
SANIMA,48,17,30,,
SANIMA,58,17,10,,
SANIMA,17,17,10,,
AHPC,42,34,161,,
LUK,41,38,200,,
SAHAS,3,49,10,,
NABBC,6,14,200,,
MNBBL,48,51,10,,
MNBBL,42,51,110,,
MNBBL,54,51,30,,
MNBBL,40,51,200,,
SRBL,49,58,500,,
GMFIL,59,17,200,,
GMFIL,59,44,425,,
GMFIL,59,17,40,,
SICL,56,38,20,,
SLI,51,40,10,,
SINDU,50,58,40,,
HDHPC,34,14,100,,
GRDBL,28,32,400,,
NRIC,48,48,146,,
UPPER,6,49,75,,
UPPER,6,33,30,,
SHINE,57,58,10,,
SHINE,49,58,450,,
GBLBS,48,49,15,,
SLI,58,4,10,,
API,48,13,88,,
TRH,41,25,50,,
GMFIL,57,51,48,,
KSBBL,58,33,15,,
PLI,7,38,30,,
SAHAS,3,8,10,,
NHPC,44,58,50,,
RADHI,26,35,100,,
KRBL,43,41,62,,
HDHPC,4,50,365,,
HDHPC,6,50,100,,
HDHPC,44,50,100,,
HDHPC,45,50,145,,
HDHPC,41,50,20,,
HDHPC,39,50,270,,
NABIL,38,58,10,,
SHINE,55,21,120,,
SHINE,41,21,100,,
SHINE,44,21,100,,
SHINE,57,21,150,,
SHINE,52,21,10,,
AKJCL,45,13,100,,
GBIME,57,44,50,,
PSF,42,47,966,,
BARUN,7,48,300,,
NUBL,39,38,69,,
CHL,50,55,1000,,
MKJC,28,38,40,,
PPCL,41,38,160,,
PPCL,38,38,90,,
PPCL,28,38,50,,
NLIC,42,36,60,,
NLIC,45,36,10,,
NUBL,51,38,50,,
NUBL,51,45,50,,
API,48,39,177,,
NHPC,51,13,500,,
NRIC,58,48,54,,
KKHC,38,6,20,,
NBL,45,13,270,,
SHINE,36,58,20,,
JBBL,6,29,50,,
JBBL,45,29,100,,
NRIC,58,38,150,,
UPPER,19,1,90,,
AKPL,52,49,80,,
AKPL,11,49,44,,
SHINE,26,58,10,,
SHINE,57,58,100,,
SHINE,26,58,1500,,
SHINE,45,58,200,,
SHINE,42,58,100,,
SHINE,52,58,20,,
SHINE,49,58,1000,,
SHINE,59,58,87,,
SHINE,26,58,1500,,
SHINE,44,58,261,,
NBB,17,25,10,,
BOKL,34,58,30,,
NLIC,55,35,15,,
LEC,7,38,20,,
LBL,45,17,1000,,
LBL,45,17,30,,
LBL,34,17,50,,
LBL,36,17,50,,
LBL,45,17,100,,
LBL,11,17,100,,
LBL,8,17,200,,
LBL,6,17,100,,
NLIC,49,35,50,,
NIFRA,53,21,140,,
NBL,45,13,20,,
UMHL,58,17,20,,
JBBL,45,4,200,,
NUBL,51,45,100,,
KSBBL,58,41,20,,
SABSL,1,22,100,,
SABSL,34,22,30,,
SABSL,4,22,13,,
SABSL,49,22,25,,
SABSL,14,22,10,,
SABSL,36,22,35,,
SABSL,58,22,13,,
API,13,4,15,,
SHINE,44,51,239,,
SHINE,44,51,21,,
SHINE,45,51,300,,
SHINE,21,51,250,,
SHINE,43,51,190,,
UMHL,4,4,50,,
UMHL,1,17,500,,
SIFC,22,35,110,,
SIFC,48,35,40,,
MLBS,50,58,10,,
NRN,45,34,100,,
NRN,49,34,250,,
NRN,49,34,10,,
NRN,49,34,100,,
SADBL,45,42,62,,
SADBL,34,42,38,,
SICL,56,58,50,,
NGPL,36,58,30,,
GRDBL,28,20,10,,
LBL,6,39,29,,
HIDCL,45,52,26,,
GLICL,3,32,10,,
CCBL,38,21,100,,
CCBL,42,21,100,,
CCBL,58,21,50,,
CCBL,36,21,165,,
SAHAS,3,8,10,,
NGPL,36,38,50,,
AHPC,42,34,65,,
NTC,28,48,73,,
UNHPL,46,58,50,,
PSF,48,47,5000,,
PSF,38,47,3000,,
NRN,26,53,100,,
NRN,50,53,345,,
NUBL,42,14,100,,
NUBL,33,14,71,,
NUBL,49,14,20,,
PLI,48,39,10,,
KPCL,53,38,10,,
ICFC,57,21,100,,
SHPC,7,21,50,,
SAHAS,3,7,10,,
SHPC,7,49,50,,
SHPC,57,8,141,,
SHPC,35,8,150,,
SHPC,21,8,50,,
SHPC,13,8,159,,
AKJCL,45,40,50,,
RADHI,57,7,105,,
NLICL,35,22,50,,
NLICL,33,22,100,,
NLICL,39,22,10,,
HIDCL,45,35,500,,
HIDCL,45,52,71,,
UNHPL,46,28,75,,
PPCL,28,13,10,,
NUBL,51,45,100,,
MDB,43,45,300,,
KBL,10,39,48,,
AKPL,11,21,23,,
NRIC,58,42,3796,,
NRIC,3,42,50,,
NRIC,14,42,100,,
NRIC,54,42,15,,
NRIC,7,42,50,,
NRIC,28,42,100,,
NRIC,35,42,100,,
NRIC,4,42,100,,
NRIC,49,42,60,,
NRIC,56,42,600,,
NRIC,17,42,250,,
NRIC,17,42,250,,
NRIC,6,42,45,,
NRIC,43,42,100,,
NRIC,58,42,100,,
NRIC,14,42,100,,
NRIC,3,42,100,,
NRIC,35,42,200,,
NRIC,10,42,22,,
NRIC,14,42,100,,
NRIC,58,42,262,,
MKJC,28,38,10,,
NICSF,11,18,100,,
HDL,53,34,10,,
LICN,41,59,103,,
PCBL,42,38,200,,
PMHPL,22,51,10,,
NIFRA,53,49,10,,
NIFRA,53,48,50,,
NIFRA,53,25,200,,
NIFRA,53,36,50,,
NIFRA,53,58,50,,
NIFRA,53,44,350,,
NIFRA,53,58,60,,
NIFRA,53,35,100,,
NIFRA,53,7,60,,
NIFRA,53,17,20,,
NIFRA,53,22,25,,
NIFRA,53,34,30,,
NIFRA,53,49,470,,
NIFRA,53,22,50,,
NIFRA,53,45,60,,
UIC,17,32,223,,
UIC,58,32,20,,
UIC,39,32,57,,
KSBBL,42,41,100,,
JOSHI,41,49,50,,
CBBL,34,26,10,,
NABIL,44,58,10,,
SJCL,50,36,250,,
SHPC,13,58,114,,
HDHPC,22,14,40,,
CGH,51,52,50,,
CGH,44,52,100,,
CGH,34,52,50,,
CGH,14,52,10,,
CGH,7,52,40,,
CGH,36,52,30,,
JLI,42,38,10,,
MDB,43,17,10,,
SLI,58,17,10,,
TRH,43,14,30,,
MLBS,50,14,10,,
UPCL,26,20,50,,
BOKL,58,58,65,,
MLBL,49,58,50,,
NUBL,29,45,100,,
SANIMA,56,43,50,,
AKPL,11,57,15,,
AIL,42,49,10,,
GBBL,38,20,100,,
GBBL,21,20,50,,
GBBL,28,20,100,,
GBBL,43,20,100,,
GBBL,44,20,200,,
PPCL,34,13,117,,
PPCL,34,58,40,,
GBBL,32,20,20,,
PPCL,34,8,293,,
GBBL,14,20,50,,
PPCL,34,49,50,,
GBBL,34,20,50,,
GBBL,58,20,200,,
GBBL,38,20,120,,
GBBL,5,20,100,,
GBBL,25,20,10,,
GBBL,57,20,50,,
GBBL,34,20,80,,
GBBL,45,20,118,,
NRIC,58,42,1738,,
NRIC,44,42,100,,
NRIC,34,42,320,,
NRIC,53,42,300,,
NRIC,48,42,300,,
NRIC,29,42,70,,
NRIC,33,42,100,,
NRIC,11,42,60,,
NRIC,5,42,12,,
NABIL,42,58,100,,
CBL,28,35,100,,
RLFL,57,38,47,,
RLFL,4,38,125,,
RLFL,38,38,128,,
MHNL,14,51,50,,
MHNL,16,51,20,,
ICFC,57,49,50,,
SLI,58,45,10,,
JFL,51,44,250,,
JFL,51,44,50,,
SANIMA,6,45,100,,
PMHPL,22,56,30,,
NICA,56,43,500,,
ALICL,26,40,27,,
ALICL,47,40,20,,
SHEL,21,45,10,,
SLICL,29,32,50,,
GBLBS,4,39,125,,
NABIL,42,58,100,,
GBBL,45,51,132,,
NICA,4,43,10,,
NMFBS,58,33,10,,
NMFBS,57,33,20,,
KPCL,53,47,160,,
AKJCL,45,38,20,,
LICN,56,59,50,,
LICN,50,59,50,,
LICN,46,59,50,,
LICN,16,59,19,,
MLBS,50,40,10,,
SHINE,17,21,100,,
AKPL,11,48,418,,
AKPL,58,48,458,,
AKPL,55,48,100,,
AKPL,52,48,24,,
IGI,22,38,25,,
RADHI,57,58,200,,
ULI,44,57,10,,
NTC,28,21,75,,
BFC,44,49,34,,
MERO,35,20,20,,
API,59,48,50,,
MHNL,16,58,30,,
NBF3,19,18,500,,
CBL,44,34,590,,
CBL,44,20,356,,
RADHI,45,35,15,,
JBLB,45,42,10,,
ACLBSL,36,49,20,,
CBBL,6,26,10,,
GFCL,36,35,45,,
SFCL,26,20,50,,
AKPL,48,59,200,,
SHIVM,22,29,10,,
SHIVM,35,29,100,,
SHIVM,10,29,25,,
SHIVM,45,29,30,,
MFIL,57,14,50,,
KSBBL,40,33,100,,
BPCL,56,49,100,,
BPCL,39,49,10,,
UNHPL,46,20,160,,
API,22,13,12,,
NTC,28,51,90,,
PCBL,51,38,50,,
GHL,43,49,55,,
NIFRA,59,45,40,,
NIFRA,39,45,50,,
NRIC,34,50,100,,
NRIC,58,50,90,,
NRIC,42,50,50,,
NRIC,25,50,30,,
NLICL,34,22,100,,
NGPL,36,58,25,,
SHIVM,10,8,25,,
SHIVM,4,8,100,,
TPC,21,40,10,,
HIDCL,58,52,50,,
CFCL,7,50,240,,
CFCL,58,50,260,,
HIDCL,41,21,41,,
HIDCL,41,52,51,,
GBLBS,14,48,100,,
GBLBS,36,48,80,,
NTC,28,8,200,,
MMF1,58,18,200,,
MMF1,50,18,100,,
NSLB,38,7,10,,
SAHAS,3,57,10,,
LLBS,49,36,10,,
JFL,45,58,15,,
GLICL,46,32,40,,
NABBC,58,6,100,,
AKPL,14,52,200,,
JBLB,45,22,10,,
HIDCL,44,52,49,,
RLFL,38,46,372,,
PLI,16,57,10,,
SAHAS,3,45,10,,
SLI,58,46,10,,
NABIL,38,58,100,,
AIL,42,38,10,,
NIFRA,39,57,50,,
JFL,5,21,70,,
ICFC,57,37,20,,
NFS,50,45,68,,
SIFC,48,29,60,,
SIFC,55,29,20,,
SIFC,17,29,10,,
SIFC,58,29,20,,
SIFC,13,29,500,,
SIFC,25,29,190,,
PPCL,28,52,300,,
UNHPL,46,58,20,,
GLH,14,42,480,,
GLH,34,42,150,,
GLH,58,42,1000,,
GLH,35,42,10,,
GLH,11,42,100,,
GLH,42,42,100,,
NTC,52,49,50,,
GLH,42,42,200,,
GLH,29,42,100,,
GLH,49,42,10,,
GLH,43,42,50,,
GLH,56,42,100,,
GLH,14,42,200,,
GLH,52,42,50,,
GLH,36,42,50,,
GLH,4,42,200,,
GLH,21,42,10,,
GLH,58,42,100,,
GLH,34,42,30,,
GLH,8,42,40,,
GLH,50,42,120,,
GLH,28,42,20,,
GLH,6,42,100,,
GLH,53,42,100,,
GLH,17,42,290,,
GLH,39,42,1000,,
GLH,58,42,20,,
GLH,14,42,100,,
GLH,42,42,300,,
GLH,52,42,200,,
GLH,17,42,60,,
GLH,34,42,500,,
GLH,53,42,300,,
GLH,42,42,500,,
GLH,58,42,100,,
GLH,1,42,40,,
GLH,59,42,100,,
GLH,22,42,50,,
GLH,58,42,200,,
GLH,42,42,500,,
GLH,38,42,100,,
GLH,45,42,150,,
GLH,21,42,800,,
GLH,38,42,40,,
GLH,14,42,1000,,
GLH,29,42,50,,
GLH,19,42,490,,
GLH,32,42,200,,
GLH,42,42,490,,
GLH,34,42,100,,
SDBD87,29,37,25,,
SHINE,33,21,100,,
SHINE,47,21,50,,
SHINE,43,21,100,,
UMHL,13,17,500,,
HIDCL,44,44,50,,
SADBL,34,38,400,,
BOKL,34,58,11,,
SLI,58,7,10,,
SLI,58,34,10,,
PRVU,53,47,100,,
AHPC,45,50,200,,
AHPC,21,50,10,,
AHPC,6,50,50,,
AHPC,25,50,30,,
AHPC,45,50,100,,
AHPC,58,50,110,,
SAHAS,3,19,10,,
NRN,34,38,11,,
NRN,5,38,20,,
RLFL,19,38,150,,
UMHL,58,17,58,,
BOKL,45,26,15,,
BOKL,58,26,1000,,
BOKL,1,26,20,,
BOKL,4,26,100,,
BOKL,45,26,100,,
NRIC,57,26,100,,
BOKL,17,26,50,,
NLG,28,57,32,,
RHPL,22,36,20,,
JFL,39,37,20,,
KKHC,38,58,80,,
SHINE,25,44,20,,
UMHL,4,58,81,,
JBBL,28,32,500,,
SJCL,50,20,30,,
HIDCL,35,21,200,,
SINDU,50,38,100,,
PFL,1,51,29,,
SPDL,17,21,20,,
HGI,35,38,11,,
JBLB,45,21,10,,
NABIL,35,25,50,,
BOKL,8,17,92,,
SCB,47,28,198,,
SCB,50,28,72,,
SCB,13,28,100,,
SCB,58,28,120,,
SCB,29,28,10,,
SCB,41,28,10,,
SCB,44,28,100,,
SCB,6,28,500,,
SCB,42,28,10,,
SCB,17,28,100,,
SCB,10,28,300,,
SLI,21,32,10,,
ULI,44,45,10,,
HIDCL,44,17,62,,
UMHL,4,17,20,,
MLBSL,21,26,10,,
AHPC,52,34,224,,
SHPC,13,58,27,,
SAHAS,3,28,10,,
CFCL,58,38,40,,
JBLB,45,38,10,,
CFCL,37,38,10,,
SHPC,49,58,100,,
SHPC,42,58,90,,
SLI,42,10,10,,
PCBL,35,38,50,,
PCBL,1,38,200,,
PCBL,51,38,200,,
PCBL,57,38,66,,
MLBS,50,7,10,,
HIDCL,44,54,62,,
MHNL,18,26,467,,
MHNL,45,26,28,,
MHNL,32,26,200,,
MHNL,57,26,100,,
MHNL,45,26,10,,
LLBS,37,36,100,,
LLBS,58,36,10,,
NBL,49,14,50,,
NBL,52,14,1000,,
NBL,11,14,860,,
NBL,47,14,400,,
NBL,29,14,46,,
MLBL,10,42,82,,
JBBL,28,29,728,,
JBBL,38,29,100,,
JBBL,41,29,100,,
JBBL,49,29,25,,
JBBL,29,29,47,,
HIDCL,44,13,35,,
NIFRA,58,58,5,,
NIFRA,48,58,15,,
KBL,56,45,100,,
NABIL,19,58,250,,
NABIL,19,58,50,,
HIDCL,44,17,62,,
IGI,22,58,25,,
CCBL,36,20,45,,
NRIC,38,50,80,,
PMHPL,22,6,10,,
SHINE,46,32,500,,
AHPC,52,38,51,,
API,48,21,42,,
NRIC,38,33,50,,
NIFRA,48,28,10,,
BFC,28,28,10,,
SLI,44,48,10,,
RHPL,45,45,70,,
SIC,36,45,20,,
SHPC,40,58,153,,
SHPC,40,17,47,,
GBBL,21,51,75,,
GBBL,59,51,100,,
GBBL,51,51,50,,
GBBL,49,51,40,,
PRVU,49,6,50,,
JBLB,45,53,50,,
NHPC,53,59,500,,
NABIL,35,26,214,,
NABIL,57,26,65,,
NABIL,34,26,100,,
NABIL,51,26,30,,
NABIL,58,26,20,,
NABIL,58,26,30,,
NABIL,28,26,300,,
NABIL,13,26,25,,
NABIL,35,26,50,,
NABIL,41,26,245,,
NABIL,58,26,64,,
NABIL,19,26,100,,
NABIL,28,26,50,,
AHPC,41,21,100,,
HIDCL,44,17,62,,
RMDC,22,43,20,,
SANIMA,35,45,10,,
EBL,13,38,100,,
SAHAS,3,21,10,,
UIC,39,41,700,,
UIC,1,41,220,,
UIC,26,41,50,,
UIC,41,41,30,,
MLBL,48,42,918,,
DHPL,58,45,50,,
MKJC,28,54,10,,
CFCL,26,25,100,,
SAHAS,3,57,10,,
SANIMA,56,49,22,,
MLBS,38,28,10,,
CBL,17,20,20,,
ICFC,13,48,50,,
ULI,44,21,10,,
NABIL,51,58,100,,
UNHPL,46,58,100,,
SLI,44,45,10,,
NBL,29,21,154,,
NBL,7,21,12,,
NBL,48,21,50,,
NBL,52,21,50,,
NBL,3,21,34,,
NICLBSL,59,39,10,,
LBBL,46,58,50,,
UMHL,13,17,710,,
SHPC,42,48,110,,
SHPC,35,48,50,,
GMFIL,58,17,10,,
MLBL,48,57,82,,
TPC,21,49,10,,
UPPER,55,1,50,,
GLH,42,49,10,,
LGIL,8,42,50,,
LGIL,49,42,100,,
LGIL,56,42,50,,
LGIL,49,42,100,,
LGIL,22,42,200,,
LGIL,34,42,1000,,
LGIL,8,42,100,,
LGIL,26,42,300,,
LGIL,32,42,10,,
LGIL,26,42,100,,
LGIL,53,42,500,,
LGIL,19,42,20,,
LGIL,46,42,500,,
LGIL,45,42,50,,
LGIL,32,42,2000,,
LGIL,43,42,50,,
LGIL,49,42,100,,
LGIL,16,42,1212,,
LGIL,36,42,20,,
LGIL,39,42,100,,
LGIL,7,42,10,,
LGIL,10,42,180,,
LGIL,3,42,378,,
LGIL,26,42,50,,
LGIL,39,42,20,,
LGIL,21,42,300,,
LGIL,58,42,30,,
LGIL,32,42,500,,
LGIL,4,42,200,,
LGIL,42,42,200,,
LGIL,13,42,20,,
LGIL,6,42,500,,
LGIL,20,42,500,,
LGIL,44,42,50,,
LGIL,41,42,50,,
LGIL,32,42,400,,
LGIL,17,42,50,,
NHPC,49,17,38,,
NHPC,56,17,100,,
NHPC,45,17,222,,
NHPC,45,17,200,,
NHPC,4,17,100,,
NHPC,38,17,507,,
NHPC,58,17,25,,
NHPC,39,17,50,,
NHPC,51,17,40,,
NHPC,43,17,50,,
NHPC,55,17,100,,
NHPC,8,17,1000,,
NHPC,34,17,200,,
NHPC,40,17,500,,
NHPC,13,17,500,,
NHPC,8,17,200,,
NHPC,35,17,100,,
NHPC,44,17,200,,
NHPC,38,17,250,,
NHPC,44,17,50,,
NHPC,6,17,20,,
NHPC,32,17,500,,
NHPC,46,17,50,,
NHPC,45,17,600,,
NHPC,25,17,246,,
NHPC,35,17,133,,
NHPC,44,17,19,,
SCB,45,17,10,,
SRBL,34,33,20,,
JOSHI,7,49,50,,
JOSHI,57,49,50,,
JOSHI,36,49,20,,
NUBL,33,6,19,,
NUBL,22,6,55,,
NUBL,41,6,50,,
NUBL,17,6,42,,
NUBL,39,6,34,,
HIDCL,43,21,59,,
CFCL,37,38,10,,
SICL,56,41,30,,
SICL,41,41,50,,
SICL,52,41,20,,
NIFRA,42,49,100,,
HIDCL,43,17,62,,
SAHAS,3,38,10,,
UMHL,13,38,250,,
NIFRA,51,49,40,,
MHNL,41,51,100,,
MHNL,57,51,200,,
MHNL,58,51,193,,
SADBL,55,58,50,,
PCBL,22,45,65,,
NRIC,43,19,500,,
UPPER,49,1,20,,
SBL,45,38,250,,
GFCL,21,58,60,,
API,48,8,180,,
SABSL,58,25,26,,
SABSL,58,33,223,,
MNBBL,48,26,1000,,
CHDC,22,14,100,,
CHDC,5,14,10,,
HIDCL,43,52,29,,
GIMES1,20,44,1000,,
NCCB,16,36,331,,
NCCB,4,36,1200,,
NCCB,58,36,20,,
NCCB,45,36,30,,
NCCB,25,36,309,,
NCCB,51,36,100,,
NCCB,50,36,10,,
SJCL,50,38,100,,
PPCL,28,14,100,,
HIDCL,44,17,62,,
KSBBL,42,22,100,,
MFIL,57,34,50,,
AKPL,10,21,12,,
SAHAS,3,7,10,,
AIL,42,57,10,,
AIL,42,1,10,,
GBIME,8,28,1000,,
NRN,57,7,50,,
NRN,35,7,50,,
NRN,57,7,200,,
NRN,6,7,100,,
SHEL,50,16,10,,
LLBS,53,36,50,,
HIDCL,58,52,10,,
HIDCL,38,52,100,,
HIDCL,59,52,10,,
HIDCL,42,52,20,,
HIDCL,16,52,331,,
KKHC,34,6,73,,
ILBS,34,17,12,,
JBBL,29,38,53,,
JBBL,28,38,315,,
MLBL,25,42,946,,
MLBL,38,42,50,,
MFIL,21,53,200,,
MNBBL,42,28,390,,
MNBBL,32,28,200,,
MNBBL,57,28,500,,
MNBBL,4,28,100,,
MNBBL,42,28,90,,
MNBBL,32,28,20,,
AHPC,45,21,200,,
NLIC,45,38,25,,
NABIL,51,58,100,,
ILBS,49,58,10,,
ILBS,1,58,10,,
ICFC,1,45,10,,
SPDL,38,21,30,,
BOKL,8,40,70,,
BOKL,19,40,20,,
BOKL,58,40,10,,
CIT,13,19,10,,
CIT,40,19,20,,
DDBL,32,35,475,,
DDBL,32,49,25,,
SIFC,25,51,10,,
SIFC,57,51,50,,
KLBSL,45,42,100,,
KLBSL,29,42,20,,
KLBSL,6,42,10,,
GFCL,34,25,50,,
MLBS,32,26,10,,
RLFL,58,38,50,,
KRBL,3,51,10,,
API,41,36,300,,
API,34,36,20,,
API,57,36,20,,
API,45,36,100,,
API,32,36,57,,
API,45,36,100,,
API,52,36,224,,
MBL,43,57,14,,
MBL,45,57,86,,
HIDCL,16,1,169,,
HIDCL,49,1,20,,
HIDCL,58,1,20,,
HIDCL,48,1,216,,
HIDCL,5,1,75,,
CFCL,46,38,40,,
UPPER,38,1,100,,
SAHAS,51,4,10,,
JBBL,35,44,10,,
NICSF,8,58,100,,
SHEL,21,32,250,,
SHEL,1,32,50,,
SHEL,29,32,100,,
ULI,45,45,10,,
SWBBL,35,59,90,,
SWBBL,43,59,10,,
NICLBSL,59,36,200,,
UPPER,11,1,110,,
UPPER,58,1,1000,,
UPPER,45,1,10,,
UPPER,48,1,27,,
UPPER,14,1,10,,
UPPER,32,1,574,,
ICFC,8,48,50,,
ICFC,34,48,10,,
ICFC,4,48,14,,
ICFC,55,48,25,,
BPCL,41,36,20,,
GRDBL,48,38,100,,
SMFBS,55,7,10,,
SLBSL,47,56,22,,
NABIL,22,58,20,,
NABIL,35,58,98,,
AHPC,58,38,150,,
JBLB,5,44,20,,
SHL,25,48,500,,
CCBL,56,52,50,,
AHPC,58,49,200,,
KBL,7,45,10,,
KBL,49,45,10,,
KBL,54,45,20,,
NMB,22,51,40,,
CLBSL,18,38,40,,
NRIC,57,55,31,,
NRIC,57,36,21,,
NIL,45,35,50,,
HPPL,45,34,85,,
HPPL,45,34,200,,
HPPL,51,34,215,,
HPPL,53,34,100,,
HPPL,17,34,20,,
HPPL,38,34,20,,
KBL,42,16,96,,
KBL,42,52,74,,
NFS,56,49,21,,
SAHAS,3,53,40,,
MFIL,21,7,190,,
MFIL,40,7,30,,
MFIL,45,7,10,,
SAHAS,3,7,10,,
MFIL,21,7,270,,
MLBS,38,49,10,,
AKPL,10,34,88,,
AKJCL,41,13,250,,
UMHL,13,53,190,,
PCBL,57,47,34,,
NHDL,26,28,200,,
PCBL,16,47,200,,
PCBL,22,47,146,,
PCBL,14,47,20,,
PCBL,52,47,100,,
SPDL,49,21,50,,
JLI,42,5,130,,
AIL,42,54,20,,
GLICL,39,32,100,,
UPPER,32,32,46,,
UPPER,38,32,10,,
UPPER,45,32,80,,
IGI,16,58,25,,
SHINE,56,44,150,,
SHINE,35,44,40,,
SHINE,17,44,100,,
SHINE,17,44,25,,
SHINE,57,44,10,,
NHPC,44,34,481,,
NHPC,59,34,18,,
MLBS,45,49,10,,
NIFRA,51,49,30,,
NIFRA,51,57,50,,
NIFRA,51,58,20,,
GBBL,46,51,200,,
GBBL,4,51,185,,
GBBL,19,51,60,,
SHPC,57,17,53,,
HIDCL,48,57,50,,
HIDCL,16,57,50,,
CHL,13,58,28,,
GIC,39,21,10,,
SPDL,57,16,75,,
SPDL,39,16,50,,
SPDL,41,16,30,,
SPDL,58,16,85,,
SPDL,8,16,50,,
SPDL,6,16,210,,
SAHAS,14,4,15,,
SAHAS,14,58,10,,
UMHL,13,58,1850,,
UMHL,41,58,150,,
SAHAS,3,45,10,,
MLBL,25,42,906,,
MLBL,44,42,100,,
MLBL,36,42,1000,,
MLBL,33,42,200,,
MLBL,57,42,500,,
MLBL,41,42,10,,
MLBL,25,42,100,,
MLBL,59,42,100,,
MLBL,52,42,115,,
MLBL,58,42,1000,,
MLBL,38,42,100,,
MLBL,33,42,50,,
MLBL,42,42,150,,
MLBL,32,42,100,,
MLBL,48,42,200,,
MLBL,14,42,100,,
MLBL,47,42,50,,
MLBL,58,42,10,,
MLBL,45,42,100,,
MLBL,52,42,100,,
MLBL,45,42,100,,
MLBL,57,42,300,,
MLBL,59,42,50,,
MLBL,26,42,39,,
MLBL,28,42,500,,
MLBL,7,42,20,,
SABSL,58,33,76,,
JBLB,5,44,30,,
JBLB,25,44,80,,
CHDC,5,44,190,,
ICFC,55,33,35,,
AIL,42,54,30,,
MLBS,45,49,10,,
SRBL,49,34,207,,
AKJCL,26,13,160,,
AKJCL,26,13,140,,
SHPC,57,38,47,,
SHPC,54,38,53,,
BOKL,57,58,30,,
FMDBL,16,42,100,,
FMDBL,43,42,200,,
FMDBL,33,42,100,,
FMDBL,47,42,100,,
FMDBL,57,42,100,,
FMDBL,22,42,100,,
FMDBL,55,42,200,,
FMDBL,55,42,500,,
FMDBL,55,42,500,,
FMDBL,55,42,400,,
FMDBL,34,42,60,,
FMDBL,48,42,50,,
FMDBL,40,42,100,,
FMDBL,21,42,100,,
FMDBL,11,42,20,,
FMDBL,42,42,100,,
FMDBL,57,42,490,,
FMDBL,34,42,50,,
FMDBL,49,42,10,,
FMDBL,42,42,20,,
FMDBL,1,42,130,,
FMDBL,22,42,50,,
ICFC,56,46,30,,
ICFC,56,51,70,,
FMDBL,59,42,241,,
FMDBL,19,42,10,,
FMDBL,35,42,50,,
FMDBL,45,42,50,,
FMDBL,49,42,10,,
FMDBL,14,42,100,,
FMDBL,14,42,500,,
FMDBL,34,42,50,,
FMDBL,7,42,60,,
FMDBL,45,42,200,,
FMDBL,21,42,50,,
FMDBL,21,42,50,,
FMDBL,45,42,50,,
FMDBL,39,42,50,,
FMDBL,10,42,100,,
FMDBL,34,42,100,,
FMDBL,57,42,250,,
FMDBL,1,42,25,,
FMDBL,38,42,10,,
FMDBL,49,42,10,,
FMDBL,22,42,50,,
FMDBL,57,42,50,,
FMDBL,16,42,100,,
FMDBL,45,42,50,,
FMDBL,49,42,100,,
FMDBL,29,42,500,,
FMDBL,42,42,50,,
FMDBL,58,42,10,,
FMDBL,56,42,500,,
FMDBL,39,42,20,,
FMDBL,6,42,100,,
FMDBL,43,42,100,,
FMDBL,6,42,200,,
FMDBL,37,42,100,,
FMDBL,38,42,50,,
FMDBL,38,42,100,,
FMDBL,34,42,100,,
FMDBL,48,42,100,,
FMDBL,1,42,500,,
FMDBL,52,42,55,,
FMDBL,14,42,60,,
FMDBL,13,42,200,,
FMDBL,4,42,40,,
FMDBL,48,42,100,,
FMDBL,43,42,25,,
FMDBL,43,42,50,,
FMDBL,14,42,50,,
FMDBL,10,42,100,,
FMDBL,8,42,500,,
FMDBL,13,42,50,,
FMDBL,47,42,50,,
FMDBL,35,42,40,,
FMDBL,42,42,100,,
FMDBL,22,42,50,,
FMDBL,19,42,50,,
FMDBL,17,42,144,,
FMDBL,29,42,100,,
FMDBL,42,42,10,,
NABIL,49,17,25,,
LBL,6,57,20,,
SAHAS,3,56,10,,
SANIMA,51,45,10,,
SANIMA,36,45,21,,
CFCL,46,38,10,,
KBL,49,52,11,,
PMHPL,22,21,230,,
PMHPL,22,21,100,,
PMHPL,50,21,50,,
PMHPL,45,21,120,,
NUBL,52,14,20,,
AKPL,52,44,56,,
AKPL,16,44,57,,
SANIMA,36,5,33,,
HIDCL,48,50,34,,
HIDCL,14,50,50,,
HIDCL,54,50,16,,
ULI,44,45,10,,
HIDCL,54,19,100,,
NRIC,51,55,20,,
KRBL,44,41,100,,
KRBL,21,41,83,,
SGI,5,43,140,,
SRBL,49,34,393,,
SRBL,49,34,399,,
SRBL,49,13,161,,
SRBL,49,22,100,,
SRBL,49,29,500,,
SRBL,49,56,200,,
SRBL,49,16,47,,
API,52,21,11,,
UPPER,32,36,80,,
TRH,26,33,300,,
NLIC,59,38,16,,
NLIC,59,41,10,,
JOSHI,36,37,80,,
RHPL,35,36,10,,
HIDCL,54,19,150,,
SKBBL,47,48,15,,
SKBBL,47,48,25,,
CBBL,49,19,25,,
CBBL,7,19,20,,
SHINE,57,21,100,,
SHINE,28,21,50,,
SHINE,57,21,50,,
KMCDB,50,32,10,,
KMCDB,57,32,100,,
KMCDB,14,32,100,,
KMCDB,1,32,50,,
KMCDB,35,32,40,,
SIFC,59,51,500,,
SPDL,6,51,290,,
SPDL,34,51,10,,
SPDL,36,51,200,,
SPDL,50,51,200,,
SPDL,38,51,20,,
SPDL,14,51,30,,
SPDL,33,51,100,,
SPDL,41,51,100,,
SPDL,7,51,50,,
API,52,34,155,,
API,17,34,10,,
SKBBL,13,48,100,,
AHPC,42,21,40,,
CBBL,51,19,50,,
SANIMA,36,26,16,,
NRIC,51,55,100,,
SHIVM,10,42,22,,
SHIVM,46,42,200,,
SHIVM,19,42,100,,
SHIVM,32,42,50,,
SHIVM,49,42,100,,
SHIVM,50,42,500,,
SHIVM,26,42,30,,
SHIVM,38,42,100,,
SHIVM,40,42,500,,
SHIVM,38,42,100,,
SHIVM,35,42,130,,
SHIVM,48,42,100,,
SHIVM,58,42,20,,
SHIVM,17,42,100,,
SHIVM,57,42,100,,
SHIVM,45,42,100,,
SHIVM,7,42,30,,
SHIVM,46,42,300,,
SHIVM,34,42,50,,
SHIVM,45,42,100,,
SHIVM,28,42,50,,
SHIVM,46,42,50,,
SHIVM,32,42,100,,
SHIVM,49,42,100,,
SHIVM,52,42,360,,
SHIVM,42,42,30,,
SHIVM,46,42,40,,
SHIVM,53,42,50,,
SHIVM,13,42,30,,
SHIVM,58,42,200,,
SHIVM,17,42,20,,
SHIVM,5,42,300,,
SHIVM,21,42,150,,
SHIVM,56,42,40,,
SHIVM,44,42,50,,
SHIVM,17,42,70,,
SHIVM,35,42,200,,
SHIVM,57,42,300,,
SHIVM,48,42,50,,
SHIVM,14,42,44,,
SHIVM,58,42,34,,
ULI,44,44,10,,
GBBL,19,20,375,,
GBBL,14,20,20,,
GBBL,34,20,250,,
GBBL,11,20,200,,
GBBL,38,20,155,,
NICLBSL,59,39,20,,
SJCL,50,52,40,,
GBIME,41,45,10,,
GBIME,25,45,250,,
GBIME,42,45,11,,
GBIME,6,45,200,,
GBIME,58,45,10,,
GBIME,42,45,100,,
GBIME,51,45,100,,
GBIME,47,45,219,,
HPPL,58,25,15,,
SAHAS,34,16,10,,
SHIVM,50,52,100,,
PPCL,49,8,19,,
PPCL,49,47,200,,
GMFIL,46,44,1000,,
KSBBL,42,1,293,,
KSBBL,21,1,30,,
KSBBL,11,1,200,,
KSBBL,11,1,100,,
KSBBL,58,1,100,,
KSBBL,49,1,500,,
KSBBL,55,1,100,,
KSBBL,51,1,100,,
KSBBL,47,1,1000,,
KSBBL,57,1,100,,
KSBBL,11,1,200,,
KSBBL,46,1,10,,
KSBBL,57,1,20,,
KSBBL,46,1,180,,
KSBBL,21,1,15,,
KSBBL,29,1,20,,
KSBBL,8,1,50,,
KSBBL,21,1,100,,
KSBBL,58,1,50,,
KSBBL,57,1,50,,
KSBBL,51,1,14,,
KSBBL,59,1,10,,
KSBBL,58,1,100,,
KSBBL,45,1,876,,
KSBBL,58,1,100,,
KSBBL,42,1,200,,
KSBBL,29,1,100,,
KSBBL,49,1,750,,
KSBBL,47,1,532,,
KSBBL,25,1,100,,
NHPC,59,53,110,,
HIDCL,54,20,750,,
MKJC,28,39,235,,
HIDCL,54,35,1000,,
GBIME,49,36,115,,
GBIME,49,49,885,,
PIC,45,33,10,,
JBLB,25,44,10,,
SBL,59,38,30,,
MLBL,26,11,100,,
CHDC,45,14,50,,
UPCL,7,42,500,,
NIFRA,22,58,30,,
NIFRA,57,58,50,,
SHPC,54,47,447,,
SHPC,8,47,253,,
JBLB,25,38,10,,
NRIC,45,55,40,,
JSLBB,57,38,50,,
JSLBB,41,38,12,,
JSLBB,55,38,11,,
JSLBB,58,38,33,,
JSLBB,51,38,20,,
JSLBB,1,38,10,,
JSLBB,32,38,10,,
SFCL,26,51,50,,
UMRH,49,14,18,,
NHDL,42,28,50,,
GLICL,56,35,42,,
SHIVM,58,45,16,,
SHIVM,59,45,15,,
SHIVM,10,45,100,,
SHIVM,46,45,50,,
SHIVM,46,45,40,,
AIL,45,54,40,,
SHIVM,3,45,29,,
CBBL,38,33,100,,
KPCL,58,5,490,,
KPCL,32,5,20,,
MLBS,45,58,10,,
AKPL,16,29,500,,
CGH,36,35,20,,
CGH,45,35,20,,
MLBS,45,58,10,,
SAHAS,34,21,20,,
SLI,1,44,10,,
MLBS,45,49,10,,
SLI,33,45,10,,
SAHAS,3,10,10,,
PLI,33,42,175,,
PLI,42,42,100,,
PLI,16,42,100,,
PLI,22,42,500,,
PLI,43,42,65,,
PLI,19,42,10,,
PLI,4,42,10,,
PLI,47,42,25,,
PLI,5,42,100,,
PLI,45,42,25,,
PLI,55,42,30,,
PLI,58,42,80,,
PLI,46,42,10,,
PLI,54,42,20,,
PLI,14,42,50,,
PLI,49,42,55,,
PLI,36,42,200,,
PLI,14,42,20,,
PLI,40,42,10,,
PLI,45,42,20,,
PLI,46,42,25,,
NHDL,57,53,153,,
SGI,5,49,10,,
PLI,49,42,471,,
PLI,42,42,200,,
PLI,53,42,10,,
PLI,22,42,20,,
PLI,34,42,50,,
PLI,45,42,300,,
PLI,19,42,50,,
PLI,34,42,10,,
PLI,35,42,1000,,
PLI,41,42,800,,
PLI,14,42,20,,
PLI,26,42,100,,
PLI,22,42,20,,
PLI,21,42,100,,
PLI,57,42,50,,
PLI,42,42,19,,
PLI,17,42,100,,
PLI,21,42,50,,
MLBL,17,11,50,,
MFIL,21,55,30,,
NABIL,48,58,20,,
NABIL,28,58,100,,
NABIL,11,58,10,,
NABIL,42,58,85,,
NABIL,35,58,145,,
NABIL,46,58,100,,
NABIL,21,58,10,,
NABIL,35,58,70,,
NABIL,29,58,20,,
PPCL,49,21,100,,
NABIL,39,58,10,,
NABIL,21,58,100,,
NABIL,6,58,100,,
NABIL,5,58,30,,
NABIL,6,58,30,,
NABIL,57,58,177,,
NABIL,28,58,15,,
NABIL,51,58,65,,
NABIL,59,58,60,,
SANIMA,36,35,430,,
SANIMA,42,35,70,,
NTC,28,13,250,,
SAHAS,38,4,10,,
NHPC,41,28,50,,
NHPC,41,59,50,,
NABIL,35,58,102,,
NABIL,35,58,50,,
NABIL,57,58,10,,
NABIL,11,58,20,,
NABIL,11,58,100,,
NABIL,22,58,56,,
NABIL,58,58,90,,
NABIL,57,58,25,,
MLBSL,16,8,12,,
MKJC,28,49,10,,
HDL,8,58,10,,
HDHPC,45,45,10,,
PRVU,57,36,249,,
PRVU,57,47,124,,
RLFL,43,38,100,,
SFCL,17,34,164,,
SFCL,17,49,654,,
SFCL,17,52,300,,
SFCL,17,34,95,,
SFCL,17,42,200,,
SFCL,17,58,20,,
SFCL,17,49,67,,
UMHL,41,34,850,,
UMHL,49,34,50,,
UMHL,57,34,100,,
PIC,40,58,17,,
PIC,43,58,55,,
PIC,41,58,28,,
RMDC,1,38,15,,
HIDCL,54,28,444,,
BARUN,43,21,25,,
NABIL,52,58,100,,
MNBBL,35,26,300,,
CBL,29,20,50,,
CBL,35,20,50,,
JBBL,28,51,685,,
JBBL,6,51,60,,
JBBL,58,51,20,,
JBBL,41,51,35,,
JBLB,57,25,10,,
NIFRA,51,49,10,,
ULI,22,16,10,,
NIFRA,45,49,50,,
AKPL,16,38,243,,
AKPL,50,38,134,,
AKPL,19,38,159,,
AKPL,16,38,164,,
NMFBS,47,4,50,,
NMFBS,45,4,10,,
NMFBS,29,4,50,,
CLBSL,18,57,80,,
UPPER,55,36,100,,
RMDC,14,35,20,,
PPCL,49,21,80,,
NRIC,50,55,74,,
SBI,38,32,497,,
SBI,38,32,1328,,
SBI,38,49,25,,
SBI,38,51,50,,
GBBL,14,58,150,,
GBBL,43,58,17,,
NLICL,49,42,1364,,
RHPL,45,28,77,,
RHPL,45,28,500,,
RHPL,58,28,75,,
RHPL,26,28,20,,
RHPL,28,28,30,,
NFS,56,38,11,,
AHPC,58,38,40,,
NFS,22,38,24,,
AHPC,49,38,30,,
NFS,58,38,15,,
MERO,48,39,10,,
GFCL,59,58,50,,
GFCL,59,35,50,,
UMHL,53,58,300,,
HDHPC,45,34,45,,
SINDU,41,21,200,,
DDBL,21,21,70,,
NABIL,13,58,13,,
NABIL,53,58,250,,
NABIL,53,58,250,,
NABIL,53,58,115,,
NABIL,57,58,60,,
NABIL,41,58,200,,
NABIL,41,58,300,,
NABIL,49,58,10,,
SIL,49,42,30,,
LICN,16,43,50,,
PROFL,33,34,70,,
OHL,10,48,97,,
OHL,49,48,10,,
CCBL,32,4,163,,
MLBS,45,56,10,,
NABBC,22,58,100,,
GILB,34,40,22,,
SSHL,14,34,100,,
GILB,56,40,78,,
SSHL,46,34,200,,
ALICL,32,32,120,,
GLH,19,46,10,,
HIDCL,5,20,30,,
HIDCL,35,20,100,,
NHPC,46,59,150,,
JLI,58,36,10,,
MLBL,26,48,461,,
MLBL,58,48,10,,
MLBL,17,48,60,,
MLBL,41,48,100,,
MLBL,44,48,10,,
MLBL,14,48,500,,
MLBL,56,48,100,,
MLBL,26,48,100,,
MLBL,46,48,100,,
MLBL,32,48,10,,
MLBL,47,48,500,,
MLBL,42,48,65,,
MLBL,26,48,50,,
MLBL,38,48,40,,
MLBL,36,48,200,,
MLBL,16,48,200,,
MLBL,19,48,144,,
MLBL,36,48,50,,
RMDC,49,54,50,,
SAHAS,3,54,10,,
SLI,33,42,982,,
SLI,29,42,20,,
SLI,13,42,100,,
SLI,47,42,10,,
SLI,54,42,50,,
SLI,4,42,80,,
NICA,58,38,50,,
SLI,13,42,50,,
NICA,26,38,20,,
SLI,57,42,50,,
SLI,38,42,50,,
SLI,42,42,10,,
SLI,45,42,100,,
SLI,41,42,150,,
SLI,38,42,100,,
SLI,56,42,100,,
SLI,45,42,50,,
SLI,38,42,20,,
SLI,58,42,300,,
CGH,16,35,160,,
SLI,5,42,100,,
SLI,42,42,100,,
SLI,35,42,10,,
SLI,58,42,40,,
SLI,26,42,50,,
SLI,26,42,20,,
SLI,57,42,30,,
SLI,38,42,20,,
SLI,41,42,10,,
SLI,26,42,10,,
SLI,58,42,50,,
SLI,32,42,30,,
SLI,42,42,200,,
SLI,1,42,100,,
SLI,57,42,30,,
SLI,51,42,50,,
SLI,57,42,150,,
SLI,22,42,20,,
SLI,4,42,12,,
ALICL,32,5,30,,
SLI,6,42,50,,
SLI,58,42,10,,
SLI,39,42,100,,
SLI,35,42,50,,
SLI,18,42,100,,
SLI,42,42,50,,
SLI,42,42,20,,
SLI,42,42,10,,
SLI,7,42,20,,
SLI,39,42,10,,
SLI,51,42,20,,
SLI,42,42,26,,
SLI,55,42,500,,
SLI,13,42,100,,
SLI,47,42,50,,
SLI,35,42,15,,
SLI,45,42,10,,
SLI,50,42,10,,
SLI,21,42,10,,
SLI,58,42,10,,
SLI,17,42,50,,
SLI,57,42,20,,
SLI,21,42,15,,
SLI,58,42,10,,
SLI,29,42,40,,
SLI,51,42,70,,
SLI,42,42,30,,
SLI,17,42,50,,
SLI,45,42,20,,
SLI,8,42,50,,
SLI,49,42,70,,
SLI,38,42,50,,
SLI,22,42,10,,
SLI,25,42,40,,
SLI,44,42,10,,
SLI,14,42,10,,
SLI,50,42,30,,
LICN,16,59,31,,
NIL,44,48,120,,
SLI,56,25,10,,
HPPL,37,45,30,,
KKHC,57,36,200,,
CHCL,38,6,10,,
NICLBSL,59,33,500,,
UPCL,7,38,160,,
SAHAS,3,10,10,,
JBBL,41,57,50,,
JBBL,51,57,50,,
HIDCL,41,28,56,,
HIDCL,41,58,54,,
HIDCL,41,28,90,,
SIFC,45,51,200,,
SIFC,4,51,1000,,
SIFC,17,51,40,,
PCBL,6,45,25,,
MERO,47,39,100,,
SAHAS,3,45,10,,
SLI,56,7,10,,
MMFDB,51,21,30,,
RADHI,49,35,100,,
NICA,42,43,300,,
JFL,26,21,15,,
SPDL,53,51,200,,
AHPC,45,21,25,,
SFCL,48,49,53,,
NRIC,50,44,40,,
GBIME,47,6,131,,
GBIME,26,6,10,,
GBIME,45,6,50,,
GBIME,6,6,200,,
ALICL,32,32,50,,
ICFC,45,51,10,,
ICFC,54,51,20,,
SHINE,33,21,150,,
SHINE,42,21,180,,
SHINE,41,21,170,,
SHINE,42,21,20,,
AKPL,16,38,50,,
HIDCL,35,38,101,,
NABIL,57,52,20,,
NLICL,49,42,13636,,
NLICL,58,42,100,,
NLICL,3,42,20,,
NLICL,6,42,200,,
NLICL,16,42,100,,
NLICL,44,42,500,,
NLICL,25,42,100,,
NLICL,46,42,88,,
NLICL,5,42,50,,
NLICL,49,42,80,,
NLICL,28,42,200,,
NLICL,51,42,40,,
NLICL,4,42,50,,
NLICL,39,42,10,,
NLICL,43,42,200,,
NLICL,40,42,100,,
NLICL,13,42,50,,
NLICL,34,42,50,,
NLICL,32,42,75,,
NLICL,48,42,100,,
NLICL,34,42,50,,
NLICL,17,42,50,,
NLICL,42,42,100,,
NLICL,53,42,10,,
NLICL,48,42,50,,
NLICL,45,42,200,,
NLICL,52,42,10,,
NLICL,1,42,20,,
NLICL,51,42,1100,,
NLICL,13,42,100,,
NLICL,54,42,86,,
NLICL,47,42,100,,
NLICL,36,42,30,,
NLICL,57,42,1000,,
NLICL,59,42,100,,
NLICL,48,42,100,,
NLICL,14,42,100,,
NLICL,14,42,200,,
NLICL,49,42,15,,
NLICL,17,42,200,,
NLICL,16,42,100,,
NLICL,21,42,50,,
NLICL,8,42,100,,
NLICL,22,42,200,,
NLICL,54,42,150,,
NLICL,48,42,30,,
API,52,57,16,,
NTC,28,13,150,,
NTC,28,4,150,,
HDHPC,39,34,730,,
HDHPC,51,34,20,,
HDHPC,7,34,100,,
HDHPC,17,34,150,,
ALICL,44,29,36,,
MKJC,28,14,10,,
UMHL,53,21,200,,
UMHL,34,21,300,,
MERO,58,20,10,,
SLI,56,45,10,,
SIFC,17,35,60,,
SIFC,26,35,200,,
SIFC,53,35,100,,
SIFC,49,35,200,,
SIFC,17,35,50,,
SIFC,45,35,150,,
SIFC,59,35,150,,
SIFC,38,35,90,,
HIDCL,35,28,50,,
HIDCL,34,28,300,,
HIDCL,51,28,60,,
GBBL,43,52,50,,
RADHI,57,7,251,,
RADHI,42,7,49,,
MEGA,53,34,38,,
MEGA,32,34,43,,
UPCL,7,38,270,,
UPCL,14,38,150,,
UPCL,35,38,80,,
UMHL,49,58,50,,
HIDCL,51,14,40,,
HIDCL,38,14,50,,
HIDCL,55,14,10,,
HIDCL,25,14,100,,
HIDCL,58,14,20,,
HIDCL,5,14,180,,
UPCL,35,53,45,,
UPCL,17,53,55,,
SHIVM,25,52,200,,
SHIVM,25,52,100,,
SHIVM,5,52,100,,
SHIVM,10,52,50,,
NRIC,45,6,50,,
GMFIL,57,46,160,,
MLBL,19,48,56,,
MLBL,57,48,800,,
MLBL,46,48,100,,
MLBL,53,48,90,,
CGH,16,48,40,,
MLBL,7,48,274,,
MLBL,4,48,50,,
CGH,19,48,10,,
MLBL,21,48,100,,
CGH,41,48,30,,
MLBL,33,48,30,,
CGH,14,48,20,,
SMATA,32,39,15,,
SBL,32,43,1000,,
RLFL,28,35,70,,
HIDCL,5,16,100,,
JBBL,19,57,165,,
MLBS,45,16,10,,
NGPL,57,52,166,,
NGPL,22,52,100,,
LBBL,46,44,250,,
LBBL,5,44,100,,
LBBL,21,44,300,,
LBBL,51,44,50,,
MHNL,43,51,40,,
MHNL,33,51,250,,
MHNL,50,51,125,,
NBF3,34,57,200,,
NGPL,32,35,10,,
CCBL,32,36,1568,,
NTC,26,4,50,,
EBL,55,40,50,,
GBBL,43,58,50,,
ULI,47,46,10,,
SHIVM,38,42,100,,
JFL,26,33,25,,
GBIME,50,49,25,,
NTC,26,58,50,,
CCBL,32,36,200,,
ACLBSL,56,39,10,,
SHEL,34,21,260,,
SLBSL,57,58,27,,
RLFL,28,14,30,,
NICLBSL,59,42,5455,,
NICLBSL,4,42,198,,
RLFL,28,51,400,,
AHPC,54,21,200,,
CIT,40,11,15,,
SGI,45,42,200,,
SRBL,38,16,3400,,
SRBL,38,16,200,,
HIDCL,5,38,20,,
CBBL,49,19,50,,
CBBL,26,19,50,,
CBBL,45,19,20,,
NICL,37,58,50,,
CGH,14,41,100,,
CGH,14,41,80,,
CGH,14,45,10,,
CGH,14,29,40,,
DHPL,26,38,50,,
HIDCL,5,59,50,,
NHPC,59,55,17,,
NHPC,35,10,15,,
JBBL,19,34,335,,
JBBL,54,34,70,,
JBBL,26,34,95,,
HDL,22,58,10,,
JBBL,21,34,50,,
SFCL,13,49,30,,
SFCL,26,49,50,,
KSBBL,55,45,100,,
SAHAS,58,4,200,,
SAHAS,58,4,10,,
SAHAS,41,4,50,,
SAHAS,58,4,180,,
SAHAS,17,4,40,,
NABIL,35,52,25,,
NABIL,35,13,250,,
NLIC,57,20,119,,
NLIC,43,20,10,,
NLIC,38,20,25,,
SADBL,34,21,62,,
SADBL,43,21,38,,
SADBL,38,21,250,,
SADBL,26,21,150,,
CBBL,47,33,115,,
BARUN,25,42,100,,
AKJCL,21,13,50,,
AKJCL,58,13,310,,
AKJCL,41,13,50,,
AKJCL,48,13,10,,
AKJCL,48,13,50,,
AKJCL,21,13,20,,
AKJCL,43,13,100,,
AKJCL,35,13,300,,
AKJCL,49,13,52,,
AKJCL,49,13,20,,
AKJCL,44,13,370,,
AKJCL,7,13,203,,
AKJCL,52,13,15,,
AKJCL,21,13,200,,
AKJCL,21,13,110,,
PROFL,28,34,30,,
UPCL,7,38,20,,
CHDC,48,14,75,,
AHPC,58,21,10,,
HIDCL,5,52,500,,
MERO,58,39,90,,
MERO,43,39,10,,
NRIC,50,6,86,,
NRIC,3,6,18,,
NRIC,45,6,250,,
SAHAS,17,35,10,,
API,52,48,94,,
API,26,48,100,,
API,14,48,100,,
API,41,48,10,,
NMB50,51,28,1000,,
NIFRA,53,44,60,,
CFCL,50,38,50,,
CFCL,57,38,50,,
NTC,51,51,10,,
NTC,14,51,22,,
NTC,40,51,110,,
NTC,59,51,105,,
NTC,26,51,200,,
NTC,49,51,50,,
NBB,25,32,125,,
IGI,16,39,475,,
IGI,5,39,25,,
IGI,22,39,100,,
NBB,25,14,120,,
NBB,25,17,1000,,
NBB,25,48,10,,
NBB,25,44,300,,
NBB,25,48,445,,
MLBS,45,52,10,,
BFC,21,49,40,,
SPDL,21,51,200,,
SPDL,43,51,50,,
SPDL,25,51,50,,
TPC,21,10,10,,
AKPL,16,49,162,,
AKPL,45,49,100,,
AKPL,29,49,38,,
NIFRA,45,49,50,,
GMFIL,41,49,96,,
NLIC,38,20,50,,
AKPL,29,38,50,,
AHPC,34,4,100,,
UMHL,42,58,50,,
GBBL,51,36,100,,
NICLBSL,4,42,1802,,
NICLBSL,54,42,200,,
NICLBSL,41,42,50,,
NICLBSL,26,42,10,,
NICLBSL,29,42,25,,
NICLBSL,4,42,1143,,
NICLBSL,41,42,50,,
NICLBSL,58,42,70,,
NHPC,51,16,20,,
NICLBSL,42,42,150,,
RSDC,46,49,29,,
RSDC,55,49,10,,
RSDC,6,49,50,,
RSDC,19,49,15,,
RSDC,19,20,35,,
NUBL,26,14,190,,
NUBL,6,45,40,,
UMHL,38,58,425,,
UMHL,38,44,75,,
NBL,3,14,50,,
KSBBL,47,51,216,,
KSBBL,58,51,10,,
KSBBL,57,51,31,,
KSBBL,26,51,20,,
KSBBL,42,51,50,,
KSBBL,32,51,100,,
KSBBL,42,51,65,,
KSBBL,58,51,410,,
KSBBL,14,51,50,,
KSBBL,53,51,20,,
KSBBL,47,51,250,,
KSBBL,38,51,20,,
KSBBL,38,51,208,,
KSBBL,57,51,50,,
ICFC,29,46,50,,
ICFC,52,46,50,,
SAHAS,58,16,10,,
ICFC,52,49,450,,
ICFC,57,49,50,,
GBBL,43,58,210,,
GBBL,6,58,50,,
PSF,48,34,1000,,
NRIC,45,55,30,,
LBBL,25,38,10,,
HDHPC,57,34,100,,
HDHPC,51,58,80,,
NUBL,13,45,100,,
NEF,56,28,1521,,
NEF,58,28,700,,
SAHAS,58,58,10,,
UPPER,48,32,57,,
UPCL,7,38,480,,
UPCL,45,38,20,,
NBL,1,14,50,,
NBL,34,14,50,,
NBL,10,14,266,,
NBL,59,14,50,,
NUBL,26,45,10,,
MHNL,50,58,375,,
MHNL,6,58,100,,
MHNL,45,58,25,,
AHPC,34,38,100,,
NLIC,45,20,10,,
NICLBSL,42,10,10,,
NBB,35,48,10,,
MLBL,14,48,750,,
MLBL,32,48,700,,
MLBL,13,48,100,,
MLBL,58,48,100,,
MLBL,52,48,20,,
MLBL,8,48,230,,
CZBIL,22,10,10,,
NUBL,26,45,50,,
TRH,3,54,201,,
AKJCL,33,21,95,,
TPC,21,47,10,,
JFL,46,4,294,,
JFL,39,4,146,,
FOWAD,25,34,250,,
NLIC,45,20,20,,
BFC,42,26,150,,
SAPDBL,43,45,50,,
SAPDBL,43,8,100,,
GBIME,46,49,90,,
GBIME,46,29,10,,
SIFC,38,54,300,,
AHPC,26,28,30,,
AHPC,29,28,500,,
AHPC,26,28,1000,,
AHPC,51,28,20,,
AHPC,5,28,100,,
AHPC,52,28,1000,,
NIFRA,53,41,50,,
SAHAS,58,7,10,,
DHPL,4,5,11,,
GBIME,26,26,90,,
GBIME,3,26,10,,
NICBF,6,28,1000,,
SHPC,6,34,183,,
SKBBL,40,40,20,,
SKBBL,53,40,15,,
NUBL,45,45,150,,
NLIC,16,20,200,,
MLBS,45,46,100,,
CBL,32,49,50,,
HIDCL,5,16,100,,
UPPER,52,36,50,,
UPPER,58,36,20,,
SJCL,50,45,30,,
KRBL,21,54,40,,
AKJCL,58,6,18,,
SLI,56,48,10,,
NLIC,38,20,20,,
RHPL,28,25,70,,
AHPC,25,21,20,,
NRIC,45,13,5,,
NRIC,13,13,15,,
ICFC,11,44,50,,
ULI,47,43,10,,
NICA,22,49,26,,
NHPC,59,28,855,,
NHPC,42,28,50,,
NHPC,49,28,500,,
NHPC,50,28,125,,
NHPC,51,28,10,,
NHPC,32,28,500,,
NHPC,28,28,45,,
NHPC,45,28,100,,
NHPC,58,28,1000,,
NHPC,38,28,50,,
NHPC,55,28,140,,
NHPC,55,28,180,,
NHPC,55,28,180,,
NHPC,49,28,165,,
NHPC,32,28,100,,
ULI,47,52,10,,
SIFC,38,1,10,,
SJCL,50,20,20,,
SAHAS,58,16,10,,
SAHAS,58,58,10,,
GMFIL,32,44,25,,
EIC,4,49,100,,
SBL,59,36,170,,
AKPL,29,58,52,,
UPPER,45,29,171,,
UPPER,35,29,129,,
NABIL,35,52,10,,
NBB,10,48,50,,
HDHPC,43,34,150,,
JFL,51,44,100,,
SHPC,8,35,100,,
AKPL,29,38,200,,
NIFRA,53,35,50,,
NUBL,35,45,10,,
NUBL,35,17,50,,
CCBL,32,34,500,,
UNHPL,42,42,55,,
UNHPL,42,17,50,,
UNHPL,42,49,15,,
NLIC,41,20,10,,
NLIC,42,20,36,,
SAHAS,58,47,10,,
PIC,56,33,600,,
PIC,13,33,450,,
PIC,55,33,100,,
PIC,39,33,40,,
FMDBL,51,34,100,,
FMDBL,29,34,100,,
FMDBL,56,34,200,,
CBL,32,58,50,,
PRVU,51,47,10,,
KSBBL,28,56,118,,
KSBBL,28,32,25,,
KSBBL,28,58,57,,
HIDCL,34,35,20,,
UMHL,54,44,276,,
UMHL,54,58,24,,
MLBS,45,6,10,,
SICL,7,4,10,,
SICL,22,4,50,,
SICL,42,4,30,,
NLIC,42,34,10,,
NUBL,28,28,100,,
NUBL,28,16,100,,
CHL,25,58,162,,
CHL,22,58,10,,
NHPC,46,10,100,,
PRIN,50,42,446,,
PRIN,6,42,100,,
PRIN,45,42,100,,
PRIN,10,42,30,,
PRIN,22,42,20,,
PRIN,38,42,200,,
PRIN,25,42,500,,
PRIN,18,42,50,,
PRIN,26,42,20,,
PRIN,34,42,125,,
PRIN,41,42,100,,
PRIN,14,42,25,,
PRIN,34,42,2000,,
PRIN,51,42,50,,
PRIN,34,42,30,,
PRIN,43,42,50,,
PRIN,22,42,55,,
PRIN,52,42,100,,
PRIN,1,42,400,,
PRIN,19,42,20,,
PRIN,46,42,50,,
PRIN,43,42,50,,
PRIN,32,42,10,,
PRIN,35,42,100,,
PRIN,5,42,10,,
PRIN,10,42,200,,
PRIN,34,42,100,,
PRIN,57,42,10,,
PRIN,33,42,50,,
PRIN,52,42,20,,
PRIN,19,42,216,,
AHPC,14,50,267,,
UNHPL,46,58,70,,
GILB,56,58,22,,
UNHPL,45,58,10,,
MLBS,45,43,10,,
SANIMA,40,14,165,,
SANIMA,40,49,45,,
FMDBL,48,44,30,,
SAHAS,57,49,10,,
KPCL,58,5,10,,
PPCL,49,5,101,,
PPCL,34,5,999,,
PPCL,28,5,500,,
KKHC,36,36,100,,
AKJCL,56,6,200,,
HIDCL,5,55,50,,
ICFC,28,49,798,,
ICFC,32,49,100,,
ICFC,28,49,40,,
ICFC,45,49,12,,
ICFC,41,49,500,,
ICFC,36,49,50,,
NRIC,45,6,10,,
NRIC,45,49,90,,
RLFL,38,46,50,,
MLBSL,22,45,11,,
SABSL,34,33,25,,
SAHAS,58,46,10,,
BOKL,32,58,20,,
NABIL,55,52,20,,
SHEL,45,57,29,,
SHEL,58,57,21,,
HDHPC,47,20,32,,
HDHPC,41,20,30,,
HDHPC,57,20,200,,
HDHPC,49,20,118,,
HDHPC,26,20,200,,
HDHPC,22,20,20,,
HDHPC,52,20,200,,
HDHPC,6,20,100,,
HDHPC,7,20,40,,
HDHPC,59,20,30,,
HDHPC,41,20,30,,
SHPC,16,34,17,,
LGIL,10,38,70,,
LGIL,50,38,10,,
LGIL,19,38,20,,
KPCL,57,5,80,,
KPCL,57,5,100,,
KPCL,57,5,90,,
CZBIL,22,16,90,,
CZBIL,58,16,10,,
PRVU,58,47,138,,
AKPL,54,38,50,,
UPPER,21,50,15,,
UPPER,21,22,20,,
UPPER,21,34,15,,
SIFC,38,29,100,,
HGI,37,38,10,,
RBCLPO,32,42,50,,
RBCLPO,49,42,10,,
RBCLPO,56,42,10,,
RBCLPO,49,42,20,,
RBCLPO,56,42,10,,
RBCLPO,28,42,10,,
RBCLPO,56,42,20,,
RBCLPO,7,42,20,,
RBCLPO,17,42,50,,
RBCLPO,4,42,10,,
RBCLPO,59,42,100,,
RBCLPO,16,42,100,,
RBCLPO,59,42,28,,
RBCLPO,7,42,10,,
RBCLPO,59,42,20,,
NBL,10,49,70,,
NBL,10,57,164,,
NHPC,46,10,100,,
SLBSL,48,29,11,,
MLBL,7,11,90,,
SIFC,59,14,350,,
SIFC,29,14,100,,
SIFC,6,14,50,,
GBBL,43,58,40,,
MEGA,32,48,467,,
GFCL,32,51,200,,
AHPC,14,21,2000,,
AHPC,14,59,70,,
AHPC,6,59,30,,
KPCL,57,51,10,,
KBL,58,52,200,,
LBBL,49,58,200,,
API,7,14,60,,
API,58,14,209,,
API,48,14,200,,
MNBBL,57,26,20,,
UMHL,4,44,24,,
UMHL,4,41,176,,
SANIMA,46,49,55,,
SWBBL,26,49,41,,
GBIME,3,45,100,,
GBIME,34,45,65,,
NBL,47,49,100,,
SAHAS,58,52,10,,
HIDCL,58,28,63,,
HIDCL,34,28,100,,
HIDCL,51,28,50,,
HIDCL,38,28,38,,
HIDCL,6,28,752,,
HDHPC,21,28,100,,
ALICL,47,41,130,,
MNBBL,57,49,49,,
MNBBL,38,49,100,,
MNBBL,45,49,10,,
MNBBL,42,49,100,,
MNBBL,34,49,20,,
MNBBL,14,49,49,,
MNBBL,57,49,50,,
MNBBL,48,49,150,,
MNBBL,45,49,50,,
MNBBL,35,49,250,,
MNBBL,43,49,200,,
MNBBL,43,49,200,,
MNBBL,32,49,38,,
MNBBL,55,49,40,,
MNBBL,41,49,20,,
MNBBL,19,49,100,,
MNBBL,19,49,100,,
MNBBL,35,49,50,,
MNBBL,34,49,20,,
MNBBL,14,49,20,,
MNBBL,58,49,70,,
NBL,44,57,120,,
UMHL,1,41,24,,
SSHL,46,58,300,,
HIDCL,6,26,188,,
HIDCL,6,53,60,,
LBBL,41,58,100,,
LBBL,38,58,310,,
LBBL,57,58,21,,
NICLBSL,42,41,30,,
PROFL,28,16,70,,
AKPL,29,43,160,,
AKPL,43,43,80,,
AKPL,3,43,2000,,
AKPL,56,43,500,,
AKPL,53,43,50,,
AKPL,33,43,50,,
JFL,39,16,154,,
AKPL,45,43,160,,
LBBL,25,48,20,,
MKJC,49,57,50,,
LBBL,57,58,29,,
MLBL,14,11,50,,
HIDCL,38,22,100,,
BOKL,51,58,30,,
NUBL,39,26,66,,
SSHL,54,58,200,,
MFIL,45,56,90,,
AKPL,45,49,100,,
AKPL,45,17,240,,
LICN,22,59,20,,
LICN,56,59,300,,
FOWAD,25,34,250,,
KBL,47,52,910,,
NIFRA,53,25,50,,
MLBS,14,58,10,,
NRIC,13,26,35,,
NRIC,41,26,210,,
NRIC,51,26,20,,
TPC,21,20,10,,
API,21,49,100,,
SHEL,48,21,20,,
JBBL,43,49,190,,
JBBL,43,50,10,,
MHNL,45,57,75,,
SPDL,25,53,450,,
SPDL,56,53,50,,
NUBL,39,26,100,,
KKHC,22,36,50,,
SIL,48,42,388,,
SIL,43,42,200,,
SIL,35,42,200,,
SIL,55,42,30,,
SANIMA,29,14,55,,
SAHAS,58,7,10,,
NRIC,51,58,30,,
DDBL,21,58,40,,
DDBL,49,58,10,,
MEGA,42,48,100,,
CFCL,57,38,50,,
PFL,32,49,71,,
API,58,34,341,,
API,51,34,17,,
API,57,34,500,,
API,45,34,150,,
CBBL,41,33,250,,
HIDCL,58,26,50,,
CCBL,32,19,102,,
NABIL,49,52,22,,
NABIL,49,49,78,,
NICA,35,43,20,,
NHPC,41,54,25,,
EIC,4,49,20,,
API,42,49,200,,
GBIME,11,29,20,,
PLI,29,21,30,,
PLI,29,49,10,,
AKPL,55,38,30,,
AKPL,26,38,15,,
SABSL,17,33,11,,
AHPC,21,21,70,,
GBIME,49,29,10,,
NIFRA,59,25,20,,
MBL,45,17,14,,
CZBIL,41,1,91,,
CZBIL,35,1,20,,
SHINE,41,21,30,,
NIFRA,16,58,67,,
NIFRA,42,58,16,,
LICN,43,59,50,,
SAPDBL,14,44,40,,
SAPDBL,14,17,130,,
GMFIL,35,44,300,,
GMFIL,45,44,200,,
GMFIL,59,44,50,,
API,56,49,20,,
SAHAS,58,56,10,,
API,56,42,30,,
CBBL,41,33,130,,
CBBL,41,16,120,,
MFIL,45,33,50,,
NIFRA,42,52,50,,
HIDCL,38,28,1002,,
JBLB,55,4,10,,
HIDCL,17,26,100,,
SAHAS,58,35,10,,
CFCL,49,25,25,,
API,51,42,30,,
CBL,58,26,55,,
NLIC,41,34,40,,
CIT,43,45,14,,
CCBL,57,34,10,,
NRIC,57,58,20,,
GBIME,17,29,50,,
FOWAD,57,34,100,,
FOWAD,51,34,50,,
FOWAD,35,34,100,,
NIL,17,42,204,,
NIL,4,42,30,,
NIL,38,42,20,,
NIL,20,42,10,,
NIL,41,42,30,,
NIL,49,42,500,,
NIL,32,42,300,,
NIL,35,42,100,,
NIL,45,42,10,,
NIL,45,42,100,,
NIL,45,42,300,,
MLBL,7,48,1636,,
MLBL,42,48,200,,
MLBL,6,48,100,,
MLBL,17,48,100,,
MLBL,57,48,100,,
MLBL,41,48,200,,
MLBL,32,48,100,,
MLBL,13,48,100,,
MLBL,34,48,25,,
MLBL,46,48,100,,
MLBL,14,48,200,,
MLBL,8,48,39,,
MLBL,4,48,100,,
UPPER,42,41,50,,
HDHPC,59,43,320,,
RLI,52,42,20,,
RLI,44,42,30,,
NIL,58,42,50,,
NIL,45,42,200,,
NIL,41,42,50,,
NIL,38,42,10,,
NIL,57,42,250,,
NIL,28,42,100,,
NIL,6,42,100,,
NIL,51,42,100,,
NIL,38,42,50,,
NIL,19,42,20,,
NIL,4,42,10,,
NIL,58,42,50,,
NIL,13,42,40,,
NIL,52,42,50,,
NIL,11,42,11,,
NIL,1,42,50,,
NIL,39,42,25,,
NIL,42,42,20,,
NTC,38,41,100,,
NIL,14,42,20,,
NIL,51,42,50,,
NIL,51,42,100,,
NIL,49,42,16,,
NIL,22,42,30,,
NIL,42,42,100,,
NIL,36,42,20,,
NIL,41,42,100,,
NIL,53,42,100,,
NIL,52,42,50,,
NIL,52,42,36,,
NIL,43,42,50,,
NIL,25,42,300,,
NIL,49,42,100,,
NIL,8,42,20,,
NIL,34,42,50,,
NIL,56,42,100,,
NIL,1,42,50,,
NIL,44,42,20,,
NIL,25,42,500,,
NIL,28,42,20,,
NIL,38,42,50,,
NIL,51,42,29,,
NIL,14,42,100,,
NIL,33,42,500,,
NIL,59,42,20,,
NIL,48,42,10,,
NIL,54,42,80,,
NIL,35,42,100,,
NIL,19,42,10,,
NIL,41,42,100,,
NIL,45,42,100,,
NIL,46,42,76,,
NIL,19,42,50,,
NIL,1,42,20,,
NIL,51,42,20,,
NIL,57,42,100,,
NIL,50,42,200,,
NIL,14,42,100,,
NIL,36,42,30,,
NIL,16,42,500,,
NIL,43,42,50,,
NIL,13,42,40,,
NIL,42,42,243,,
NIL,55,42,25,,
NIL,49,42,10,,
NIL,57,42,100,,
NIL,14,42,50,,
NIL,21,42,21,,
NIL,28,42,200,,
NIL,26,42,50,,
NIL,38,42,50,,
NIL,42,42,84,,
NIL,43,42,20,,
NIL,41,42,50,,
NIL,14,42,10,,
NIL,21,42,100,,
NIL,D01,42,300,,
NIL,34,42,50,,
NIL,45,42,500,,
NIL,11,42,200,,
NIL,21,42,50,,
NIL,17,42,40,,
NIL,36,42,40,,
NIL,37,42,10,,
NIL,11,42,10,,
NIL,29,42,200,,
NIL,26,42,10,,
NIL,36,42,25,,
NIL,29,42,100,,
NIL,34,42,20,,
NIL,56,42,100,,
NIL,26,42,10,,
NIL,16,42,25,,
NIL,17,42,20,,
NIL,33,42,20,,
NIL,26,42,50,,
NIL,26,42,50,,
NIL,40,42,50,,
NIL,19,42,200,,
NUBL,21,26,55,,
NICA,22,22,11,,
AHPC,37,33,400,,
UPPER,51,50,50,,
UMHL,36,44,125,,
UMHL,36,21,275,,
SAHAS,58,57,10,,
MEGA,40,48,1200,,
MEGA,58,48,20,,
MNBBL,26,26,30,,
MEGA,53,1,424,,
HIDCL,34,26,100,,
HIDCL,42,26,500,,
HIDCL,57,26,50,,
HIDCL,28,26,12,,
API,56,49,18,,
HDL,53,33,10,,
NMB,8,55,15,,
AHPC,6,33,100,,
AHPC,57,33,50,,
CCBL,45,34,392,,
ICFC,57,33,15,,
NHPC,3,10,200,,
HIDCL,51,28,102,,
KPCL,57,21,100,,
NLIC,57,34,10,,
ICFC,45,59,200,,
SHPC,16,47,43,,
NGPL,35,42,286,,
HIDCL,35,28,20,,
BOKL,22,58,600,,
PRIN,19,38,40,,
PRIN,19,57,44,,
NABIL,14,49,22,,
NABIL,14,36,48,,
GFCL,51,51,100,,
MEGA,35,48,100,,
NGPL,33,42,50,,
JFL,51,20,92,,
JFL,51,45,100,,
BBC,34,58,10,,
NGPL,41,42,100,,
NIFRA,49,25,10,,
GBBL,51,42,50,,
GBBL,51,58,400,,
ADBL,1,42,364,,
ADBL,34,42,50,,
ADBL,14,42,50,,
ADBL,47,42,100,,
ADBL,17,42,1000,,
ADBL,57,42,50,,
ADBL,47,42,23,,
ADBL,38,42,100,,
ADBL,43,42,500,,
ADBL,8,42,500,,
ADBL,34,42,10,,
ADBL,38,42,10,,
ADBL,28,42,300,,
ADBL,56,42,10,,
ADBL,10,42,200,,
ADBL,34,42,100,,
ADBL,11,42,50,,
ADBL,39,42,100,,
ADBL,11,42,200,,
ADBL,56,42,100,,
ADBL,49,42,15,,
ADBL,40,42,100,,
ADBL,58,42,40,,
ADBL,32,42,10,,
ADBL,33,42,10,,
ADBL,46,42,500,,
ADBL,D01,42,2000,,
ADBL,10,42,200,,
ADBL,22,42,20,,
ADBL,48,42,20,,
ADBL,6,42,1000,,
ADBL,54,42,10,,
ADBL,7,42,20,,
ADBL,1,42,10,,
ADBL,51,42,50,,
ADBL,58,42,50,,
ADBL,22,42,200,,
ADBL,5,42,60,,
ADBL,33,42,200,,
ADBL,44,42,100,,
ADBL,45,42,20,,
ADBL,53,42,50,,
ADBL,6,42,150,,
ADBL,51,42,300,,
ADBL,10,42,25,,
ADBL,48,42,10,,
ADBL,29,42,20,,
ADBL,49,42,20,,
ADBL,1,42,10,,
ADBL,28,42,10,,
ADBL,13,42,100,,
ADBL,38,42,100,,
ADBL,21,42,50,,
ADBL,39,42,80,,
ADBL,21,42,50,,
ADBL,59,42,50,,
ADBL,39,42,100,,
ADBL,39,42,1000,,
ADBL,38,42,100,,
ADBL,21,42,50,,
UPCL,35,38,93,,
ADBL,34,42,10,,
ADBL,39,42,60,,
ADBL,33,42,25,,
ADBL,57,42,10,,
ADBL,29,42,492,,
ADBL,41,42,20,,
ADBL,8,42,1000,,
ADBL,6,42,100,,
ADBL,36,42,89,,
ADBL,51,42,50,,
ADBL,42,42,70,,
ADBL,37,42,440,,
ADBL,22,42,10,,
NUBL,14,26,29,,
JBBL,6,50,10,,
ULI,47,20,10,,
UPPER,45,50,37,,
NGPL,22,42,350,,
CIT,43,36,93,,
RSDC,16,49,104,,
NBF2,52,28,3400,,
NBF2,42,28,200,,
NBF2,14,28,5000,,
NBF2,49,28,100,,
NBF2,21,28,300,,
SHPC,26,47,100,,
NIFRA,42,21,60,,
MLBL,47,33,700,,
NGPL,36,42,200,,
RHPL,58,42,50,,
MLBS,14,34,10,,
NUBL,17,26,170,,
MKLB,14,52,10,,
NIFRA,42,44,60,,
API,38,38,1,,
HDHPC,22,43,681,,
HDHPC,16,43,100,,
HDHPC,56,43,100,,
HDHPC,59,43,300,,
HDHPC,38,43,250,,
HDHPC,21,43,100,,
HDHPC,26,43,100,,
HDHPC,42,43,50,,
HDHPC,3,43,50,,
HDHPC,32,43,500,,
HDHPC,34,43,430,,
HDHPC,53,43,300,,
HDHPC,42,43,500,,
HDHPC,25,43,100,,
HDHPC,1,43,500,,
HDHPC,16,43,15,,
HDHPC,44,43,200,,
HDHPC,22,43,20,,
HDHPC,17,43,200,,
LBBL,43,48,80,,
HDHPC,46,43,104,,
LBBL,43,49,20,,
HDHPC,59,43,400,,
MBL,45,35,50,,
CFCL,49,58,65,,
SHPC,57,47,57,,
SHPC,1,47,800,,
SADBL,13,33,36,,
SADBL,13,58,164,,
HIDCL,45,28,50,,
UPCL,59,38,27,,
NBF2,21,28,1000,,
SAHAS,58,42,10,,
BOKL,52,58,30,,
MNBBL,26,26,50,,
JBBL,26,29,265,,
JBBL,59,29,35,,
NICLBSL,42,21,10,,
UMHL,36,22,100,,
SSHL,10,57,30,,
SAHAS,3,35,10,,
SAHAS,3,35,10,,
SAHAS,3,35,10,,
SAHAS,3,4,10,,
SAHAS,3,35,10,,
SAHAS,3,1,10,,
SAHAS,3,20,10,,
SAHAS,3,53,10,,
SAHAS,3,50,10,,
SAHAS,3,58,10,,
SAHAS,3,17,10,,
NIFRA,42,41,40,,
SAHAS,3,11,10,,
SAHAS,3,45,10,,
SAHAS,3,4,20,,
KSBBL,45,58,50,,
SLICL,29,38,50,,
AHPC,6,58,485,,
AHPC,6,43,100,,
AHPC,6,52,175,,
AHPC,6,51,40,,
SHEL,58,28,500,,
HIDCL,54,28,78,,
HIDCL,54,26,422,,
BOKL,48,58,25,,
MBL,45,58,50,,
CIT,57,36,75,,
API,49,33,31,,
UPCL,59,16,973,,
UPCL,59,16,27,,
API,56,58,27,,
API,35,58,13,,
API,51,58,30,,
JBLB,59,43,10,,
MEGA,52,48,13,,
MEN,29,38,10,,
ULI,47,21,10,,
PCBL,22,4,100,,
PCBL,22,18,154,,
NUBL,32,26,100,,
GBIME,29,29,101,,
GBIME,48,29,11,,
CFCL,38,39,100,,
KPCL,32,43,30,,
AIL,48,14,50,,
MNBBL,56,26,61,,
NICA,42,43,100,,
NICA,11,43,300,,
NICA,42,43,10,,
NICA,38,43,256,,
MLBS,14,57,10,,
NUBL,7,26,15,,
NUBL,35,26,30,,
KSBBL,57,32,50,,
STC,47,47,10,,
MHNL,52,57,30,,
BOKL,45,58,10,,
MMF1,50,52,200,,
NTC,39,36,100,,
NUBL,35,45,170,,
JLI,42,17,10,,
NLIC,43,58,40,,
NLIC,43,20,10,,
MBL,43,17,10,,
CFCL,38,39,250,,
LBBL,14,49,30,,
PLIC,49,58,60,,
SHINE,57,21,100,,
SHINE,57,21,100,,
SHINE,42,21,70,,
SHINE,11,21,200,,
HDHPC,58,38,30,,
CHL,14,58,58,,
NUBL,26,45,50,,
NMB,34,55,20,,
NGPL,38,42,50,,
NGPL,1,42,300,,
NGPL,28,42,2000,,
NGPL,14,42,300,,
NGPL,22,42,100,,
NGPL,38,42,50,,
NGPL,43,42,355,,
NGPL,47,42,30,,
NGPL,32,42,50,,
NGPL,52,42,10,,
NGPL,49,42,1769,,
PFL,32,34,25,,
API,57,33,500,,
NUBL,58,45,18,,
FMDBL,14,57,150,,
ULI,47,8,10,,
SKBBL,53,38,10,,
SKBBL,48,38,40,,
NUBL,17,42,60,,
NUBL,48,45,50,,
NUBL,4,45,50,,
KPCL,26,5,41,,
PRVU,57,42,100,,
SHEL,58,21,100,,
TPC,58,32,10,,
CCBL,32,45,214,,
MNBBL,29,26,200,,
MEGA,58,48,100,,
PICL,22,47,14,,
RADHI,13,58,50,,
SBL,41,36,300,,
IGI,45,34,50,,
JBLB,55,58,10,,
NUBL,26,45,50,,
API,52,33,30,,
CBBL,45,16,50,,
ULI,47,38,10,,
EIC,26,38,80,,
SGI,49,49,10,,
UMHL,32,53,10,,
GLH,42,17,10,,
API,1,36,50,,
API,34,36,10,,
API,49,36,211,,
HDHPC,50,38,400,,
SSHL,6,57,1000,,
JOSHI,38,22,50,,
JOSHI,48,22,50,,
SHPC,1,47,200,,
SHPC,44,47,500,,
SHPC,40,47,100,,
SHPC,35,47,200,,
ICFC,45,38,48,,
CHDC,48,57,25,,
CHDC,41,57,20,,
CHDC,41,57,15,,
CHDC,50,57,10,,
CHDC,17,57,30,,
MNBBL,35,26,40,,
NGPL,49,42,231,,
NGPL,45,42,20,,
NGPL,49,42,100,,
NGPL,4,42,50,,
BFC,19,14,100,,
NGPL,33,42,100,,
NGPL,45,42,300,,
NGPL,14,42,50,,
NGPL,52,42,50,,
NGPL,6,42,10,,
NGPL,46,42,100,,
NGPL,41,42,300,,
NGPL,35,42,400,,
NGPL,38,42,20,,
NGPL,1,42,55,,
NGPL,26,42,50,,
NGPL,58,42,20,,
NGPL,49,42,100,,
NGPL,21,42,40,,
NGPL,33,42,250,,
NGPL,41,42,50,,
NGPL,35,42,20,,
NGPL,29,42,20,,
NGPL,45,42,200,,
NGPL,49,42,50,,
NGPL,26,42,10,,
NGPL,26,42,100,,
NGPL,33,42,100,,
NGPL,42,42,50,,
NGPL,59,42,208,,
NGPL,50,42,100,,
NGPL,41,42,20,,
NGPL,28,42,100,,
NGPL,29,42,50,,
NGPL,35,42,10,,
NGPL,42,42,100,,
NGPL,42,42,250,,
NGPL,35,42,100,,
NGPL,45,42,200,,
NGPL,57,42,10,,
NGPL,25,42,150,,
NGPL,35,42,100,,
NGPL,49,42,100,,
NGPL,34,42,50,,
NGPL,35,42,50,,
NGPL,45,42,100,,
NGPL,29,42,100,,
NGPL,34,42,33,,
NGPL,51,42,200,,
NGPL,42,42,10,,
NGPL,14,42,25,,
NGPL,35,42,10,,
NGPL,19,42,100,,
NGPL,42,42,406,,
NGPL,13,42,10,,
NGPL,40,42,100,,
NGPL,54,42,50,,
NGPL,20,42,20,,
NGPL,21,42,10,,
NGPL,35,42,10,,
NGPL,45,42,50,,
NGPL,11,42,20,,
NGPL,47,42,20,,
NGPL,25,42,72,,
NGPL,45,42,100,,
NGPL,6,42,20,,
NGPL,49,42,420,,
NGPL,14,42,200,,
NGPL,14,42,25,,
NGPL,57,42,50,,
NGPL,54,42,30,,
NGPL,43,42,500,,
NGPL,1,42,10,,
NGPL,13,42,10,,
NGPL,34,42,30,,
NGPL,28,42,1000,,
NGPL,29,42,20,,
NGPL,57,42,100,,
NGPL,45,42,50,,
NGPL,50,42,10,,
NGPL,41,42,100,,
NGPL,47,42,30,,
NGPL,26,42,200,,
NGPL,42,42,90,,
NGPL,19,42,20,,
NGPL,19,42,20,,
NGPL,58,42,120,,
NGPL,58,42,80,,
NGPL,57,42,80,,
NGPL,41,42,40,,
NGPL,42,42,300,,
NGPL,42,42,30,,
NGPL,21,42,10,,
NGPL,52,42,60,,
NGPL,59,42,80,,
NGPL,29,42,20,,
NGPL,38,42,20,,
NGPL,42,42,30,,
NGPL,45,42,45,,
NGPL,11,42,100,,
NGPL,22,42,100,,
NGPL,29,42,10,,
NGPL,57,42,40,,
NGPL,29,42,10,,
AKPL,26,58,50,,
AKJCL,58,6,178,,
AKJCL,58,26,65,,
AKJCL,58,41,100,,
MLBS,58,35,10,,
PMHPL,34,4,190,,
PMHPL,34,45,10,,
ALBSL,41,1,57,,
SLI,56,38,10,,
AKPL,26,38,50,,
NHPC,49,35,150,,
NHPC,42,35,50,,
NHPC,42,35,200,,
NHPC,1,35,100,,
MLBL,8,11,61,,
MLBL,59,11,39,,
SDLBSL,38,38,1,,
NLIC,57,42,290,,
PRVU,57,47,150,,
NUBL,34,45,50,,
BARUN,25,47,400,,
CGH,6,43,10,,
JBBL,43,21,91,,
SLICL,26,28,50,,
SLI,56,29,10,,
SADBL,33,16,51,,
SADBL,33,39,99,,
NGPL,42,38,15,,
PLI,14,42,10,,
UMHL,54,38,25,,
UMHL,49,38,225,,
SLI,57,32,10,,
BOKL,49,58,85,,
HURJA,57,42,60,,
NIFRA,21,25,420,,
NIFRA,21,45,80,,
NABIL,21,36,100,,
HURJA,32,42,20,,
NABIL,21,19,150,,
HURJA,57,42,100,,
HURJA,55,42,100,,
HURJA,14,42,300,,
HURJA,21,42,100,,
HURJA,51,42,10,,
HURJA,19,42,1000,,
HURJA,51,42,100,,
HURJA,7,42,20,,
HURJA,11,42,100,,
HURJA,39,42,200,,
HURJA,56,42,100,,
HURJA,53,42,500,,
HURJA,52,42,200,,
HURJA,25,42,10,,
HURJA,19,42,80,,
PCBL,58,18,100,,
CBBL,39,16,10,,
MLBL,59,11,50,,
NBB,45,25,40,,
MEGA,14,49,100,,
KLBSL,43,43,50,,
NLIC,32,56,16,,
PLIC,39,58,40,,
JLI,42,52,10,,
NMB,45,21,174,,
NMB,45,37,26,,
CIT,40,36,82,,
CIT,40,36,18,,
DHPL,28,41,10,,
ADBL,7,54,40,,
ADBL,7,52,10,,
ADBL,7,44,10,,
NABIL,21,36,52,,
NABIL,21,25,30,,
NABIL,21,8,100,,
NABIL,21,1,68,,
NUBL,41,45,62,,
NUBL,41,45,100,,
NUBL,41,49,38,,
NICBF,6,38,200,,
NGPL,29,1,20,,
NGPL,21,1,10,,
NGPL,40,1,30,,
NGPL,6,1,30,,
PRVU,45,47,100,,
BOKL,22,17,400,,
HIDCL,28,59,88,,
HIDCL,42,59,200,,
HIDCL,45,59,217,,
GIMES1,6,33,100,,
NUBL,49,49,200,,
SAHAS,40,45,10,,
SAHAS,40,13,10,,
SAHAS,40,58,10,,
SAHAS,40,58,10,,
SAHAS,40,55,10,,
SAHAS,40,22,10,,
NLICL,57,6,30,,
NLICL,32,6,50,,
BNT,20,58,10,,
TPC,52,42,87,,
TPC,4,42,63,,
TPC,16,42,50,,
TPC,55,42,10,,
TPC,45,42,40,,
TPC,3,42,100,,
CBL,48,16,615,,
CBL,48,14,385,,
NABIL,53,41,35,,
NLIC,38,38,1,,
NRIC,42,49,300,,
SHINE,26,58,200,,
NLIC,53,56,40,,
NRIC,13,49,50,,
SIL,51,38,10,,
GLICL,34,35,208,,
MLBL,59,11,50,,
MLBL,58,11,50,,
MLBL,38,11,50,,
NMB,32,37,974,,
NMB,32,50,10,,
NMB,32,29,16,,
UPCL,59,16,728,,
AHPC,42,51,10,,
AHPC,42,45,100,,
AHPC,42,55,100,,
AHPC,42,34,30,,
AHPC,42,16,60,,
SHL,52,45,100,,
HIDCL,3,26,30,,
NMFBS,45,4,100,,
NMFBS,33,4,50,,
NMFBS,47,4,50,,
NMFBS,47,4,20,,
NMFBS,47,4,50,,
NMFBS,43,4,25,,
NMFBS,11,4,20,,
NMFBS,44,4,200,,
NMFBS,57,4,35,,
CCBL,40,57,324,,
HIDCL,58,53,50,,
NGPL,6,43,190,,
NGPL,6,54,20,,
NGPL,6,36,14,,
NGPL,6,45,194,,
AKJCL,44,58,50,,
NRIC,48,36,55,,
AKJCL,43,26,40,,
AKJCL,43,35,65,,
KSBBL,32,58,200,,
NUBL,42,49,160,,
SLI,57,10,10,,
JBBL,43,57,150,,
JBBL,43,55,59,,
NRIC,42,49,220,,
NRIC,42,41,80,,
NHPC,52,53,50,,
SAHAS,3,59,10,,
AKPL,45,17,100,,
MLBSL,38,40,11,,
SPDL,21,57,100,,
MLBS,36,8,10,,
SHEL,1,21,20,,
NABIL,53,1,100,,
SLI,57,44,10,,
JBLB,16,53,20,,
API,45,33,100,,
PFL,32,41,29,,
SHINE,57,58,100,,
SHEL,11,21,45,,
SHEL,55,21,100,,
GBIME,48,4,14,,
RURU,51,10,10,,
NRIC,42,49,300,,
SRBL,6,16,1800,,
SRBL,6,56,200,,
TRH,43,44,100,,
API,58,33,200,,
NBF2,21,38,100,,
NRIC,6,49,1000,,
SAHAS,3,35,10,,
API,35,33,66,,
SADBL,41,39,48,,
SADBL,41,11,150,,
NGPL,17,45,30,,
HIDCL,50,26,188,,
HIDCL,50,58,512,,
CZBIL,42,22,20,,
PCBL,13,42,50,,
PCBL,49,42,50,,
SADBL,50,11,200,,
SADBL,58,11,500,,
SADBL,38,11,150,,
HIDCL,20,58,50,,
ALBSL,16,1,278,,
ALBSL,48,1,36,,
ALBSL,21,1,20,,
ALBSL,25,1,10,,
AHPC,21,16,10,,
NABIL,53,1,250,,
API,38,20,1,,
SPDL,21,53,100,,
GLH,34,42,350,,
GLH,14,42,1000,,
GLH,18,42,20,,
GLH,34,42,200,,
GLH,57,42,200,,
GLH,34,42,50,,
GLH,35,42,20,,
GLH,51,42,20,,
GLH,34,42,10,,
GLH,57,42,30,,
GLH,38,42,100,,
GLH,36,42,81,,
GLH,21,42,100,,
GLH,55,42,100,,
SJCL,34,40,50,,
PFL,32,28,50,,
PFL,32,46,15,,
NRIC,42,49,269,,
NRIC,42,38,31,,
AKJCL,17,35,10,,
JBLB,55,39,10,,
SLBBL,25,51,50,,
SLBBL,25,35,50,,
SLBBL,25,22,100,,
SLBBL,25,55,50,,
HIDCL,35,58,363,,
LBBL,16,37,50,,
GLICL,21,35,50,,
SPDL,36,53,100,,
AKJCL,49,35,530,,
AKJCL,1,35,395,,
SLI,3,33,10,,
NABIL,51,1,120,,
SAHAS,3,7,10,,
SHINE,38,58,100,,
NBL,21,57,10,,
TRH,43,26,267,,
UPCL,58,16,52,,
UPCL,45,16,20,,
UPCL,6,16,200,,
NUBL,6,49,40,,
CHL,14,57,42,,
CHL,6,57,50,,
JFL,58,50,30,,
JFL,58,32,20,,
API,25,37,30,,
API,52,37,30,,
API,43,37,16,,
CMF1,36,13,800,,
PMHPL,29,32,50,,
PMHPL,29,4,200,,
BOKL,22,42,90,,
NABIL,32,1,100,,
JLI,42,10,10,,
CBBL,41,16,10,,
CMF2,42,38,100,,
BPCL,58,57,13,,
TRH,43,49,10,,
MNBBL,21,26,30,,
NABIL,35,1,10,,
RADHI,25,58,30,,
NUBL,26,49,62,,
SHEL,11,58,85,,
AHPC,21,26,430,,
AHPC,6,26,70,,
UPPER,45,3,50,,
UPPER,45,7,40,,
UPPER,45,48,50,,
UPPER,45,42,23,,
JLI,42,49,10,,
NRN,1,42,10,,
AKPL,57,38,50,,
MEGA,22,36,65,,
MLBS,36,8,10,,
NICA,38,34,24,,
NICA,38,43,720,,
AKPL,45,40,100,,
NLICL,32,38,50,,
UPPER,57,42,84,,
UPPER,57,22,33,,
UPPER,57,51,25,,
UPPER,57,55,100,,
UPPER,57,49,258,,
NABIL,58,1,10,,
NTC,49,49,300,,
API,43,13,34,,
SHINE,51,58,1000,,
NHPC,57,53,40,,
NHPC,57,45,10,,
EBL,11,40,300,,
SAHAS,3,10,10,,
SAHAS,3,7,10,,
NIFRA,42,38,50,,
MKJC,28,45,10,,
NLIC,36,56,19,,
NLIC,36,41,31,,
KPCL,32,5,65,,
KPCL,32,58,10,,
RLI,48,49,40,,
RLI,48,6,10,,
RLI,48,10,10,,
SBL,17,56,25,,
SBL,7,56,25,,
NABIL,29,1,200,,
HIDCL,21,58,100,,
TPC,45,52,10,,
ALICL,29,41,60,,
SAHAS,3,41,10,,
NMB,8,45,1000,,
AHPC,6,47,130,,
GHL,43,57,132,,
PLI,14,49,10,,
GLH,36,42,19,,
GLH,57,42,100,,
GLH,36,42,100,,
GLH,53,42,100,,
GLH,42,42,69,,
GLH,4,42,80,,
GLH,45,42,20,,
GLH,35,42,30,,
GLH,57,42,500,,
GLH,42,42,50,,
GLH,58,42,10,,
GLH,45,42,100,,
GLH,54,42,1000,,
GLH,43,42,30,,
GLH,57,42,200,,
GLH,58,42,10,,
GLH,11,42,50,,
GLH,7,42,200,,
GLH,41,42,100,,
GLH,43,42,50,,
GLH,21,42,100,,
GLH,50,42,100,,
GLH,14,42,250,,
GLH,38,42,50,,
GLH,41,42,50,,
GLH,53,42,50,,
GLH,28,42,50,,
GLH,53,42,50,,
GLH,38,42,100,,
GLH,16,42,10,,
GLH,42,42,490,,
GLH,43,42,30,,
GLH,51,42,30,,
GLH,6,42,122,,
GLH,4,42,80,,
GLH,45,42,15,,
GLH,54,42,25,,
GLH,43,42,80,,
GLH,42,42,500,,
SANIMA,41,14,100,,
NABIL,58,1,90,,
JLI,25,38,10,,
ALBSL,25,1,20,,
ALBSL,44,1,300,,
ALBSL,28,1,20,,
ALBSL,26,1,10,,
ALBSL,43,1,15,,
ALBSL,1,1,20,,
ALBSL,42,1,20,,
ALBSL,10,1,38,,
GLBSL,20,4,10,,
NIL,33,38,30,,
NIL,41,38,20,,
NIL,36,38,50,,
CGH,17,41,50,,
SAHAS,58,7,10,,
SADBL,43,42,300,,
PCBL,16,18,50,,
NMB,8,49,480,,
NMB,32,49,20,,
NTC,7,49,965,,
NTC,8,49,185,,
NTC,48,49,50,,
MLBL,59,11,61,,
MLBL,45,11,10,,
MLBL,57,11,20,,
MLBL,6,11,80,,
MLBL,14,11,84,,
MLBL,58,11,50,,
MLBL,57,11,20,,
MLBL,1,11,50,,
MLBL,39,11,25,,
MLBL,34,11,100,,
UMHL,49,33,400,,
NRIC,48,42,50,,
KKHC,59,36,100,,
KKHC,59,39,400,,
TPC,45,10,10,,
SAHAS,48,41,10,,
UMHL,43,33,77,,
UMHL,43,54,63,,
ULI,47,16,10,,
RHPL,26,17,20,,
MFIL,44,48,30,,
MFIL,26,48,950,,
MFIL,41,48,20,,
PPCL,52,21,20,,
JBBL,59,10,15,,
NIFRA,54,21,50,,
MEGA,45,36,10,,
BPCL,34,49,10,,
NRIC,34,21,60,,
NBL,35,57,28,,
PLI,34,32,10,,
PLI,34,43,100,,
PLI,34,35,10,,
PLI,34,45,10,,
PLI,34,45,10,,
PLI,34,41,50,,
PLI,34,52,10,,
PLI,34,36,10,,
PLI,34,35,125,,
PLI,34,57,10,,
PLI,34,16,30,,
PLI,34,48,10,,
TPC,45,58,10,,
EIC,21,38,20,,
MPFL,32,29,100,,
NLG,17,19,174,,
NLG,17,36,15,,
NLG,17,6,19,,
AHPC,25,47,70,,
AHPC,25,47,330,,
HIDCL,45,45,283,,
HIDCL,20,45,17,,
SAHAS,48,10,10,,
BARUN,57,47,100,,
NRN,1,49,10,,
FMDBL,45,42,300,,
NLIC,17,56,15,,
NIFRA,20,45,50,,
AKPL,26,17,17,,
KSBBL,45,19,50,,
NUBL,22,49,15,,
CCBL,32,21,500,,
CCBL,32,57,100,,
CCBL,32,57,131,,
CCBL,32,38,200,,
CCBL,32,1,22,,
CCBL,32,7,268,,
SBL,55,36,105,,
API,43,57,50,,
API,45,37,50,,
API,45,39,26,,
NBL,17,57,31,,
TRH,43,42,170,,
HIDCL,20,41,10,,
TPC,21,25,10,,
MPFL,48,59,50,,
MEGA,53,28,85,,
JLI,42,10,10,,
EBL,11,40,100,,
SAHAS,48,7,10,,
MERO,38,48,20,,
SWBBL,34,29,10,,
SWBBL,34,3,40,,
SJCL,57,40,880,,
SJCL,57,52,20,,
NIFRA,21,45,30,,
EBL,19,40,50,,
JBLB,39,41,10,,
MLBL,43,38,50,,
MLBL,43,58,250,,
NLG,17,17,100,,
NLG,17,45,20,,
NLG,17,38,22,,
NLG,17,33,100,,
NLG,17,14,16,,
NLIC,58,56,10,,
CLBSL,43,39,17,,
HIDCL,20,38,23,,
CGH,38,41,50,,
HIDCL,35,38,77,,
GBBL,38,28,245,,
NRIC,34,49,10,,
NRIC,19,49,30,,
ADBL,17,44,10,,
NABIL,47,1,30,,
SCB,57,17,20,,
SCB,57,37,30,,
NUBL,35,49,71,,
NUBL,35,36,29,,
CCBL,32,7,67,,
AHPC,48,47,490,,
AHPC,48,21,10,,
MLBL,28,20,200,,
DDBL,17,49,25,,
UPPER,42,56,50,,
UPPER,42,53,50,,
PRVU,51,47,10,,
JLI,42,32,10,,
JLI,42,58,10,,
JLI,42,43,350,,
JLI,42,58,10,,
JLI,42,54,10,,
PRVU,13,47,656,,
PRVU,13,47,2500,,
PRVU,13,39,344,,
NUBL,1,36,50,,
NUBL,41,36,21,,
MLBL,43,20,500,,
ALICL,29,29,90,,
KKHC,22,36,10,,
AKPL,35,40,124,,
AKPL,35,28,44,,
AKPL,35,57,132,,
PFL,32,22,100,,
PFL,32,11,10,,
MEGA,34,36,25,,
MEGA,34,55,474,,
MEGA,34,29,20,,
MEGA,34,42,270,,
MEGA,34,49,949,,
MEGA,34,42,562,,
NRIC,34,34,100,,
GBBL,32,28,40,,
UPCL,6,45,100,,
NTC,49,49,100,,
NGPL,40,33,20,,
GBIME,35,36,25,,
SIC,53,45,49,,
AKPL,35,38,40,,
ULI,47,10,10,,
KBL,21,52,10,,
BFC,28,36,50,,
RLFL,57,46,18,,
ALICL,49,29,910,,
ALICL,49,38,90,,
AKJCL,28,26,215,,
EIC,47,49,200,,
NHPC,45,57,10,,
SHEL,42,17,10,,
NLIC,57,56,300,,
RHPL,22,17,20,,
KRBL,13,43,50,,
MLBSL,32,47,10,,
MLBSL,8,47,10,,
MLBSL,58,47,20,,
MLBSL,3,47,20,,
MLBSL,11,47,10,,
MLBSL,22,47,20,,
MLBSL,34,47,50,,
GBBL,41,28,100,,
JFL,52,32,15,,
NMFBS,57,49,35,,
NMFBS,32,49,22,,
KEF,48,58,100,,
HIDCL,35,19,23,,
UPPER,37,53,100,,
NUBL,33,49,300,,
GLBSL,35,4,25,,
GLBSL,48,4,85,,
CBL,43,14,100,,
CBL,43,58,100,,
LBBL,43,33,222,,
LBBL,43,58,48,,
LBBL,43,34,30,,
NGPL,57,5,60,,
SAHAS,49,11,140,,
NICA,45,43,30,,
UMHL,43,41,130,,
AKPL,35,58,34,,
NLIC,22,36,40,,
CHCL,49,38,71,,
CHCL,57,38,29,,
SAHAS,45,10,10,,
SSHL,25,57,300,,
SSHL,32,57,100,,
CMF2,45,14,2000,,
NLIC,14,36,100,,
NGPL,57,8,100,,
AIL,35,14,100,,
GBBL,51,52,80,,
GBBL,14,52,20,,
GBIME,21,36,100,,
RHPL,49,26,800,,
TPC,45,57,10,,
NUBL,1,49,200,,
KPCL,32,5,45,,
CZBIL,53,22,980,,
CZBIL,53,54,20,,
MNBBL,52,26,100,,
MHNL,17,21,50,,
MHNL,17,36,40,,
MHNL,17,36,70,,
MHNL,17,57,50,,
MHNL,17,37,85,,
ULI,47,17,10,,
CCBL,45,7,80,,
CCBL,45,17,120,,
HURJA,19,6,20,,
GBBL,21,28,50,,
SLICL,45,28,48,,
SLICL,45,49,52,,
SSHL,42,40,50,,
UPPER,29,53,310,,
UPPER,38,53,40,,
NLIC,35,36,10,,
NLIC,6,36,10,,
NLIC,55,36,10,,
NLIC,58,36,10,,
NLIC,50,36,20,,
NLIC,57,36,366,,
HIDCL,58,19,27,,
AHPC,58,47,280,,
GHL,19,38,45,,
PRVU,57,41,50,,
MLBL,21,43,200,,
NABIL,55,1,100,,
CHCL,48,26,800,,
CHCL,58,26,15,,
CHCL,53,26,30,,
CHCL,21,26,500,,
CHCL,34,26,20,,
CHCL,44,26,202,,
CHCL,29,26,200,,
CHCL,6,26,60,,
CHCL,53,26,18,,
CHCL,13,26,100,,
CHCL,4,26,200,,
CHCL,45,26,50,,
CHCL,44,26,50,,
CHCL,22,26,200,,
CHCL,34,26,50,,
CHCL,6,26,176,,
CHCL,58,26,200,,
CHCL,43,26,50,,
NLIC,57,6,34,,
MLBL,6,43,50,,
SKBBL,11,22,34,,
SHEL,42,58,10,,
GIC,49,19,20,,
CHCL,57,26,71,,
CHCL,4,26,200,,
CHCL,21,26,500,,
CHCL,46,26,818,,
CHCL,25,26,100,,
CHCL,29,26,50,,
NMBMF,28,49,170,,
CHCL,25,26,100,,
NMBMF,1,49,10,,
CHCL,10,26,250,,
CHCL,45,26,500,,
CHCL,1,26,15,,
GUFL,5,28,12,,
PRVU,21,39,100,,
ADBL,40,52,290,,
ADBL,40,41,80,,
ADBL,40,39,130,,
ICFC,52,46,30,,
NABIL,59,16,10,,
SLCF,33,58,100,,
JBLB,39,22,10,,
JBLB,39,16,10,,
SHPC,38,56,71,,
JFL,46,29,200,,
PROFL,28,34,500,,
SADBL,43,36,12,,
SADBL,32,36,88,,
HIDCL,38,47,860,,
HIDCL,59,47,140,,
MLBL,26,43,500,,
MERO,49,48,20,,
MERO,34,48,50,,
TPC,45,26,10,,
SLI,56,49,10,,
MLBL,32,43,150,,
SLI,56,17,10,,
SAHAS,49,45,10,,
CHCL,40,45,280,,
NABIL,57,1,200,,
UPPER,38,32,60,,
SAHAS,49,46,10,,
MEGA,26,52,250,,
CBBL,57,16,20,,
CBBL,37,16,40,,
GLBSL,48,4,15,,
GLBSL,45,4,15,,
PCBL,48,18,50,,
AKPL,34,28,70,,
GILB,56,37,200,,
NLG,28,45,18,,
NRIC,34,49,30,,
CHL,25,45,200,,
CHL,25,44,38,,
CHL,25,51,100,,
NMB,54,42,110,,
AKPL,10,38,10,,
LBBL,32,55,500,,
KBL,55,16,50,,
API,48,21,197,,
API,48,58,300,,
API,48,45,300,,
API,48,36,99,,
API,48,48,80,,
API,48,3,24,,
JBLB,39,28,10,,
JBLB,39,58,10,,
NIFRA,54,49,10,,
JLI,11,17,10,,
NABIL,28,1,168,,
SHINE,59,58,100,,
CBL,44,14,15,,
CBL,44,54,10,,
SAHAS,49,58,10,,
SLI,56,41,10,,
ULI,21,10,10,,
UPCL,6,19,200,,
MNBBL,4,52,200,,
JBBL,6,43,150,,
JBBL,6,38,100,,
JBBL,6,58,317,,
JBBL,6,11,298,,
SLICL,26,28,200,,
BFC,42,26,140,,
NABIL,59,6,30,,
NABIL,13,6,50,,
HDL,56,5,10,,
SLI,56,46,10,,
HIDCL,26,19,150,,
HIDCL,26,51,50,,
SKBBL,11,35,25,,
GBIME,58,36,20,,
SIL,51,17,19,,
GLBSL,45,4,85,,
GLBSL,43,4,15,,
UMHL,6,41,200,,
SAHAS,49,44,10,,
JLI,11,58,10,,
CHDC,41,10,10,,
NUBL,35,49,100,,
NABIL,57,1,112,,
UMHL,50,41,140,,
UMHL,50,26,60,,
MNBBL,4,40,100,,
GFCL,6,32,50,,
JBLB,59,58,10,,
NIFRA,54,49,50,,
NICA,49,43,50,,
KSBBL,47,58,300,,
KSBBL,47,43,85,,
SFCL,38,6,300,,
GBBL,14,21,10,,
GBBL,14,14,30,,
GBBL,14,55,40,,
BFC,21,26,60,,
BFC,21,45,20,,
BFC,21,57,20,,
BFC,21,59,50,,
API,51,29,20,,
NABBC,32,6,20,,
NICA,51,43,50,,
MBL,1,58,50,,
MFIL,57,45,150,,
MFIL,57,36,50,,
PMHPL,29,56,40,,
PMHPL,41,56,100,,
NUBL,17,49,75,,
NBL,17,57,10,,
SBI,49,49,1221,,
JBLB,42,49,10,,
SLI,56,38,10,,
MLBL,39,34,25,,
SSHL,54,57,200,,
SSHL,54,39,50,,
CGH,14,10,10,,
CBBL,58,33,20,,
HIDCL,59,28,964,,
CFCL,38,29,380,,
AKPL,36,28,386,,
AHPC,58,57,149,,
KKHC,59,58,500,,
NLIC,34,56,10,,
NRIC,1,49,10,,
EDBL,33,38,10,,
EDBL,33,38,10,,
EDBL,33,38,20,,
ALBSL,10,20,12,,
GUFL,5,1,20,,
GUFL,5,1,100,,
GUFL,5,38,30,,
NICA,5,43,20,,
SADBL,32,44,12,,
SAHAS,51,46,10,,
NICLBSL,58,42,20,,
MEGAPO,45,41,26897,,
MFIL,41,50,180,,
SRBL,49,51,500,,
AHPC,14,21,100,,
PLI,49,21,10,,
HIDCL,59,28,796,,
SIFC,46,52,40,,
HIDCL,1,28,1000,,
ADBL,48,21,80,,
MFIL,17,50,20,,
API,3,3,170,,
API,3,58,20,,
MLBL,35,34,25,,
API,3,21,310,,
JBLB,42,58,10,,
CGH,32,46,10,,
AKPL,10,38,40,,
CFCL,38,29,100,,
KSBBL,57,43,100,,
TPC,58,42,10,,
GLBSL,10,4,50,,
GLBSL,34,4,10,,
GLBSL,58,4,70,,
GLBSL,25,4,10,,
GLBSL,41,4,30,,
GBBL,19,41,50,,
ULI,51,32,10,,
ULI,51,58,10,,
ULI,51,49,10,,
SLICL,59,4,370,,
KSBBL,41,43,100,,
KSBBL,41,6,250,,
TPC,45,44,10,,
NIL,17,45,57,,
HIDCL,7,28,190,,
SIGS2,41,38,100,,
MLBS,58,46,10,,
PRVU,57,1,100,,
SLI,42,50,10,,
SLI,42,34,10,,
NBL,42,57,80,,
NMB,32,45,100,,
NBL,11,38,30,,
UPCL,6,40,500,,
AHPC,14,38,50,,
NCCB,56,42,10,,
NUBL,50,49,10,,
NTC,44,28,5,,
SLICL,59,13,345,,
SIFC,34,52,10,,
AKPL,50,49,50,,
NLIC,22,14,10,,
GBBL,38,55,10,,
NFS,41,58,100,,
ICFC,20,48,280,,
ICFC,20,28,100,,
ICFC,20,54,20,,
HIDCL,32,28,100,,
ULI,1,59,10,,
ULI,1,58,10,,
ULI,1,6,20,,
ULI,1,18,10,,
GIC,39,49,10,,
JLI,11,21,10,,
SAHAS,29,46,10,,
UMHL,57,58,110,,
UMHL,57,53,22,,
AHPC,14,58,60,,
GHL,25,38,40,,
HIDCL,6,28,300,,
FMDBL,42,58,90,,
JBLB,39,28,49,,
NBL,58,57,32,,
NRIC,45,38,100,,
HIDCL,48,28,170,,
GLH,43,6,10,,
GFCL,59,32,50,,
GFCL,59,35,50,,
CLBSL,18,39,279,,
CLBSL,18,44,17,,
NGPL,17,8,10,,
PROFL,56,33,20,,
PROFL,56,54,30,,
HIDCL,45,28,20,,
SPDL,41,21,25,,
MNBBL,57,40,50,,
MNBBL,29,40,100,,
NGPL,34,8,200,,
UPPER,29,8,100,,
NICBF,6,38,200,,
CGH,7,50,10,,
NLIC,35,36,10,,
AKPL,35,10,10,,
NBL,14,57,25,,
NTC,59,19,300,,
NHPC,50,57,320,,
NHPC,50,5,80,,
NUBL,35,49,100,,
AKJCL,1,38,105,,
CHDC,41,49,10,,
AKJCL,44,14,580,,
AKJCL,26,14,500,,
UMHL,21,53,20,,
CBBL,57,33,17,,
MNBBL,50,26,10,,
SANIMA,44,36,50,,
SANIMA,44,45,500,,
SANIMA,44,33,143,,
MLBL,35,43,100,,
AHPC,33,57,50,,
GMFBS,34,38,50,,
RLI,59,45,28,,
RLI,59,36,10,,
RLI,59,58,10,,
RLI,59,41,10,,
NHPC,14,5,160,,
NUBL,52,49,20,,
GBIME,34,49,1300,,
GBIME,4,49,100,,
GBIME,38,49,50,,
GBIME,45,49,100,,
GBIME,19,49,100,,
GBIME,14,49,200,,
GBIME,26,49,150,,
SAHAS,29,58,10,,
HIDCL,35,28,300,,
CFCL,38,38,10,,
CFCL,58,38,90,,
UMHL,5,53,50,,
NHPC,14,42,50,,
UPPER,29,57,90,,
GBBL,19,26,515,,
PCBL,6,18,10,,
AKPL,55,49,100,,
SABSL,58,21,12,,
API,45,33,128,,
SAHAS,29,46,10,,
AKPL,50,13,50,,
NTC,8,22,15,,
HIDCL,35,16,12,,
ULI,21,18,10,,
SLICL,44,13,200,,
NHPC,14,58,30,,
ALICL,32,29,800,,
ALICL,38,29,200,,
RLFL,26,58,30,,
RLFL,26,34,70,,
NUBL,58,49,100,,
SHPC,59,56,460,,
SHPC,59,5,40,,
NLG,1,11,10,,
NICA,41,43,130,,
SBL,26,36,88,,
AKPL,50,38,10,,
HIDCL,45,28,50,,
SCB,29,37,10,,
HIDCL,38,28,74,,
HIDCL,38,16,126,,
NRIC,6,38,369,,
NRIC,6,55,50,,
NRIC,6,50,40,,
NRIC,6,14,10,,
NRIC,6,3,100,,
NRIC,6,53,40,,
NRIC,6,29,40,,
NRIC,6,55,80,,
NRIC,6,56,40,,
NRIC,6,44,50,,
NRIC,6,45,10,,
NRIC,6,51,50,,
NRIC,6,34,100,,
NRIC,6,8,50,,
NRIC,6,39,215,,
NRIC,6,42,25,,
NRIC,6,45,20,,
NRIC,6,58,61,,
NRIC,6,19,50,,
NRIC,6,58,50,,
NRIC,6,17,20,,
NRIC,6,25,10,,
NRIC,6,43,10,,
NRIC,6,41,10,,
NRIC,3,49,17,,
SANIMA,49,49,1890,,
NRIC,47,49,23,,
CHCL,29,45,220,,
LICN,34,59,50,,
NMFBS,57,58,30,,
NIFRA,21,21,60,,
MLBS,45,57,10,,
RLFL,57,29,182,,
CBBL,38,33,50,,
NLIC,21,34,90,,
HIDCL,14,16,300,,
NIFRA,21,16,109,,
NRIC,47,8,27,,
HIDCL,35,16,50,,
NMB,57,45,100,,
MKJC,28,49,10,,
MNBBL,38,26,20,,
BOKL,34,42,10,,
HDHPC,46,58,100,,
MEGA,41,42,200,,
NIFRA,32,16,100,,
ULI,21,18,10,,
SBL,17,4,100,,
NRIC,41,8,10,,
AKPL,50,53,100,,
AKPL,50,37,410,,
NCCB,25,42,50,,
NCCB,49,42,50,,
NLICL,32,55,100,,
API,55,33,200,,
JBBL,19,58,113,,
JBBL,19,28,200,,
JBBL,19,21,10,,
JBBL,19,19,10,,
JBBL,19,13,136,,
JBBL,19,14,31,,
NRIC,3,28,15,,
UPCL,36,16,1000,,
SAPDBL,8,45,111,,
SAPDBL,8,17,139,,
NCCB,11,29,188,,
MMF1,50,7,500,,
MMF1,33,7,700,,
MMF1,49,7,500,,
MMF1,16,7,300,,
ULI,21,6,80,,
ULI,21,49,10,,
ULI,21,52,10,,
RLI,57,52,10,,
GUFL,32,45,50,,
AKJCL,38,38,100,,
GBBL,38,35,20,,
KSBBL,59,42,100,,
KSBBL,59,58,500,,
KSBBL,59,33,2600,,
MEGA,39,42,100,,
UMHL,58,53,10,,
GHL,25,45,460,,
GHL,8,45,40,,
EBL,36,33,218,,
BFC,51,10,14,,
BFC,51,10,16,,
GBIME,29,36,50,,
API,57,33,20,,
API,1,33,50,,
API,14,33,30,,
API,22,33,412,,
API,33,33,160,,
HIDCL,35,16,60,,
NIL,17,38,36,,
RURU,51,22,10,,
MLBL,36,20,100,,
HIDCL,1,16,50,,
SBL,17,42,20,,
HDHPC,51,38,500,,
CGH,48,41,100,,
NIFRA,56,16,40,,
GBBL,58,35,80,,
SHPC,37,5,10,,
PCBL,25,18,20,,
CBL,55,57,16,,
SHINE,57,58,112,,
GFCL,59,34,130,,
BARUN,55,36,200,,
GLH,43,6,10,,
SAPDBL,58,17,475,,
AKPL,50,37,10,,
JBBL,54,49,105,,
NHPC,14,53,60,,
LICN,10,59,68,,
UMRH,41,38,10,,
NIFRA,35,16,25,,
NIFRA,43,16,50,,
NIFRA,58,16,16,,
NIFRA,41,16,10,,
NIFRA,45,16,10,,
NIFRA,29,16,340,,
GHL,8,38,250,,
MLBS,25,57,10,,
UPPER,35,58,200,,
AKJCL,33,38,200,,
PMHPL,54,41,10,,
NUBL,21,49,100,,
MNBBL,38,26,200,,
HIDCL,35,37,125,,
HIDCL,4,37,175,,
NUBL,29,49,50,,
UNHPL,5,32,100,,
UPCL,59,25,300,,
MFIL,26,35,50,,
PCBL,17,18,10,,
IGI,32,39,1000,,
ULI,44,10,10,,
NRIC,49,28,100,,
NRIC,41,28,100,,
NRIC,34,28,25,,
NRIC,38,28,60,,
PPCL,34,57,100,,
PPCL,34,33,39,,
NHPC,34,53,50,,
KSBBL,14,33,50,,
UMHL,1,17,300,,
UMHL,1,41,606,,
UMHL,1,25,50,,
UMHL,1,57,20,,
NHPC,7,53,55,,
NHPC,21,53,35,,
HIDCL,58,16,50,,
NRIC,35,8,13,,
CMF1,41,42,5000,,
SFCL,3,35,20,,
SAHAS,29,49,10,,
ULI,44,38,10,,
PIC,13,33,50,,
PIC,43,33,30,,
SINDU,41,33,100,,
PIC,5,33,20,,
HDL,50,35,10,,
HIDCL,52,16,117,,
HIDCL,7,16,500,,
HIDCL,35,16,45,,
HIDCL,35,16,500,,
HIDCL,57,16,832,,
HIDCL,19,16,40,,
HIDCL,49,16,383,,
SLI,56,49,10,,
JLI,34,34,10,,
JBLB,20,28,50,,
PROFL,57,47,100,,
PROFL,57,47,200,,
NMB,32,58,100,,
KSBBL,58,43,90,,
KSBBL,39,43,10,,
SAHAS,29,10,10,,
API,22,58,10,,
NIFRA,32,58,60,,
SWBBL,34,3,50,,
EBL,36,45,21,,
EBL,36,44,350,,
RLI,59,14,10,,
NBL,11,29,80,,
NBL,11,58,30,,
HIDCL,49,48,117,,
CHDC,41,39,10,,
GBIME,33,36,10,,
SLI,56,19,10,,
GBIME,22,36,50,,
HDHPC,46,38,65,,
HDHPC,46,56,100,,
HDHPC,46,22,85,,
HDHPC,46,25,250,,
CBBL,19,33,60,,
API,22,41,62,,
EBL,45,44,500,,
TRH,43,17,20,,
SFCL,49,34,55,,
SFCL,49,47,300,,
SFCL,49,41,245,,
AHPC,8,57,101,,
AHPC,8,39,23,,
MLBL,35,43,29,,
MLBL,35,42,50,,
MNBBL,36,42,50,,
JLI,11,6,10,,
BPCL,58,58,10,,
NIFRA,29,38,50,,
NUBL,57,25,38,,
NUBL,57,33,10,,
NUBL,57,26,93,,
ADBL,52,21,48,,
ADBL,52,42,45,,
HIDCL,57,16,100,,
AKPL,36,38,50,,
NHPC,21,38,20,,
PPCL,33,33,360,,
PPCL,33,10,10,,
PPCL,33,58,100,,
PPCL,33,58,30,,
CHDC,41,10,10,,
HDHPC,16,14,285,,
GBBL,57,58,100,,
AKPL,50,37,80,,
AKPL,50,26,670,,
AKPL,50,21,50,,
JBLB,4,21,20,,
CHCL,29,58,280,,
UPPER,26,58,100,,
HDHPC,58,14,15,,
NUBL,39,26,100,,
HDL,56,40,50,,
HDL,56,49,65,,
HDL,56,13,60,,
HDL,56,41,14,,
BFC,51,54,15,,
BFC,51,1,19,,
SHINE,26,45,100,,
NUBL,41,26,50,,
MKLB,57,35,50,,
NLIC,21,45,10,,
CGH,28,45,10,,
NHPC,28,5,240,,
NHPC,28,34,10,,
NHPC,28,41,50,,
MLBL,14,20,200,,
SAHAS,29,58,10,,
BPCL,46,58,50,,
SANIMA,34,33,50,,
RADHI,53,35,10,,
HIDCL,57,38,20,,
SLICL,48,13,200,,
BOKL,34,58,100,,
SANIMA,1,13,200,,
SANIMA,17,13,100,,
HDL,25,13,20,,
NUBL,10,26,10,,
NCCB,21,29,200,,
CBL,51,57,100,,
CBL,1,57,10,,
CBL,44,57,71,,
UMHL,55,41,100,,
API,22,20,16,,
API,55,20,23,,
RADHI,17,35,50,,
AHPC,8,44,50,,
AHPC,8,45,76,,
AKPL,50,21,25,,
AKPL,50,40,150,,
AKPL,50,38,500,,
AKPL,50,6,58,,
AKPL,50,57,67,,
MLBS,45,43,10,,
NUBL,42,26,200,,
PLI,34,41,10,,
PLI,34,49,10,,
PLI,34,14,10,,
ILBS,34,10,10,,
SHINE,51,49,40,,
SHINE,51,42,80,,
SHINE,51,52,252,,
GBIME,49,36,20,,
NICLBSL,4,11,17,,
GLICL,34,35,32,,
GLICL,34,17,260,,
NRIC,35,56,128,,
NIL,16,58,75,,
MLBL,35,44,12,,
SGI,49,38,10,,
KSBBL,45,33,200,,
PRVU,47,1,200,,
AHPC,44,45,24,,
AHPC,44,53,476,,
NIL,14,58,36,,
HDHPC,28,14,1000,,
HDHPC,42,14,300,,
HDHPC,34,14,100,,
HDHPC,21,14,100,,
HIDCL,57,19,200,,
GLH,14,19,100,,
NUBL,43,26,50,,
GIC,49,58,20,,
GIC,49,19,30,,
GIC,49,42,20,,
GIC,49,29,10,,
GIC,49,26,100,,
GIC,49,26,50,,
GIC,49,6,50,,
GIC,49,54,90,,
GIC,49,26,10,,
GIC,49,38,10,,
GUFL,21,45,40,,
LBBL,32,48,85,,
LBBL,32,38,40,,
PCBL,48,18,10,,
HIDCL,57,45,260,,
HIDCL,57,28,938,,
AKJCL,57,38,30,,
AKJCL,19,38,65,,
UMHL,55,41,200,,
MKLB,51,42,10,,
NRIC,36,10,50,,
NBL,17,57,20,,
MLBL,14,26,916,,
MLBL,57,26,84,,
API,28,21,190,,
API,28,32,114,,
API,28,19,16,,
KMCDB,35,57,10,,
HDHPC,52,25,50,,
JBBL,28,58,2488,,
MNBBL,42,42,20,,
CGH,49,41,40,,
PLI,49,6,10,,
NUBL,34,26,300,,
GBBL,4,42,15,,
NRIC,35,7,59,,
ILBS,34,10,10,,
HDHPC,38,25,200,,
HIDCL,32,28,200,,
NICA,34,34,100,,
NICA,34,36,125,,
FMDBL,11,58,100,,
CBBL,37,17,60,,
CBBL,14,17,20,,
CBBL,45,17,20,,
HPPL,59,49,10,,
ULI,44,52,10,,
ULI,44,34,10,,
ULI,44,46,10,,
NIFRA,29,59,50,,
LBBL,38,55,190,,
LBBL,55,55,10,,
LBBL,43,55,200,,
LBBL,55,55,100,,
RADHI,42,35,70,,
RADHI,42,8,30,,
NFS,53,57,75,,
NFS,53,22,10,,
NHPC,42,41,150,,
NHPC,42,50,100,,
DDBL,58,16,29,,
SLI,56,1,10,,
NICA,11,41,60,,
RHPL,26,54,50,,
RHPL,26,21,10,,
MKLB,14,35,20,,
MKLB,58,35,30,,
GLH,58,19,10,,
GLH,34,19,90,,
NLIC,1,1,1,,
KSBBL,39,58,290,,
NICLBSL,4,51,90,,
UMHL,55,41,200,,
SLI,56,41,10,,
KSBBL,42,58,10,,
HIDCL,14,28,100,,
GFCL,55,13,200,,
MNBBL,16,42,29,,
SPDL,41,57,85,,
MKJC,28,58,10,,
HDL,14,19,10,,
HIDCL,57,28,762,,
HIDCL,57,34,200,,
HIDCL,57,26,847,,
HIDCL,57,56,300,,
HIDCL,57,58,60,,
HIDCL,57,34,331,,
SAHAS,38,4,300,,
GBIME,58,36,20,,
ULI,21,43,10,,
NIL,38,58,20,,
NIL,26,58,19,,
NIL,45,58,40,,
HIDCL,21,34,20,,
NICA,35,41,30,,
HIDCL,4,49,325,,
API,40,35,92,,
API,40,6,108,,
NLIC,35,57,15,,
NICL,37,41,20,,
NICL,37,38,16,,
SAHAS,29,58,10,,
NMBMF,1,1,1,,
MLBL,57,43,416,,
MLBL,50,43,165,,
MLBL,48,43,20,,
MLBL,59,43,300,,
MLBL,58,43,570,,
PLI,49,58,28,,
PLI,57,58,50,,
PLI,32,58,12,,
PLI,16,58,20,,
PLI,39,58,30,,
SAHAS,57,10,10,,
TPC,19,42,10,,
TPC,19,22,10,,
CZBIL,41,58,70,,
API,55,34,187,,
API,41,34,13,,
API,36,34,50,,
SHINE,54,52,10,,
SMFDB,42,16,25,,
SSHL,25,48,500,,
NTC,40,47,55,,
HIDCL,29,34,60,,
AKJCL,3,26,10,,
SABSL,48,33,100,,
MLBL,58,34,1100,,
MLBL,58,22,100,,
MLBL,58,26,30,,
GBBL,22,42,100,,
NLIC,38,57,15,,
NLIC,38,51,33,,
MLBS,38,45,10,,
MLBS,38,35,10,,
NLIC,38,36,20,,
MLBS,38,49,10,,
NLIC,38,40,132,,
MLBS,38,51,10,,
NGPL,45,58,20,,
NHPC,35,42,200,,
NHPC,26,42,100,,
NHPC,42,42,45,,
NHPC,34,42,500,,
NHPC,14,42,300,,
SLI,56,34,10,,
MLBL,5,26,250,,
NGPL,57,33,60,,
NGPL,57,58,10,,
NGPL,57,58,10,,
NGPL,57,58,20,,
AHPC,49,38,1000,,
AHPC,49,16,1297,,
KSBBL,36,33,100,,
UPCL,59,36,50,,
UPCL,59,46,200,,
UPCL,59,3,100,,
UPCL,59,51,30,,
UPCL,59,35,20,,
UPCL,59,58,10,,
UPCL,59,44,35,,
DHPL,51,49,100,,
SFCL,45,41,200,,
GLH,34,34,10,,
NBB,32,52,300,,
AKPL,36,38,50,,
AKPL,36,52,14,,
UIC,39,41,40,,
AKPL,16,49,124,,
DHPL,57,48,90,,
DHPL,6,48,10,,
AHPC,57,16,250,,
JBBL,57,58,352,,
BOKL,17,58,33,,
UMHL,25,41,200,,
JBBL,32,58,54,,
GBBL,58,42,100,,
SSHL,54,58,500,,
NHPC,21,45,145,,
EIC,26,49,100,,
NRIC,16,38,50,,
HDHPC,16,41,100,,
HDHPC,16,13,20,,
HDHPC,16,58,55,,
NIFRA,59,49,50,,
SFCL,20,41,50,,
MLBL,45,43,100,,
SAHAS,57,45,10,,
MLBL,45,43,10,,
SAHAS,56,10,10,,
LBBL,55,47,200,,
CFCL,38,38,210,,
TRH,43,50,20,,
ICFC,57,20,300,,
JFL,40,8,50,,
ICFC,28,35,10,,
HDHPC,3,58,20,,
SPDL,54,57,15,,
HDHPC,28,58,25,,
HDHPC,28,58,55,,
HDHPC,28,44,20,,
HDHPC,28,47,200,,
MFIL,53,5,50,,
NHPC,35,45,100,,
NLIC,21,40,10,,
CMF1,21,16,2000,,
KPCL,58,50,60,,
KPCL,58,50,20,,
KPCL,22,50,100,,
KPCL,37,50,20,,
SADBL,51,58,50,,
NHDL,58,28,10,,
AHPC,8,16,500,,
NIFRA,57,21,50,,
NICA,45,41,10,,
NHPC,45,45,250,,
NHPC,45,42,200,,
MEGA,32,42,110,,
JBBL,52,58,60,,
SGI,49,26,10,,
MLBL,50,43,300,,
GBBL,1,58,50,,
GBBL,1,49,50,,
SAHAS,57,4,180,,
SAHAS,57,41,10,,
SAHAS,57,54,10,,
SAHAS,57,22,10,,
SAHAS,57,38,10,,
SAHAS,57,42,10,,
SAHAS,57,32,10,,
SAHAS,57,49,10,,
SAHAS,57,52,10,,
SAHAS,57,58,10,,
SAHAS,57,45,10,,
SAHAS,57,54,10,,
SAHAS,57,59,10,,
NHPC,38,42,2000,,
NHPC,58,42,139,,
NHPC,45,42,200,,
NHPC,34,42,300,,
SHPC,42,21,100,,
SANIMA,35,40,20,,
JBBL,48,58,46,,
JBBL,48,32,30,,
JBBL,48,51,22,,
MFIL,8,5,50,,
CZBIL,17,57,50,,
JBLB,4,45,10,,
DDBL,21,35,200,,
API,49,38,100,,
API,49,38,20,,
NICLBSL,4,6,100,,
CFCL,38,58,100,,
ICFC,21,36,200,,
HIDCL,38,34,45,,
SSHL,54,1,50,,
DHPL,6,36,190,,
MEGA,58,42,20,,
JBLB,4,39,10,,
NHPC,34,13,400,,
RLI,57,26,10,,
CFCL,38,45,50,,
NUBL,41,26,50,,
MNBBL,41,26,30,,
AKPL,42,52,100,,
GFCL,45,13,200,,
GFCL,45,21,200,,
GFCL,45,26,100,,
GFCL,45,21,100,,
AHPC,28,16,1500,,
HIDCL,35,22,299,,
HIDCL,19,22,10,,
NRIC,3,56,49,,
NRIC,3,36,50,,
NIL,21,38,10,,
NLG,41,26,15,,
NICBF,6,28,5000,,
NIFRA,14,42,159,,
SLBSL,19,29,19,,
SLBSL,56,29,20,,
UMHL,32,41,10,,
SFCL,38,41,455,,
NUBL,1,26,50,,
NIFRA,57,10,30,,
KPCL,58,50,40,,
KPCL,25,50,60,,
KPCL,32,50,100,,
LGIL,39,14,100,,
GBIME,13,29,50,,
UPCL,54,44,15,,
NHPC,45,38,50,,
CHCL,38,36,130,,
ICFC,14,14,100,,
CHL,13,8,61,,
NLIC,1,1,1,,
ICFC,28,20,50,,
TPC,35,7,10,,
SLI,56,21,10,,
NLIC,22,40,10,,
CFCL,38,29,500,,
NLIC,58,50,20,,
RADHI,57,32,40,,
NRN,50,26,10,,
API,28,42,100,,
BPCL,34,52,20,,
LBBL,32,4,325,,
NUBL,52,26,30,,
LEC,45,17,10,,
SLICL,50,13,10,,
UMHL,58,41,144,,
MNBBL,7,26,400,,
MBL,1,42,100,,
UPPER,45,17,30,,
UPPER,45,45,35,,
SLI,56,10,10,,
NTC,40,53,50,,
API,28,14,580,,
API,28,14,400,,
API,25,14,58,,
API,41,14,10,,
API,36,14,50,,
API,49,14,102,,
SAHAS,34,11,150,,
SAHAS,48,11,50,,
GBBL,18,49,300,,
NRN,45,58,250,,
NICLBSL,4,26,10,,
HDHPC,21,14,51,,
SSHL,16,41,26,,
MLBL,50,26,135,,
API,49,11,98,,
MLBL,45,26,100,,
HDHPC,8,14,200,,
AKPL,41,52,40,,
AKPL,56,52,10,,
AKPL,51,52,100,,
AKPL,35,52,55,,
AKPL,49,52,20,,
AKPL,42,52,100,,
AKPL,56,52,61,,
AKPL,19,42,146,,
AKPL,19,38,351,,
API,48,11,112,,
JLI,52,29,10,,
CHL,25,8,19,,
RLFL,57,38,70,,
RLFL,38,38,35,,
ULI,21,50,10,,
MLBL,32,26,65,,
MLBL,32,48,35,,
HGI,21,7,100,,
GBIME,21,29,20,,
NRIC,38,56,40,,
AHPC,56,16,150,,
TRH,43,58,100,,
PRVU,57,39,120,,
PRVU,57,33,357,,
SFCL,49,57,25,,
SFCL,49,55,75,,
NTC,40,58,85,,
PLIC,16,6,16,,
HPPL,33,42,300,,
HPPL,47,42,200,,
HPPL,21,42,100,,
HPPL,34,42,200,,
HPPL,46,42,500,,
HPPL,42,42,100,,
HPPL,17,42,250,,
HPPL,21,42,50,,
HPPL,35,42,100,,
HPPL,20,42,500,,
HPPL,22,42,50,,
HPPL,45,42,100,,
HPPL,37,42,200,,
HPPL,49,42,300,,
HPPL,52,42,300,,
HPPL,29,42,250,,
HPPL,45,42,300,,
HPPL,32,42,200,,
HPPL,38,42,100,,
HPPL,29,42,200,,
HPPL,6,42,200,,
HPPL,1,42,200,,
HPPL,17,42,10,,
HPPL,57,42,290,,
NUBL,19,26,50,,
NIFRA,7,6,40,,
NIFRA,8,6,10,,
NIFRA,26,6,10,,
BPCL,7,52,10,,
SHPC,8,56,248,,
SHPC,8,57,10,,
SHPC,8,5,42,,
JBBL,57,17,148,,
GBIME,10,29,10,,
GLICL,10,17,430,,
GLICL,10,45,70,,
NIL,59,58,10,,
SAHAS,51,44,10,,
SAHAS,51,58,10,,
SAHAS,51,59,10,,
SAHAS,51,53,10,,
SAHAS,51,49,10,,
HIDCL,22,34,44,,
HIDCL,22,53,100,,
HIDCL,22,45,120,,
HIDCL,22,36,63,,
HIDCL,22,58,30,,
HIDCL,22,21,100,,
HIDCL,22,25,50,,
HIDCL,22,39,50,,
HIDCL,22,10,50,,
HIDCL,22,6,130,,
HIDCL,22,41,61,,
HIDCL,22,10,140,,
HIDCL,22,42,15,,
HIDCL,22,58,47,,
SBL,16,10,24,,
GBIME,38,29,50,,
HDHPC,32,14,100,,
UPPER,35,48,25,,
UPPER,35,25,72,,
UPPER,35,58,50,,
UPPER,35,28,24,,
GBBL,14,38,100,,
GBBL,14,49,100,,
GBBL,14,40,50,,
PMHPL,58,41,148,,
PMHPL,58,4,52,,
NUBL,57,26,20,,
SHINE,6,52,50,,
BFC,49,46,87,,
CFCL,38,38,50,,
JBBL,1,17,500,,
GUFL,6,45,425,,
GUFL,8,45,40,,
JBLB,4,58,10,,
NABIL,57,58,23,,
AKPL,35,42,55,,
MLBL,50,26,600,,
NIFRA,26,21,40,,
SHPC,8,54,100,,
GBIME,42,29,90,,
GBIME,25,29,22,,
API,14,58,50,,
TPC,35,58,10,,
NLIC,1,1,1,,
NUBL,57,26,165,,
SAHAS,48,10,10,,
PRVU,25,33,500,,
NUBL,57,38,25,,
NUBL,42,38,50,,
NUBL,54,38,25,,
DDBL,58,58,23,,
NIL,58,58,250,,
JBBL,26,17,100,,
ILBS,48,33,100,,
HDHPC,49,14,152,,
NRIC,49,39,50,,
NHPC,58,41,100,,
NHPC,58,58,100,,
NHPC,58,18,200,,
DHPL,46,36,200,,
GBIME,53,29,100,,
CBBL,42,33,25,,
MKJC,53,21,100,,
MKJC,53,49,10,,
MKJC,53,51,10,,
MKJC,53,57,10,,
NRN,49,6,100,,
NRN,43,6,25,,
NRN,26,6,60,,
NIFRA,57,56,20,,
NIFRA,25,56,30,,
UIC,5,48,1000,,
CHL,57,8,50,,
KRBL,43,50,50,,
JBLB,49,28,10,,
GBIME,10,29,180,,
JBBL,41,17,60,,
SJCL,57,35,100,,
MLBL,35,26,100,,
AKJCL,43,26,50,,
CIT,4,36,11,,
NRIC,36,39,25,,
API,28,54,100,,
UMRH,40,7,10,,
UMRH,40,33,485,,
SAHAS,57,58,10,,
NGPL,57,8,50,,
NGPL,57,37,20,,
KSBBL,42,45,190,,
PPCL,28,25,40,,
RADHI,48,25,27,,
RADHI,3,25,10,,
NABIL,46,58,27,,
NABIL,46,28,73,,
MLBS,47,38,10,,
NIFRA,7,21,10,,
NICLBSL,4,49,10,,
MNBBL,14,49,251,,
MNBBL,48,49,50,,
MNBBL,44,49,20,,
MNBBL,57,49,50,,
MNBBL,41,49,700,,
MNBBL,32,49,50,,
MNBBL,35,49,69,,
MNBBL,43,49,20,,
MNBBL,32,49,10,,
MNBBL,51,49,100,,
MNBBL,52,49,70,,
MNBBL,19,49,10,,
MNBBL,43,49,100,,
HDL,58,47,20,,
NBF2,21,38,100,,
NUBL,57,26,70,,
NUBL,57,16,230,,
JBBL,32,17,146,,
NUBL,22,16,20,,
PMHPL,19,4,148,,
PCBL,17,18,100,,
JOSHI,38,38,200,,
NTC,14,46,78,,
GBBL,34,29,94,,
SFCL,45,57,100,,
NRIC,7,39,300,,
NABIL,41,28,125,,
SIFC,59,58,56,,
SIFC,57,58,150,,
MLBS,47,38,10,,
KSBBL,50,45,10,,
AHPC,58,16,838,,
AHPC,58,57,15,,
AHPC,58,59,97,,
ULI,21,58,10,,
NICLBSL,4,56,20,,
FMDBL,45,6,200,,
JBBL,6,17,46,,
JBBL,6,57,100,,
JOSHI,38,48,60,,
PRVU,21,33,50,,
UPPER,44,45,22,,
PMHPL,19,34,555,,
JBLB,43,28,51,,
GILB,34,10,10,,
NRN,26,6,40,,
NRN,52,6,10,,
NRN,21,6,20,,
NRN,45,6,100,,
NRN,45,6,500,,
MLBS,51,34,10,,
NUBL,33,26,200,,
SAHAS,57,21,10,,
SRBL,34,7,11,,
RADHI,55,32,120,,
NRIC,57,39,50,,
AHPC,51,59,10,,
NUBL,34,49,85,,
NRIC,45,49,95,,
NRIC,45,57,100,,
SLI,56,56,10,,
MLBL,50,26,500,,
TPC,35,7,10,,
NIL,33,58,10,,
STC,47,47,10,,
RLFL,38,25,15,,
JFL,20,51,100,,
BPCL,8,52,70,,
SHINE,58,52,688,,
PPCL,45,32,200,,
NABIL,32,28,68,,
JBBL,1,49,46,,
NRIC,13,34,10,,
NRIC,13,21,70,,
NRIC,13,38,18,,
NTC,4,46,122,,
NTC,4,17,28,,
NTC,4,22,50,,
NTC,4,47,100,,
GBBL,34,57,326,,
NGPL,45,32,60,,
GBIME,17,29,1000,,
API,1,57,16,,
MHNL,4,46,200,,
NABIL,37,28,100,,
GBBL,21,57,360,,
GBBL,21,1,40,,
GBBL,21,20,600,,
NGPL,45,33,75,,
CHDC,41,35,135,,
GBBL,25,20,100,,
CMF2,42,38,100,,
BFC,25,53,60,,
BFC,42,53,40,,
LBL,6,42,100,,
SABSL,45,33,10,,
NUBL,41,26,57,,
GBBL,58,20,500,,
KBL,35,52,25,,
BARUN,58,42,120,,
BARUN,28,42,100,,
DHPL,4,36,10,,
NRIC,41,38,10,,
UIC,59,21,100,,
JBBL,49,49,50,,
AKPL,52,10,16,,
NIFRA,25,57,20,,
NIFRA,42,57,30,,
MKJC,28,51,20,,
MKJC,28,17,10,,
HDHPC,32,14,412,,
HDHPC,32,37,68,,
HDHPC,32,51,20,,
JFL,52,8,30,,
NUBL,57,26,200,,
BFC,42,29,10,,
NICA,34,48,190,,
NABIL,54,28,130,,
NLIC,36,40,30,,
SAHAS,57,58,10,,
AHPC,49,16,217,,
JBBL,34,25,125,,
JBBL,48,25,75,,
SGI,41,37,100,,
NHPC,14,54,100,,
NHPC,14,14,50,,
NHPC,14,49,1000,,
NHPC,14,41,100,,
NHPC,14,41,360,,
GBIME,53,29,50,,
SLI,29,7,10,,
NUBL,49,26,10,,
HDL,58,58,10,,
SHIVM,35,11,15,,
SHIVM,35,35,25,,
SHIVM,35,17,10,,
SHIVM,35,44,50,,
SHIVM,35,6,200,,
SHIVM,35,58,100,,
CBBL,47,33,20,,
JOSHI,38,8,65,,
NIFRA,47,42,200,,
NABIL,51,28,50,,
API,1,38,174,,
API,1,20,10,,
ULI,21,40,10,,
NABIL,34,28,75,,
SANIMA,53,40,30,,
GBIME,10,48,320,,
RHPL,50,44,80,,
RHPL,49,57,140,,
PROFL,35,38,150,,
NIFRA,57,42,100,,
SHIVM,41,46,50,,
JLI,52,6,10,,
JLI,52,7,10,,
JLI,52,35,65,,
HIDCL,54,49,40,,
HIDCL,54,36,63,,
HIDCL,54,14,500,,
HIDCL,54,58,40,,
HIDCL,54,4,897,,
AKPL,57,42,189,,
AKPL,57,38,11,,
SFCL,45,35,20,,
SFCL,38,35,50,,
SFCL,22,35,30,,
NABIL,28,11,50,,
NABIL,52,11,50,,
HIDCL,52,4,2000,,
JBLB,45,28,40,,
PCBL,52,18,500,,
PROFL,35,25,195,,
CBL,11,38,100,,
MKJC,49,7,10,,
NIFRA,7,42,30,,
NMBMF,1,38,10,,
NMBMF,46,38,54,,
UPPER,44,3,52,,
MLBL,58,43,20,,
SIFC,57,41,50,,
KSBBL,50,43,200,,
AKJCL,41,26,214,,
KSBBL,50,58,100,,
AKJCL,41,21,286,,
JLI,14,35,10,,
JLI,14,49,10,,
RADHI,45,32,10,,
NIFRA,34,57,50,,
PMHPL,19,33,97,,
PMHPL,19,4,200,,
NLIC,25,40,30,,
GUFL,8,45,10,,
EBL,13,44,100,,
NLIC,1,40,10,,
NRIC,3,38,10,,
LEC,6,58,276,,
NUBL,28,26,50,,
JBBL,44,49,54,,
JBBL,44,58,146,,
CHDC,25,35,50,,
NGPL,57,8,80,,
JBBL,16,58,500,,
JBBL,56,58,100,,
HDHPC,18,51,20,,
SFCL,13,55,25,,
SFCL,13,26,75,,
GBBL,39,20,10,,
AHPC,51,16,200,,
USLB,28,40,16,,
NABIL,8,28,100,,
NMFBS,34,13,20,,
NMFBS,38,13,10,,
NICL,42,45,18,,
PCBL,6,18,500,,
UMRH,48,33,10,,
JLI,34,42,10,,
MLBL,50,43,500,,
HIDCL,4,4,30,,
ACLBSL,36,37,20,,
MLBL,46,43,50,,
UMHL,49,41,71,,
SFMF,38,51,5000,,
HIDCL,58,4,500,,
NHPC,41,41,300,,
GLH,42,38,17,,
PROFL,38,25,70,,
CGH,44,41,50,,
NGPL,3,33,10,,
CFCL,50,21,200,,
CBL,44,49,29,,
AKJCL,43,50,15,,
GBBL,34,20,1000,,
GBBL,38,20,200,,
UMHL,38,41,40,,
PROFL,38,25,50,,
TPC,35,58,10,,
SHINE,57,21,300,,
CZBIL,38,58,100,,
NABIL,13,28,100,,
NLIC,1,40,10,,
JFL,39,8,50,,
SPDL,25,47,20,,
SPDL,34,47,30,,
DHPL,45,36,100,,
NHPC,42,41,100,,
NIFRA,17,42,10,,
KBL,51,52,20,,
UMHL,21,41,89,,
UMHL,21,17,11,,
MLBL,48,43,100,,
SFCL,22,26,50,,
EIC,39,42,108,,
ALICL,47,48,50,,
ALICL,1,48,100,,
UMHL,58,17,50,,
SAHAS,57,57,10,,
MNBBL,19,26,40,,
MNBBL,57,26,10,,
NRIC,41,32,100,,
HPPL,57,42,10,,
UNHPL,45,10,47,,
HIDCL,28,4,1000,,
CBBL,56,48,60,,
AKPL,56,11,15,,
ICFC,45,1,100,,
NBB,32,25,310,,
NBB,32,45,690,,
SBI,6,22,902,,
SBI,6,45,100,,
SBI,6,49,788,,
SBI,6,28,110,,
BARUN,6,45,200,,
UMHL,21,17,239,,
UMHL,21,49,100,,
UMHL,21,44,3661,,
GBIME,21,29,20,,
SPDL,52,58,1,,
SPDL,52,58,360,,
NBB,36,45,350,,
UMHL,41,44,100,,
MLBSL,34,58,15,,
SKBBL,6,6,13,,
SKBBL,25,6,10,,
SKBBL,48,6,79,,
SHINE,57,21,1000,,
SHINE,38,21,200,,
CBBL,48,42,100,,
JBBL,48,55,25,,
LBBL,32,29,110,,
NHPC,14,41,440,,
NHPC,14,45,1200,,
NHPC,14,40,110,,
NHPC,14,19,50,,
NHPC,14,34,200,,
MKJC,28,7,10,,
SAHAS,3,34,10,,
SAHAS,3,57,310,,
GBBL,14,20,200,,
SAHAS,58,57,10,,
PROFL,42,25,200,,
UPCL,45,53,175,,
UPCL,45,43,175,,
UPCL,45,7,500,,
UPCL,45,34,50,,
UPCL,45,58,100,,
GHL,25,36,460,,
HPPL,33,42,990,,
HPPL,33,6,10,,
NRIC,41,45,100,,
NIFRA,1,42,100,,
LBBL,26,29,90,,
LBBL,26,47,110,,
CZBIL,35,58,15,,
AKPL,56,17,24,,
MLBL,19,43,20,,
MLBL,19,19,100,,
MLBL,19,37,80,,
NRIC,45,45,77,,
SHINE,33,5,50,,
SHINE,33,49,50,,
SHINE,33,42,100,,
PROFL,13,25,50,,
SLICL,14,13,25,,
HIDCL,44,21,10,,
BARUN,29,45,20,,
HIDCL,44,4,500,,
LBBL,32,38,440,,
LBBL,51,38,35,,
API,21,42,149,,
UMHL,49,44,30,,
NICBF,6,28,5000,,
MLBS,47,45,20,,
AKPL,41,17,76,,
AKPL,41,56,24,,
UPPER,44,4,30,,
UPPER,44,47,468,,
NHPC,21,34,200,,
GFCL,51,29,70,,
SLI,56,21,10,,
NGPL,6,33,215,,
NGPL,6,25,85,,
MHNL,35,34,50,,
GUFL,32,45,50,,
KBL,10,56,150,,
NICA,7,48,10,,
NIFRA,41,42,100,,
NIFRA,32,42,1000,,
NIFRA,48,42,2000,,
NIFRA,33,42,50,,
NIFRA,25,42,100,,
NIFRA,41,42,50,,
NIFRA,32,42,100,,
NIFRA,38,42,58,,
NIFRA,44,42,100,,
NIFRA,43,42,50,,
NIFRA,32,42,100,,
NIFRA,6,42,40,,
NIFRA,32,42,153,,
NIFRA,14,42,40,,
NIFRA,39,42,200,,
NIFRA,21,42,160,,
NIFRA,49,42,30,,
NIFRA,46,42,20,,
NIFRA,55,42,50,,
MEGA,32,14,49,,
UMHL,21,57,40,,
FMDBL,34,42,100,,
FMDBL,28,42,400,,
LBBL,51,42,15,,
LBBL,38,42,60,,
LBBL,22,42,25,,
JLI,34,14,10,,
SPDL,34,57,310,,
SPDL,35,57,300,,
SPDL,51,57,20,,
SPDL,58,57,50,,
SPDL,49,57,110,,
SPDL,21,57,10,,
NABIL,40,28,20,,
DDBL,11,58,80,,
CHCL,29,36,10,,
NABIL,57,28,50,,
CBL,58,29,10,,
JBBL,57,58,94,,
ADBL,59,42,20,,
GLH,51,25,10,,
SLI,56,58,10,,
JBLB,4,49,10,,
GBBL,49,20,80,,
LBBL,44,47,90,,
LBBL,44,52,40,,
LBBL,44,21,50,,
JLI,34,38,30,,
JLI,28,38,10,,
NRIC,3,45,10,,
JLI,28,22,10,,
UPPER,38,47,100,,
SFCL,45,26,25,,
API,38,42,10,,
CORBL,4,55,50,,
NRIC,51,45,150,,
NRIC,51,57,100,,
SHPC,58,57,40,,
UMHL,26,44,200,,
SDLBSL,37,35,10,,
SAHAS,46,10,10,,
SAHAS,46,52,10,,
SAHAS,46,55,10,,
SAHAS,46,58,10,,
AKJCL,57,45,851,,
NHPC,58,52,86,,
ICFC,45,35,70,,
UNHPL,38,10,50,,
ICFC,45,44,50,,
GBBL,56,20,100,,
NRN,6,14,10,,
NRN,6,52,10,,
GLH,51,49,10,,
UPPER,16,47,100,,
NIFRA,55,21,50,,
MLBL,13,26,429,,
MLBL,35,26,200,,
MLBL,13,26,700,,
MLBL,29,26,71,,
MLBL,19,26,200,,
MLBL,49,26,100,,
MLBL,57,26,50,,
MLBL,25,26,20,,
MLBL,57,26,400,,
MLBL,54,26,50,,
MLBL,45,26,500,,
MLBL,11,26,200,,
MLBL,48,26,80,,
NRIC,45,36,50,,
TPC,35,42,10,,
NTC,19,50,175,,
UPPER,44,47,300,,
EDBL,33,14,41,,
BOKL,7,58,20,,
SLI,56,48,10,,
AHPC,58,16,1000,,
NIFRA,46,42,40,,
NIFRA,11,42,50,,
NIFRA,57,42,100,,
NIFRA,21,42,10,,
NIFRA,44,42,100,,
NIFRA,54,42,90,,
NIFRA,58,42,10,,
NIFRA,42,42,20,,
NIFRA,6,42,240,,
NIFRA,57,42,50,,
NIFRA,17,42,100,,
NIFRA,38,42,236,,
NIFRA,45,42,50,,
SINDU,28,42,27,,
SINDU,42,42,273,,
UMRH,45,33,205,,
UMRH,45,34,10,,
API,44,42,50,,
API,56,42,100,,
API,57,42,40,,
API,45,42,265,,
API,57,42,100,,
API,39,42,46,,
API,17,42,190,,
API,56,42,50,,
JLI,28,49,10,,
HIDCL,49,34,61,,
HIDCL,49,35,134,,
NMB,42,57,100,,
MLBS,47,34,10,,
NUBL,34,26,351,,
PROFL,4,25,10,,
TPC,19,58,10,,
TPC,19,42,10,,
JFL,49,8,120,,
AHPC,38,16,200,,
NABIL,46,28,10,,
NABIL,59,28,100,,
CGH,45,41,10,,
CFCL,50,38,55,,
CFCL,3,38,45,,
NHPC,21,34,100,,
NHPC,21,33,300,,
CHCL,19,36,50,,
JBBL,42,44,100,,
KSBBL,19,58,200,,
KSBBL,19,44,50,,
KSBBL,19,34,70,,
KSBBL,19,45,680,,
NABIL,46,8,100,,
LBBL,38,38,40,,
LBBL,19,38,50,,
LBBL,46,38,10,,
RADHI,14,32,20,,
SPDL,52,17,165,,
JLI,38,58,10,,
MSLB,1,44,12,,
NLICL,7,50,10,,
NIFRA,38,42,14,,
NIFRA,44,42,150,,
NIFRA,38,42,100,,
NIFRA,16,42,50,,
NIFRA,59,42,50,,
NIFRA,38,42,200,,
NIFRA,44,42,17,,
NIFRA,38,42,32,,
NIFRA,57,42,10,,
NIFRA,7,42,200,,
NIFRA,55,42,100,,
NIFRA,49,42,20,,
NIFRA,41,42,100,,
NIFRA,49,42,10,,
NIFRA,26,42,30,,
NIFRA,38,42,10,,
NIFRA,22,42,40,,
NIFRA,42,42,200,,
NIFRA,28,42,500,,
NIFRA,45,42,50,,
NIFRA,4,42,110,,
NIFRA,26,42,200,,
NIFRA,7,42,25,,
NIFRA,42,42,100,,
NIFRA,25,42,500,,
NIFRA,17,42,500,,
NIFRA,58,42,10,,
NIFRA,38,42,10,,
NIFRA,41,42,100,,
NIFRA,42,42,100,,
NIFRA,58,42,50,,
NIFRA,21,42,100,,
NIFRA,38,42,100,,
NIFRA,6,42,10,,
NIFRA,36,42,500,,
NIFRA,34,42,26,,
NIFRA,35,42,200,,
NIFRA,6,42,400,,
NIFRA,36,42,1000,,
NIFRA,7,42,400,,
NIFRA,33,42,500,,
NIFRA,59,42,100,,
NIFRA,4,42,50,,
NIFRA,17,42,20,,
NIFRA,1,42,50,,
NIFRA,38,42,1000,,
NIFRA,39,42,1000,,
NIFRA,21,42,200,,
NIFRA,49,42,10,,
NIFRA,26,42,100,,
NIFRA,22,42,30,,
NIFRA,34,42,15,,
NIFRA,7,42,20,,
NIFRA,26,42,100,,
NIFRA,57,42,500,,
NIFRA,11,42,100,,
NIFRA,35,42,140,,
NIFRA,21,42,1000,,
NIFRA,29,42,100,,
NIFRA,43,42,400,,
NIFRA,45,42,20,,
NIFRA,41,42,10,,
NIFRA,7,42,60,,
NIFRA,32,42,101,,
NIFRA,45,42,50,,
NUBL,41,59,100,,
NUBL,35,59,500,,
UMHL,6,44,500,,
GMFIL,50,58,104,,
MLBL,34,37,10,,
SICL,11,49,50,,
SICL,11,38,74,,
SHEL,1,21,10,,
SHEL,1,58,10,,
CHDC,41,19,10,,
GIC,49,26,50,,
GIC,49,37,110,,
GIC,49,48,10,,
GIC,49,32,100,,
GIC,49,19,150,,
GIC,49,51,200,,
GIC,49,36,282,,
GIC,49,44,10,,
GIC,49,58,10,,
API,14,58,100,,
NRIC,45,45,18,,
HIDCL,32,35,10,,
NTC,50,50,25,,
NTC,50,25,25,,
NTC,50,38,150,,
KSBBL,39,45,100,,
NUBL,47,26,300,,
CZBIL,13,48,750,,
CZBIL,13,33,296,,
CZBIL,13,57,169,,
SIFC,21,45,400,,
NHPC,58,33,375,,
PFL,51,11,10,,
PFL,51,57,90,,
NGPL,57,58,150,,
NHPC,50,33,125,,
NHPC,50,44,50,,
NHPC,50,52,300,,
MBL,17,37,200,,
PLI,39,58,70,,
PLI,57,58,20,,
NIBSF2,42,58,250,,
PLI,14,58,40,,
KBL,10,42,50,,
KBL,55,42,50,,
JBLB,4,58,10,,
SLI,56,1,10,,
NIFRA,32,21,50,,
CHDC,33,22,10,,
JBLB,4,42,10,,
BFC,57,4,20,,
JBLB,4,36,10,,
ADBL,37,57,60,,
MFIL,56,58,40,,
MFIL,57,58,10,,
NCCB,56,29,12,,
NCCB,56,29,28,,
UPPER,56,47,200,,
SBL,50,51,146,,
SBL,50,42,120,,
SBL,50,17,100,,
CFCL,3,38,55,,
NBB,36,3,400,,
CHDC,33,45,10,,
GBBL,7,20,10,,
SFCL,58,26,50,,
CFCL,7,38,38,,
CFCL,14,38,12,,
MNBBL,35,56,18,,
SSHL,50,13,275,,
SSHL,32,13,25,,
GMFIL,50,58,31,,
DHPL,57,36,500,,
RADHI,49,32,10,,
NUBL,49,26,200,,
NMB,44,58,20,,
NMB,44,16,279,,
HIDCL,21,35,50,,
SAHAS,34,1,10,,
UMHL,32,44,200,,
JBLB,43,14,10,,
NICA,45,21,10,,
CBBL,41,48,10,,
NUBL,57,26,100,,
FOWAD,43,58,20,,
MLBS,47,58,10,,
MLBS,47,46,10,,
GMFIL,50,44,469,,
MBL,51,49,200,,
SPDL,52,34,140,,
GBBL,38,20,200,,
JBBL,13,44,50,,
SAHAS,34,7,10,,
GBBL,32,20,125,,
AKPL,50,52,500,,
PLI,14,21,10,,
KSBBL,45,45,20,,
KSBBL,45,56,15,,
SAPDBL,58,41,150,,
NHPC,49,6,20,,
NHPC,49,34,42,,
BPCL,35,28,454,,
BPCL,22,28,25,,
BPCL,41,28,10,,
BPCL,38,28,300,,
BPCL,28,28,30,,
BPCL,1,28,200,,
BPCL,38,28,50,,
BPCL,33,28,100,,
BPCL,43,28,10,,
BPCL,6,28,50,,
BPCL,1,28,100,,
BPCL,4,28,100,,
BPCL,32,28,80,,
BPCL,57,28,20,,
BPCL,48,28,10,,
BPCL,58,28,67,,
BPCL,43,28,100,,
BPCL,58,28,10,,
BPCL,43,28,50,,
BPCL,32,28,1000,,
BPCL,35,28,200,,
BPCL,51,28,50,,
BPCL,45,28,500,,
BPCL,8,28,100,,
BPCL,42,28,100,,
BPCL,13,28,10,,
BPCL,1,28,100,,
BPCL,21,28,75,,
BPCL,49,28,50,,
BPCL,35,28,17,,
BPCL,41,28,10,,
BPCL,52,28,10,,
BPCL,45,28,12,,
JLI,28,45,10,,
KRBL,43,50,200,,
KRBL,43,14,50,,
MLBS,47,58,10,,
NIFRA,1,21,5,,
NIFRA,6,21,25,,
NIFRA,6,29,30,,
NIFRA,6,58,50,,
NIFRA,6,36,45,,
NHPC,41,34,80,,
CIT,1,33,100,,
AHPC,42,16,50,,
OHL,7,34,141,,
OHL,57,34,100,,
OHL,33,34,10,,
OHL,10,34,50,,
OHL,17,34,377,,
SHINE,38,28,300,,
NIFRA,41,36,20,,
SHEL,1,22,10,,
CFCL,25,38,14,,
UMHL,17,44,300,,
ICFC,45,45,20,,
PCBL,26,18,30,,
SRBL,6,51,10,,
CBL,45,17,20,,
UNHPL,45,10,51,,
CBL,45,49,100,,
UNHPL,45,51,49,,
CBL,45,21,40,,
LEC,13,56,80,,
LEC,50,56,20,,
HIDCL,44,38,147,,
HIDCL,57,38,70,,
NIBSF1,8,13,2000,,
NICL,14,6,200,,
PFL,51,22,50,,
LBBL,45,33,960,,
GBBL,45,20,500,,
SHINE,49,28,200,,
MLBL,48,38,120,,
HIDCL,57,35,241,,
HIDCL,57,38,159,,
HIDCL,38,38,141,,
NIBSF2,42,58,250,,
ILBS,28,34,12,,
ILBS,28,34,12,,
PROFL,38,57,100,,
PROFL,38,21,30,,
FOWAD,32,38,100,,
EDBL,45,19,100,,
GMFIL,38,44,100,,
NBB,26,25,150,,
EBL,1,44,50,,
SPDL,57,34,300,,
SLICL,38,13,10,,
RLFL,38,25,55,,
RLFL,38,16,45,,
CFCL,51,38,91,,
IGI,32,41,50,,
GBIME,16,6,60,,
MKLB,58,7,10,,
AHPC,18,16,500,,
CFCL,14,38,50,,
CHCL,4,36,200,,
CHCL,50,36,80,,
NFS,41,58,32,,
AHPC,58,16,29,,
HDHPC,49,33,48,,
NHPC,21,34,300,,
MKJC,28,58,10,,
ICFC,14,40,100,,
AHPC,42,11,12,,
JBBL,21,44,250,,
ULI,44,21,10,,
ULI,44,50,10,,
KBL,10,58,200,,
MLBSL,34,14,35,,
SDLBSL,37,46,16,,
SDLBSL,38,46,11,,
SDLBSL,38,46,64,,
UPPER,33,58,91,,
NIFRA,32,21,30,,
NIFRA,58,21,30,,
JBLB,19,6,10,,
CFCL,14,38,50,,
BFC,47,57,100,,
KRBL,3,14,10,,
NRIC,45,40,100,,
GMFIL,38,44,700,,
UPCL,41,21,10,,
EBL,1,21,50,,
PFL,6,14,100,,
TRH,43,26,100,,
LBBL,45,58,119,,
SADBL,58,22,120,,
SADBL,13,22,10,,
AKJCL,46,45,585,,
AKJCL,46,22,100,,
AKJCL,46,8,45,,
AKJCL,46,37,1270,,
JBLB,45,14,70,,
KKHC,22,5,50,,
HIDCL,57,49,30,,
HIDCL,22,49,20,,
RADHI,11,7,60,,
RADHI,54,7,441,,
JBBL,16,44,200,,
API,17,26,10,,
MMF1,47,49,10000,,
JLI,28,42,20,,
JLI,26,42,30,,
UMHL,38,44,50,,
CBL,45,14,90,,
NGPL,58,22,20,,
NGPL,21,22,20,,
NGPL,58,22,60,,
HPPL,45,58,10,,
LICN,10,59,50,,
CFCL,14,38,50,,
GMFBS,42,49,12,,
KSBBL,45,56,185,,
KSBBL,45,11,15,,
UPPER,33,34,72,,
JBLB,45,59,10,,
SLBBL,42,14,72,,
CORBL,47,41,80,,
RHPL,50,41,10,,
NTC,59,42,895,,
NTC,45,42,100,,
NTC,39,42,25,,
NTC,7,42,130,,
NTC,53,42,50,,
SANIMA,56,55,400,,
GBBL,39,20,10,,
NTC,39,25,20,,
MFIL,34,35,30,,
BOKL,57,58,280,,
SGI,57,41,30,,
MNBBL,55,56,36,,
IGI,6,33,200,,
KKHC,22,26,382,,
ULI,5,49,10,,
SWBBL,34,3,10,,
SABSL,38,33,500,,
SABSL,42,33,10,,
SABSL,34,33,45,,
ICFC,54,36,40,,
DDBL,21,26,115,,
BFC,42,57,40,,
BFC,14,57,200,,
BFC,45,57,100,,
BFC,49,57,217,,
BFC,16,57,20,,
BFC,47,57,100,,
BFC,32,57,30,,
CIT,50,28,21,,
CIT,59,28,10,,
CIT,19,28,30,,
CIT,29,28,10,,
CIT,21,28,20,,
CIT,52,28,50,,
CIT,11,28,10,,
CIT,1,28,200,,
CIT,14,28,16,,
CIT,6,28,10,,
CIT,1,28,35,,
CIT,57,28,400,,
CIT,39,28,29,,
CIT,19,28,50,,
CIT,34,28,16,,
CIT,57,28,10,,
CIT,42,28,73,,
SANIMA,56,54,200,,
SABSL,34,33,165,,
SABSL,41,33,75,,
NMB,29,13,81,,
MLBL,29,48,129,,
MLBL,37,48,100,,
MLBL,45,48,25,,
MLBL,26,48,40,,
MLBL,1,48,300,,
MLBL,41,48,150,,
MLBL,42,48,61,,
MLBL,53,48,50,,
MLBL,20,48,145,,
MLBL,34,48,50,,
SBI,38,28,140,,
SBI,38,14,900,,
SBI,38,1,389,,
SBI,38,49,25,,
SBI,38,45,246,,
PROFL,42,21,10,,
KKHC,58,26,20,,
UNHPL,56,51,150,,
CHDC,33,38,10,,
SLI,56,41,10,,
HDHPC,16,14,318,,
AKPL,45,58,140,,
AKPL,45,58,200,,
BPCL,45,6,193,,
BPCL,48,6,12,,
NMB,35,13,10,,
API,51,26,20,,
AHPC,48,16,1000,,
EBL,16,45,600,,
SLI,56,49,10,,
AKJCL,57,44,349,,
AKJCL,38,44,151,,
NTC,59,25,50,,
GBIME,49,6,10,,
AKJCL,38,33,49,,
HDL,35,47,10,,
HDL,26,47,10,,
NABIL,35,21,50,,
NUBL,42,26,40,,
AHPC,45,16,21,,
LBBL,39,58,10,,
NIFRA,19,36,100,,
NMB,55,13,100,,
RLFL,56,16,200,,
NRIC,3,28,50,,
NRIC,3,35,10,,
SLI,56,3,10,,
NRIC,3,50,35,,
GBBL,21,20,75,,
GBBL,33,20,100,,
GBBL,8,20,50,,
GBBL,34,20,300,,
GBBL,49,20,300,,
GBBL,25,20,540,,
CFCL,58,38,50,,
MERO,54,57,15,,
NBB,59,45,200,,
AHPC,19,16,200,,
STC,49,38,10,,
NRN,56,11,15,,
KSBBL,21,37,30,,
FMDBL,28,6,100,,
NRIC,38,50,15,,
NMBHF1,28,28,3994,,
NBL,45,40,131,,
AKPL,19,20,17,,
NLIC,3,40,100,,
NLIC,1,40,10,,
NLIC,43,40,25,,
NLIC,39,40,10,,
NLIC,1,40,10,,
NLIC,4,40,50,,
NLIC,4,40,100,,
NLIC,38,40,50,,
NLIC,36,40,30,,
NLIC,41,40,150,,
SICL,35,38,30,,
API,45,29,500,,
NIFRA,7,36,25,,
SLI,56,50,10,,
NTC,7,55,20,,
BFC,32,58,255,,
NBL,56,40,39,,
NBL,56,57,39,,
SANIMA,56,46,325,,
SANIMA,40,46,200,,
NABIL,39,21,50,,
BFC,25,58,30,,
SAHAS,34,17,10,,
ULI,5,44,10,,
CHCL,50,36,20,,
CHCL,58,36,30,,
CHCL,44,36,50,,
NTC,59,25,35,,
NTC,59,29,50,,
NTC,59,1,15,,
UPPER,48,18,16,,
UPPER,56,18,32,,
LGIL,39,58,100,,
PLIC,16,28,14,,
SLI,56,5,30,,
SLI,52,5,90,,
PCBL,26,59,150,,
PCBL,26,17,140,,
GIC,49,37,390,,
GIC,49,43,250,,
GIC,49,36,10,,
GIC,49,45,50,,
GIC,49,40,50,,
GIC,49,49,70,,
GIC,49,22,267,,
JBBL,16,44,200,,
NLIC,1,40,10,,
CBL,45,34,55,,
CORBL,47,56,10,,
MLBS,47,25,10,,
ICFC,54,7,40,,
ICFC,52,7,92,,
LEC,34,58,24,,
SLBBL,25,14,13,,
HGI,37,43,93,,
JBBL,47,44,377,,
JBBL,47,48,423,,
BFC,49,34,100,,
MPFL,32,58,230,,
MPFL,42,58,50,,
MPFL,38,58,20,,
UPPER,19,49,44,,
MBL,14,49,90,,
GBIME,3,42,10,,
IGI,55,33,20,,
KKHC,37,26,200,,
API,34,57,35,,
API,59,57,100,,
SGI,43,41,20,,
JBLB,45,42,20,,
NABIL,39,46,50,,
SGI,40,37,90,,
AKJCL,38,33,470,,
AKJCL,38,58,30,,
CBL,49,45,500,,
SLI,52,44,10,,
HDHPC,29,14,210,,
CZBIL,49,57,10,,
HDHPC,25,14,50,,
HDHPC,16,14,50,,
HDHPC,49,14,90,,
NMB,29,13,311,,
MLBL,41,20,50,,
MLBL,46,20,100,,
MLBL,13,20,50,,
MLBL,11,20,1000,,
MLBL,43,20,100,,
MLBL,13,20,100,,
MLBL,48,20,500,,
MLBL,32,20,100,,
JBBL,32,58,50,,
NIFRA,33,36,100,,
AHPC,56,16,150,,
GBBL,57,40,200,,
KBL,10,34,200,,
NUBL,14,59,15,,
NIFRA,32,36,10,,
NIFRA,32,51,100,,
SAHAS,34,17,10,,
FMDBL,14,44,150,,
NABIL,56,46,20,,
MEGA,1,42,100,,
KSBBL,50,58,12,,
MLBS,47,38,10,,
ULI,57,52,10,,
NUBL,45,26,100,,
BOKL,34,58,10,,
NRN,49,45,10,,
JBBL,32,58,185,,
CFCL,3,38,100,,
CFCL,58,38,50,,
NMB,57,13,100,,
CGH,5,48,55,,
HDHPC,25,14,200,,
UPPER,56,18,34,,
EDBL,45,43,100,,
PMHPL,32,21,100,,
PMHPL,32,28,900,,
SHPC,56,4,170,,
NICLBSL,4,1,10,,
LBBL,55,58,171,,
LBBL,55,33,129,,
NABIL,35,46,30,,
NABIL,35,57,35,,
AHPC,34,58,61,,
AHPC,32,58,275,,
AHPC,57,58,1000,,
AHPC,55,58,130,,
AHPC,45,58,57,,
AHPC,48,58,1000,,
AHPC,38,58,200,,
AHPC,25,58,277,,
CFCL,3,38,50,,
LBBL,47,33,171,,
GBBL,25,20,460,,
GBBL,53,20,300,,
GBBL,59,20,50,,
GBBL,1,20,200,,
GBBL,57,20,100,,
GBBL,49,20,35,,
GBBL,34,20,500,,
GBBL,38,20,100,,
GBBL,21,20,100,,
GBBL,38,20,300,,
GBBL,59,20,100,,
GBBL,38,20,10,,
GBBL,14,20,200,,
GBBL,55,20,100,,
GBBL,59,20,400,,
GBBL,17,20,10,,
GBBL,11,20,300,,
GBBL,35,20,100,,
GBBL,53,20,100,,
GBBL,57,20,50,,
GBBL,35,20,200,,
GBBL,D01,20,1000,,
GBBL,42,20,100,,
GBBL,35,20,200,,
GBBL,32,20,50,,
GBBL,57,20,320,,
GBBL,14,20,20,,
GBBL,42,20,270,,
GBBL,59,20,75,,
GBBL,6,20,100,,
GBBL,34,20,1000,,
GBBL,32,20,75,,
GBBL,38,20,75,,
KKHC,39,26,50,,
NIL,44,6,30,,
GBIME,21,42,33,,
NBB,26,48,150,,
MERO,58,57,20,,
AKJCL,3,33,10,,
KKHC,49,26,35,,
KKHC,22,26,240,,
KKHC,44,26,50,,
JFL,46,57,25,,
KRBL,45,36,50,,
NMB50,51,28,2000,,
NMB50,37,28,1000,,
NMB50,14,28,5000,,
NMB50,26,28,1000,,
NMB50,28,28,2000,,
PLI,52,57,10,,
NABIL,17,57,10,,
MNBBL,17,56,26,,
MNBBL,17,58,160,,
NIFRA,32,42,280,,
NIFRA,58,42,30,,
NBB,1,48,145,,
NBB,1,53,2000,,
NBB,1,4,20,,
AHPC,50,16,369,,
AHPC,50,37,231,,
AKPL,19,52,124,,
API,49,26,765,,
HDHPC,11,14,100,,
API,8,26,100,,
SLBBL,25,46,87,,
SLBBL,26,46,55,,
SLBBL,33,46,10,,
AHPC,25,6,23,,
AHPC,28,6,100,,
KKHC,44,5,30,,
UPPER,56,18,34,,
NHPC,50,57,25,,
JBBL,21,58,1500,,
NMFBS,21,57,10,,
NHDL,32,33,125,,
JBBL,41,58,100,,
NIFRA,20,51,50,,
NRIC,16,50,100,,
KSBBL,57,58,100,,
JBBL,41,58,200,,
HIDCL,44,44,350,,
HIDCL,44,58,549,,
JBBL,6,42,50,,
JBBL,38,42,50,,
MERO,45,57,15,,
SFMF,28,51,10000,,
KKHC,44,43,660,,
HIDCL,46,58,20,,
SAHAS,34,34,10,,
HIDCL,38,58,50,,
CFCL,3,38,50,,
NABIL,35,57,20,,
ICFC,52,26,100,,
ICFC,52,1,100,,
ICFC,52,34,30,,
ICFC,52,58,40,,
AKPL,34,52,10,,
MLBL,38,37,10,,
UPPER,34,52,10,,
JLI,28,3,10,,
SHEL,21,56,20,,
NHPC,45,57,50,,
NHPC,45,52,50,,
HIDCL,51,58,35,,
SHINE,43,16,50,,
SHINE,46,16,150,,
NCCB,25,34,325,,
NCCB,38,34,100,,
SLI,52,49,10,,
KKHC,58,43,80,,
NICBF,6,28,5000,,
HIDCL,38,38,30,,
NMB,45,13,500,,
SAEF,7,36,500,,
NRIC,45,56,15,,
NLIC,34,40,10,,
API,11,26,100,,
NRIC,45,21,50,,
LBBL,47,58,215,,
NICLBSL,4,58,20,,
NICLBSL,4,26,100,,
NICLBSL,4,25,10,,
NICLBSL,4,38,10,,
MNBBL,58,58,40,,
SANIMA,6,40,50,,
SFCL,52,54,100,,
ADBL,49,42,10,,
ADBL,11,42,25,,
FMDBL,20,44,500,,
SGI,43,1,10,,
NABIL,49,57,10,,
UPPER,44,18,34,,
ICFC,17,58,10,,
LBBL,58,58,50,,
LBBL,58,58,500,,
LBBL,50,58,100,,
LBBL,26,58,200,,
LBBL,26,58,500,,
LBBL,48,58,100,,
LBBL,25,58,20,,
LBBL,18,58,100,,
LBBL,22,58,30,,
LBBL,19,58,860,,
LBBL,34,58,50,,
LBBL,49,58,50,,
BOKL,58,58,10,,
LBBL,17,58,225,,
KRBL,45,48,150,,
SFCL,1,6,100,,
UPPER,17,58,100,,
API,6,26,350,,
ULI,52,42,10,,
GIC,49,22,733,,
MBL,32,49,10,,
ULI,57,44,10,,
GBBL,59,54,75,,
NRIC,57,44,50,,
MERO,48,59,100,,
NGPL,36,45,600,,
API,38,26,200,,
SAHAS,56,52,10,,
JBBL,13,58,100,,
API,26,26,100,,
LBBL,17,4,35,,
HIDCL,38,4,100,,
EDBL,33,34,180,,
SAHAS,42,32,10,,
SABSL,34,1,12,,
AKPL,49,52,167,,
GBIME,7,45,35,,
SHEL,28,56,50,,
NUBL,38,26,65,,
CBL,45,34,50,,
CBL,45,32,50,,
KSBBL,32,58,150,,
NEF,56,28,1195,,
NEF,38,28,2500,,
NEF,37,28,1900,,
NEF,56,28,5000,,
NEF,38,28,1626,,
NMB,35,13,10,,
NLIC,1,40,10,,
AKJCL,56,38,150,,
SAHAS,58,8,10,,
SAHAS,34,8,10,,
SAHAS,34,11,10,,
CZBIL,21,42,50,,
MLBSL,34,56,50,,
UMHL,45,44,41,,
UMHL,22,44,30,,
UMHL,40,44,200,,
UMHL,49,44,20,,
UMHL,57,44,500,,
UMHL,6,44,100,,
UMHL,49,44,684,,
UMHL,16,44,2000,,
UMHL,56,44,22,,
UMHL,46,44,200,,
UMHL,43,44,500,,
UMHL,38,44,100,,
UMHL,38,44,50,,
UMHL,17,44,100,,
UMHL,38,44,100,,
UMHL,18,44,52,,
UMHL,41,44,130,,
GIC,49,19,50,,
PMHPL,32,34,10,,
HIDCL,49,58,46,,
HIDCL,49,36,50,,
HIDCL,49,41,25,,
HIDCL,49,28,879,,
MLBS,19,21,10,,
AKPL,44,52,99,,
JBBL,34,58,75,,
NIFRA,49,21,20,,
UMHL,45,44,1000,,
HIDCL,38,42,100,,
JBLB,44,16,10,,
JBLB,35,16,10,,
TPC,26,18,10,,
GBBL,42,48,100,,
CBBL,47,43,10,,
CBBL,42,43,40,,
NABIL,7,57,10,,
NABIL,55,57,50,,
NABIL,51,57,15,,
NABIL,8,57,50,,
HIDCL,34,28,100,,
ULI,57,21,10,,
SAHAS,58,58,10,,
SLICL,7,42,79,,
SLICL,58,42,20,,
HIDCL,38,51,595,,
HIDCL,18,51,140,,
NBL,22,37,100,,
HIDCL,57,51,65,,
KBL,34,52,10,,
SHINE,38,5,50,,
SHINE,38,34,100,,
SFCL,26,6,100,,
NRIC,45,41,58,,
NUBL,26,26,100,,
NUBL,45,26,100,,
NRIC,11,42,40,,
SLI,52,34,10,,
CFCL,14,38,100,,
NUBL,36,26,100,,
NUBL,34,26,20,,
HPPL,51,58,10,,
SINDU,42,42,50,,
SABSL,34,33,278,,
SABSL,28,33,100,,
SABSL,47,33,100,,
SABSL,21,33,100,,
SABSL,16,33,79,,
SABSL,58,33,24,,
AHPC,33,6,100,,
SABSL,14,33,10,,
SAHAS,58,44,10,,
KSBBL,50,28,23,,
CBBL,42,58,10,,
MEN,49,28,10,,
NHDL,41,33,100,,
UMHL,41,57,20,,
NUBL,21,3,100,,
MLBS,19,8,10,,
HDHPC,45,14,1500,,
MLBS,19,52,10,,
HIDCL,7,28,200,,
JBLB,35,58,10,,
AKPL,52,46,71,,
AKPL,54,46,89,,
SAHAS,58,34,10,,
HPPL,58,58,300,,
NRIC,6,41,42,,
NRIC,6,41,10,,
NRIC,6,14,50,,
NRIC,6,49,198,,
AHPC,32,6,200,,
SGI,43,57,10,,
NIFRA,17,29,30,,
MNBBL,34,56,20,,
CBL,33,49,225,,
GBBL,59,58,50,,
SAEF,7,47,20000,,
SAEF,7,33,20080,,
NLIC,3,40,30,,
AHPC,45,43,150,,
SHEL,28,56,60,,
PCBL,49,17,30,,
GBIME,7,34,456,,
GBIME,7,36,200,,
GBIME,7,7,100,,
GBIME,7,17,110,,
GBIME,7,57,99,,
GBIME,7,22,200,,
GBIME,7,14,1311,,
FMDBL,35,44,300,,
SJCL,13,46,150,,
HDHPC,49,19,100,,
PLI,52,21,10,,
SAHAS,58,57,10,,
SAHAS,28,57,40,,
SAHAS,28,17,10,,
SAHAS,28,45,10,,
SAHAS,28,34,10,,
SAHAS,28,58,10,,
SAHAS,28,45,10,,
SAHAS,28,16,10,,
UPPER,52,52,34,,
JBBL,16,58,110,,
AIL,42,1,10,,
RMDC,34,49,11,,
RMDC,34,48,11,,
GIC,49,50,350,,
NABIL,35,49,25,,
TPC,22,43,50,,
HDHPC,21,14,100,,
HDHPC,14,14,500,,
ADBL,32,41,20,,
NICA,34,57,250,,
SIFC,49,41,100,,
SIFC,49,41,100,,
KKHC,22,5,50,,
SIFC,46,45,100,,
JSLBB,58,54,13,,
JSLBB,36,54,20,,
JSLBB,13,54,20,,
MLBS,19,36,10,,
AHPC,45,6,273,,
AHPC,51,6,10,,
AHPC,37,6,217,,
SINDU,45,42,200,,
NHPC,50,17,875,,
MKJC,58,18,10,,
UMHL,18,49,10,,
NUBL,34,25,70,,
NUBL,34,26,100,,
NUBL,34,32,350,,
NUBL,34,16,109,,
ALICL,54,45,40,,
ALICL,38,45,100,,
ALICL,14,45,10,,
CFCL,14,38,50,,
SJCL,49,57,10,,
SHPC,38,45,10,,
CORBL,47,11,110,,
CORBL,47,11,50,,
BFC,49,38,48,,
HGI,25,42,21,,
AKJCL,52,1,15,,
CGH,57,48,20,,
SJCL,49,45,40,,
NUBL,55,16,20,,
NLIC,19,40,13,,
HDL,11,44,10,,
KSBBL,21,28,50,,
NICL,32,51,50,,
MLBS,59,47,50,,
MLBL,33,48,200,,
ULI,57,38,10,,
GBIME,28,58,100,,
NMB,29,16,689,,
NMB,34,16,500,,
NMB,43,16,25,,
NMB,19,16,1000,,
NMB,37,16,300,,
NMB,5,16,20,,
NMB,6,16,200,,
NMB,8,16,500,,
NMB,58,16,100,,
NMB,5,16,50,,
NMB,55,16,100,,
NMB,22,16,183,,
NRIC,43,49,200,,
KSBBL,21,28,100,,
KSBBL,45,28,27,,
NBL,59,51,50,,
NBL,36,51,50,,
HDHPC,58,14,50,,
SRBL,6,34,500,,
SRBL,6,45,150,,
SRBL,6,35,500,,
SRBL,6,44,300,,
SRBL,6,16,50,,
SRBL,6,43,500,,
LBL,6,6,100,,
GMFIL,45,50,50,,
NICLBSL,4,13,40,,
MNBBL,50,36,30,,
NMB,22,44,17,,
SLI,52,11,10,,
LICN,25,59,10,,
SAHAS,58,36,30,,
SAHAS,46,36,60,,
JBBL,33,58,100,,
CCBL,58,7,85,,
CCBL,58,57,90,,
CCBL,58,40,40,,
NMB,29,13,1000,,
SAHAS,46,42,10,,
SAHAS,46,33,10,,
SAHAS,46,44,10,,
SAHAS,46,58,10,,
CORBL,19,41,13,,
CORBL,36,41,97,,
HIDCL,28,28,1000,,
SFCL,58,5,1900,,
SFCL,21,5,100,,
BOKL,8,1,838,,
MERO,46,44,20,,
MERO,35,44,200,,
MERO,1,44,50,,
MERO,42,44,10,,
MERO,57,44,13,,
MLBS,19,38,10,,
BFC,49,38,125,,
MBL,34,36,100,,
MBL,16,36,1000,,
MBL,38,36,2334,,
JOSHI,57,8,20,,
SHPC,38,38,50,,
SHPC,38,45,19,,
SHEL,28,25,10,,
NEF,38,35,3374,,
NEF,52,35,1000,,
NGPL,36,45,100,,
GIC,49,10,10,,
GIC,49,6,10,,
GIC,49,6,10,,
GIC,49,29,50,,
GIC,49,57,10,,
GIC,49,21,100,,
GIC,49,41,10,,
GIC,49,46,10,,
GIC,49,19,10,,
NIFRA,32,38,50,,
ICFC,26,19,10,,
ICFC,26,45,300,,
NHPC,50,17,125,,
NRIC,29,28,530,,
MLBS,19,6,10,,
TRH,26,26,33,,
TRH,26,26,20,,
TRH,26,57,27,,
TRH,26,52,20,,
SJCL,45,45,200,,
NABIL,35,44,215,,
ALICL,42,29,55,,
API,26,26,500,,
PROFL,45,36,350,,
NHPC,20,17,1000,,
JLI,28,38,10,,
SAHAS,58,6,10,,
PCBL,37,17,30,,
RLI,5,49,10,,
AHPC,37,41,103,,
ULI,36,3,10,,
API,47,26,25,,
API,14,26,500,,
API,26,26,10,,
API,16,26,230,,
API,13,26,120,,
EBL,52,21,105,,
EBL,52,5,50,,
GLH,43,42,10,,
UPPER,52,49,50,,
AKPL,54,38,171,,
CFCL,14,38,150,,
AKPL,37,38,150,,
CFCL,5,38,50,,
KSBBL,16,58,30,,
JBBL,45,58,75,,
MLBL,17,48,300,,
SAHAS,58,58,10,,
FMDBL,45,44,50,,
NIFRA,32,21,60,,
GHL,25,19,10,,
HIDCL,48,34,25,,
API,13,56,150,,
NCCB,34,56,100,,
SANIMA,44,46,10,,
AKJCL,58,45,63,,
AKJCL,58,38,37,,
SIL,51,38,18,,
AHPC,37,38,180,,
AKJCL,19,33,68,,
AKJCL,19,28,232,,
NUBL,57,16,30,,
RLI,5,14,10,,
NLG,28,40,20,,
EIC,42,7,100,,
HDHPC,22,26,170,,
HDHPC,52,26,50,,
HDHPC,47,26,80,,
JBBL,55,58,55,,
UPPER,52,58,100,,
SSHL,32,58,95,,
NIFRA,34,1,20,,
NIFRA,35,1,28,,
BPCL,35,1,13,,
MLBS,19,6,10,,
PLI,41,4,100,,
PLI,29,4,10,,
NHPC,35,46,180,,
SHPC,5,45,100,,
BOKL,49,58,50,,
CHDC,33,21,15,,
GFCL,4,57,100,,
GFCL,50,57,20,,
GFCL,52,57,20,,
GFCL,35,57,50,,
GFCL,37,57,20,,
GFCL,11,57,100,,
GFCL,25,57,100,,
GFCL,51,57,300,,
GFCL,45,57,40,,
SFCL,8,29,200,,
KKHC,42,43,200,,
KKHC,41,43,10,,
KKHC,45,43,50,,
ULI,33,57,10,,
SAHAS,58,49,10,,
NHPC,35,41,187,,
GBIME,34,14,100,,
PLI,29,14,10,,
CIT,14,54,100,,
NLIC,28,40,100,,
PMHPL,32,52,10,,
BFC,49,26,10,,
BFC,14,26,50,,
API,13,1,150,,
API,13,18,40,,
API,13,19,40,,
EIC,14,41,25,,
HDHPC,47,44,10,,
HDHPC,32,44,40,,
SJCL,45,19,40,,
NLIC,50,52,11,,
NBL,46,57,61,,
NMB,7,13,50,,
MLBS,19,49,90,,
MLBS,19,45,10,,
MLBS,19,49,10,,
MLBS,19,57,20,,
CBBL,59,48,100,,
UPPER,52,44,316,,
JBBL,38,58,500,,
JBBL,47,58,1000,,
JBBL,28,58,1000,,
SAHAS,37,4,430,,
SAHAS,19,4,10,,
SAHAS,53,4,10,,
SAHAS,49,4,25,,
SAHAS,54,4,50,,
SAHAS,57,4,30,,
SAHAS,14,4,583,,
SAHAS,48,4,100,,
SAHAS,54,4,50,,
NRN,56,14,10,,
NIFRA,32,56,50,,
NLIC,42,40,10,,
GILB,34,5,14,,
GILB,14,5,11,,
GILB,13,5,50,,
GILB,25,5,20,,
GILB,17,5,225,,
GILB,6,5,50,,
GILB,17,5,200,,
GILB,36,5,30,,
ULI,33,49,10,,
PROFL,58,44,50,,
BOKL,5,58,10,,
NABIL,54,44,10,,
NICL,14,37,222,,
JLI,28,49,10,,
LGIL,40,44,300,,
SRBL,49,51,500,,
SRBL,49,40,500,,
SSHL,18,43,150,,
NICLBSL,4,50,10,,
CFCL,14,38,38,,
CFCL,51,38,12,,
JBBL,34,48,39,,
CFCL,18,38,100,,
CFCL,45,38,80,,
CFCL,58,38,50,,
CFCL,36,38,10,,
SANIMA,22,50,100,,
SANIMA,35,50,20,,
SANIMA,43,50,372,,
AHPC,32,38,100,,
SAHAS,54,57,10,,
NIFRA,35,14,10,,
AKJCL,59,28,588,,
JBLB,35,44,10,,
AKPL,54,58,95,,
AKPL,3,58,190,,
AKPL,13,58,50,,
CBL,33,58,200,,
AKPL,36,58,200,,
AKPL,21,58,26,,
PROFL,34,8,100,,
PROFL,45,8,100,,
PROFL,48,8,100,,
CFCL,36,38,40,,
CFCL,42,38,10,,
SINDU,42,22,327,,
NMB,45,13,100,,
ICFC,25,45,60,,
NRN,56,58,10,,
UNHPL,7,28,38,,
MFIL,44,35,20,,
NICA,41,57,50,,
JBBL,46,48,38,,
SPDL,34,42,410,,
UPPER,52,44,100,,
SJCL,45,48,55,,
SJCL,37,48,45,,
NLIC,38,40,10,,
NLIC,38,48,40,,
NGPL,35,38,10,,
NGPL,35,56,40,,
NGPL,35,22,110,,
NMFBS,45,6,20,,
RLI,5,38,10,,
HDHPC,32,52,60,,
SJCL,37,49,30,,
ULI,33,49,10,,
SJCL,6,49,10,,
DDBL,21,38,140,,
API,33,6,100,,
NABIL,49,44,32,,
GHL,25,1,30,,
NICLBSL,4,14,10,,
PROFL,48,32,23,,
AHPC,21,38,100,,
AHPC,21,20,100,,
BFC,42,58,15,,
SHINE,44,54,29,,
SHINE,53,54,71,,
PFL,45,35,50,,
CZBIL,53,42,50,,
CZBIL,53,39,50,,
NBF3,55,39,1800,,
NBF3,55,42,200,,
NUBL,14,58,30,,
GBIME,50,14,25,,
MLBL,10,44,30,,
MLBL,56,44,50,,
MLBL,42,44,500,,
MLBL,58,44,100,,
MLBL,26,44,400,,
MLBL,48,44,10,,
MLBL,41,44,10,,
MLBL,52,44,121,,
MLBL,20,44,200,,
MLBL,28,44,500,,
SHEL,28,42,100,,
ULI,33,49,10,,
STC,32,38,20,,
STC,32,50,10,,
STC,35,13,50,,
STC,34,13,10,,
STC,7,13,20,,
STC,58,13,10,,
STC,22,13,10,,
STC,42,13,10,,
STC,28,13,10,,
MERO,57,34,100,,
NIFRA,35,3,20,,
NICLBSL,19,28,180,,
NMB,32,13,100,,
NABIL,58,44,10,,
UNHPL,13,28,50,,
NRIC,35,25,100,,
CCBL,36,42,290,,
CCBL,19,42,100,,
CCBL,20,42,200,,
NIL,45,6,10,,
NMFBS,45,33,22,,
NIFRA,35,19,10,,
SICL,45,38,146,,
ICFC,34,45,100,,
JLI,28,14,10,,
SLI,42,14,10,,
HIDCL,49,28,44,,
HIDCL,49,10,200,,
HIDCL,49,13,55,,
HIDCL,49,58,31,,
NICL,32,47,576,,
NICL,33,47,108,,
KPCL,34,41,25,,
GIC,49,1,10,,
ALICL,5,38,100,,
HIDCL,21,58,20,,
SHL,25,40,150,,
SHL,22,40,300,,
SHL,43,40,100,,
SHINE,53,21,29,,
SHL,7,40,100,,
SHINE,13,28,47,,
SHINE,58,28,200,,
SHPC,8,33,50,,
SHPC,58,45,30,,
HIDCL,57,47,55,,
NUBL,39,16,100,,
UIC,39,21,43,,
GBIME,21,14,232,,
AHPC,17,38,10,,
ICFC,53,45,40,,
ICFC,53,21,50,,
UNHPL,36,28,400,,
BPCL,14,13,180,,
MLBS,57,38,20,,
MLBS,57,58,10,,
GIC,49,42,10,,
AHPC,5,38,500,,
NHPC,25,55,254,,
NHPC,28,55,100,,
NHPC,10,55,116,,
SAHAS,54,34,10,,
PMHPL,51,44,50,,
GLH,43,14,10,,
SICL,45,18,54,,
SICL,59,18,50,,
UMHL,18,49,38,,
UMHL,41,49,15,,
UMHL,14,49,25,,
API,26,17,10,,
PICL,13,55,100,,
NLIC,19,50,17,,
PLIC,5,28,30,,
UPPER,38,57,50,,
NGPL,34,22,50,,
NIFRA,35,58,32,,
NBF3,4,45,100,,
HPPL,53,58,100,,
HPPL,36,58,50,,
HPPL,37,58,44,,
HPPL,48,58,180,,
NRIC,48,36,100,,
NRIC,48,57,140,,
NRIC,48,39,85,,
NRIC,48,58,70,,
KRBL,21,58,77,,
KRBL,49,58,50,,
BBC,26,58,10,,
KRBL,45,58,20,,
KRBL,34,58,93,,
CBL,4,45,290,,
CBL,57,45,50,,
CBL,57,45,200,,
MEGA,49,42,18,,
MEGA,49,1,12,,
SPDL,34,56,150,,
SPDL,28,56,50,,
HURJA,56,1,20,,
SLICL,53,13,10,,
SAHAS,54,14,10,,
RLI,59,21,10,,
HIDCL,57,51,100,,
NLIC,51,50,40,,
SAHAS,54,48,20,,
AHPC,18,38,100,,
AHPC,18,55,100,,
MBL,38,40,11,,
SIFC,46,19,170,,
KKHC,50,57,40,,
NGPL,6,22,80,,
LLBS,58,51,10,,
SHEL,28,28,200,,
SLI,3,42,10,,
BFC,36,4,50,,
CHDC,3,35,145,,
NRIC,59,58,30,,
NRIC,59,21,70,,
SHINE,52,21,58,,
SAPDBL,20,46,200,,
SAPDBL,34,46,100,,
NLIC,50,50,10,,
JBLB,35,45,20,,
JBLB,41,45,10,,
AHPC,17,38,10,,
NUBL,41,16,200,,
MLBS,25,56,10,,
KRBL,34,25,23,,
TPC,22,6,10,,
NLIC,43,50,10,,
SHEL,28,58,50,,
NLIC,32,50,100,,
NLIC,1,50,10,,
MKJC,53,10,10,,
SHINE,52,34,67,,
SHINE,57,34,50,,
SHINE,26,34,33,,
JBLB,41,1,10,,
CFCL,32,38,13,,
CFCL,33,38,20,,
SJCL,57,49,20,,
CFCL,10,38,17,,
HDHPC,58,14,42,,
HDHPC,58,41,20,,
HDHPC,58,51,38,,
RLI,59,49,10,,
SDLBSL,59,49,100,,
MNBBL,56,42,11,,
MNBBL,56,1,28,,
JBBL,40,47,200,,
SAHAS,38,14,10,,
MNBBL,45,1,30,,
AHPC,14,58,370,,
AHPC,54,58,200,,
AHPC,28,58,440,,
SINDU,48,42,80,,
SINDU,5,42,10,,
SINDU,1,42,250,,
NLIC,45,8,11,,
NLIC,34,8,10,,
NLIC,32,8,50,,
NLIC,35,8,10,,
NLIC,38,8,58,,
NLIC,14,8,41,,
NLIC,33,8,10,,
NLIC,39,8,10,,
PCBL,45,54,20,,
NGPL,33,22,10,,
NGPL,57,22,10,,
NGPL,58,22,40,,
NGPL,3,22,50,,
MLBL,1,41,100,,
NBL,46,58,27,,
AKPL,13,14,50,,
KBL,51,49,100,,
KBL,57,49,70,,
SINDU,1,56,250,,
DDBL,1,41,20,,
MNBBL,53,1,10,,
HIDCL,57,28,780,,
HIDCL,56,28,100,,
HIDCL,57,28,50,,
HIDCL,26,28,70,,
BBC,37,58,10,,
BARUN,25,42,105,,
BARUN,5,42,10,,
BARUN,57,42,20,,
BARUN,39,42,100,,
BARUN,17,42,20,,
SLI,48,59,10,,
API,48,58,100,,
API,50,58,200,,
MSLB,1,36,12,,
GIC,49,21,10,,
RHPL,26,49,70,,
NABBC,48,49,10,,
SAEF,41,33,5000,,
SAEF,42,33,160,,
CHDC,33,34,10,,
JOSHI,57,1,20,,
JBBL,53,47,100,,
JBBL,35,47,200,,
TPC,22,1,10,,
API,38,6,20,,
GIC,49,33,10,,
GIC,49,36,130,,
GIC,49,52,10,,
GIC,49,53,10,,
GIC,49,55,10,,
GIC,49,58,17,,
EBL,11,38,98,,
GIC,49,28,10,,
GIC,49,34,10,,
GIC,49,52,10,,
NIFRA,17,58,18,,
NIFRA,17,41,42,,
NIFRA,17,42,10,,
AHPC,28,56,60,,
NMB50,28,28,3000,,
NMB50,41,28,4000,,
KKHC,49,57,20,,
KKHC,34,57,100,,
KKHC,56,57,30,,
KKHC,58,57,10,,
KKHC,57,57,50,,
RLFL,57,33,30,,
RLFL,34,33,20,,
NRIC,16,8,30,,
LBBL,17,11,40,,
CFCL,10,13,50,,
GBIME,28,42,100,,
RLI,59,49,10,,
MLBL,52,48,879,,
MLBL,45,48,200,,
MLBL,45,48,200,,
MLBL,39,48,200,,
MLBL,57,48,100,,
MLBL,45,48,20,,
SANIMA,43,17,578,,
MLBL,34,48,500,,
MLBL,45,48,10,,
MLBL,28,48,500,,
MLBL,45,48,120,,
MLBL,1,48,90,,
MLBL,48,48,181,,
SIFC,55,57,15,,
SIFC,16,57,435,,
SIFC,1,57,50,,
SIFC,52,19,20,,
LGIL,42,44,59,,
SAHAS,38,11,10,,
SLI,3,38,10,,
MLBL,48,49,100,,
SCB,50,56,28,,
SCB,41,56,22,,
GFCL,45,41,60,,
MERO,57,59,37,,
MERO,57,59,20,,
MERO,59,59,133,,
PFL,6,8,200,,
STC,28,57,90,,
STC,57,57,10,,
UMHL,38,44,11,,
API,22,6,80,,
API,22,58,20,,
UIC,37,21,500,,
UIC,39,21,257,,
LBL,44,33,10,,
NHPC,25,52,450,,
NHPC,25,46,50,,
PRVU,6,1,100,,
SLI,3,58,10,,
SANIMA,43,42,50,,
GBBL,42,44,50,,
SANIMA,42,42,50,,
NRIC,21,8,50,,
PLI,29,49,10,,
SICL,41,8,25,,
SICL,13,8,25,,
SICL,25,8,25,,
SICL,14,8,40,,
SICL,42,8,20,,
SICL,26,8,25,,
NMBHF1,28,28,1578,,
NMBHF1,38,28,2500,,
AKJCL,49,28,30,,
AKJCL,49,28,150,,
ICFC,53,1,10,,
NFS,38,21,10,,
NFS,29,21,60,,
AKPL,29,51,100,,
MERO,22,59,210,,
JBLB,41,49,10,,
NGPL,36,33,120,,
HDHPC,58,38,138,,
HDHPC,22,38,38,,
MERO,22,57,90,,
SHPC,7,45,23,,
NHPC,10,21,34,,
NHPC,16,21,236,,
NIFRA,35,42,100,,
AKJCL,49,48,850,,
MKJC,53,28,100,,
FMDBL,53,44,10,,
NIFRA,32,56,60,,
SGI,43,45,10,,
SPDL,28,34,50,,
PROFL,20,19,80,,
PROFL,52,19,10,,
PROFL,52,19,10,,
SMFBS,55,34,40,,
PCBL,57,34,150,,
NMB,16,13,200,,
GBIME,28,49,40,,
MEGA,32,17,55,,
BOKL,57,58,50,,
MNBBL,42,1,45,,
SFCL,21,35,100,,
CBL,40,45,100,,
UIC,39,16,108,,
NABIL,56,44,23,,
MNBBL,50,1,10,,
SCB,1,5,100,,
SIFC,1,19,200,,
SAPDBL,20,21,100,,
SFCL,43,17,100,,
NUBL,17,42,56,,
CBL,57,45,500,,
NLICL,39,8,100,,
NIFRA,32,25,10,,
NLIC,50,50,10,,
EBL,21,29,100,,
PCBL,57,49,250,,
PCBL,57,49,662,,
JBLB,41,44,10,,
RLI,59,16,10,,
RLFL,34,56,80,,
NMFBS,43,33,20,,
GRDBL,32,43,282,,
GRDBL,4,43,25,,
NICLBSL,4,56,10,,
HIDCL,26,34,50,,
NIFRA,58,45,17,,
NGPL,41,38,10,,
NGPL,41,21,25,,
NHDL,28,33,100,,
NHDL,38,33,83,,
API,36,21,10,,
NHPC,57,58,100,,
NLIC,1,50,20,,
NLIC,41,50,20,,
NLIC,45,50,61,,
SRBL,22,47,31,,
SRBL,22,43,50,,
NLIC,45,48,29,,
SAHAS,28,44,10,,
SAHAS,28,55,10,,
SAHAS,28,44,10,,
SHPC,49,45,70,,
SHPC,6,45,200,,
SHPC,58,45,100,,
SHPC,38,45,15,,
SHPC,58,45,20,,
SHPC,13,45,58,,
MLBL,48,14,19,,
UPCL,35,58,157,,
IGI,8,5,20,,
IGI,21,5,50,,
IGI,50,5,20,,
IGI,41,5,10,,
IGI,58,5,1482,,
IGI,50,5,500,,
LBBL,19,37,140,,
AHPC,14,28,439,,
AHPC,3,28,56,,
MLBS,10,21,10,,
SAHAS,21,39,10,,
GRDBL,4,54,25,,
MEGA,58,1,10,,
MEGA,32,42,55,,
MEGA,51,42,10,,
MEGA,46,42,15,,
MEGA,48,42,50,,
MEGA,38,42,110,,
NIFRA,32,56,10,,
NIFRA,28,56,50,,
NHDL,38,51,17,,
UNHPL,38,58,75,,
UNHPL,38,41,132,,
TPC,22,56,10,,
SJCL,57,44,40,,
NICLBSL,4,57,40,,
NICLBSL,17,57,20,,
BOKL,38,58,190,,
UPPER,42,49,4,,
NIFRA,28,56,100,,
STC,38,34,10,,
STC,36,34,15,,
MLBL,1,14,10,,
MSLB,1,51,75,,
MSLB,52,51,25,,
NRN,56,49,10,,
GMFIL,48,47,50,,
JBBL,35,16,150,,
NMBMF,28,44,20,,
NLG,36,58,10,,
HIDCL,37,34,30,,
HIDCL,37,52,200,,
BFC,16,41,25,,
RADHI,54,6,59,,
KSBBL,42,37,70,,
GBBL,55,44,125,,
GBBL,58,44,100,,
GBBL,17,44,20,,
CBL,58,45,120,,
PFL,1,35,50,,
PFL,1,36,200,,
NLIC,45,45,10,,
NLIC,4,45,20,,
CBBL,47,49,70,,
CBBL,33,49,30,,
CBBL,37,49,100,,
MHNL,57,13,20,,
NLBBL,49,13,150,,
MHNL,56,13,50,,
MHNL,35,13,10,,
NLBBL,59,13,100,,
KPCL,19,1,10,,
GBIME,4,14,500,,
MPFL,38,48,80,,
MPFL,57,48,100,,
MPFL,8,48,50,,
MPFL,42,48,50,,
GRDBL,32,8,298,,
GRDBL,33,8,47,,
GRDBL,21,8,10,,
SLI,41,25,10,,
NLIC,42,48,10,,
MFIL,39,51,11,,
MFIL,13,51,59,,
SAHAS,21,56,10,,
ALBSL,57,58,17,,
API,53,19,10,,
MLBS,47,21,10,,
SIFC,49,19,10,,
SLI,49,49,10,,
NCCBPO,48,18,4706,,
HDL,26,8,25,,
UMRH,28,58,50,,
HPPL,37,22,86,,
BFC,47,1,60,,
AKPL,14,49,46,,
NIFRA,34,45,13,,
SWBBL,3,21,100,,
HIDCL,5,49,200,,
HIDCL,35,49,40,,
HIDCL,11,49,948,,
HIDCL,48,49,100,,
HIDCL,35,49,500,,
HIDCL,45,49,300,,
HIDCL,13,49,700,,
HIDCL,19,49,101,,
HIDCL,49,49,150,,
HIDCL,21,49,70,,
HIDCL,34,49,882,,
NRIC,47,49,50,,
MNBBL,57,1,40,,
HPPL,37,42,500,,
SPDL,34,41,100,,
STC,6,38,10,,
NMFBS,47,33,50,,
NMFBS,35,33,29,,
NMFBS,28,33,39,,
PRVU,6,49,50,,
PROFL,38,57,50,,
PROFL,6,57,100,,
MNBBL,44,1,20,,
ULI,33,26,10,,
MLBL,43,14,200,,
SIFC,39,19,100,,
MEGA,38,52,90,,
MEGA,28,52,10,,
SHINE,54,28,153,,
RHPL,45,49,40,,
FMDBL,22,44,100,,
FMDBL,19,44,100,,
FMDBL,28,44,500,,
FMDBL,10,44,20,,
FMDBL,18,44,50,,
FMDBL,17,44,220,,
FMDBL,17,44,200,,
FMDBL,17,44,20,,
NIL,51,42,30,,
UMHL,48,44,10,,
NLIC,58,48,20,,
NABIL,34,44,10,,
NICL,33,56,15,,
NICL,25,56,60,,
PROFL,53,32,52,,
PROFL,26,32,100,,
PROFL,50,32,10,,
PROFL,45,32,15,,
MERO,22,51,17,,
UNHPL,42,41,50,,
LICN,25,1,14,,
CBL,42,45,300,,
CBL,49,45,60,,
CBL,14,45,20,,
CBL,17,45,200,,
CBL,14,45,100,,
CBL,7,45,660,,
GBIME,28,42,150,,
MLBS,47,33,10,,
NABIL,52,51,10,,
NBL,58,40,20,,
SJCL,57,21,20,,
CHL,59,21,11,,
SICL,56,38,100,,
SAHAS,21,58,10,,
MLBBL,14,42,10,,
NGPL,6,33,200,,
MNBBL,51,1,15,,
HDL,58,8,15,,
UPPER,14,47,22,,
FOWAD,48,33,17,,
NLIC,17,40,10,,
SAHAS,21,26,10,,
UPPER,40,47,200,,
UPPER,49,47,10,,
AKPL,54,49,100,,
PMHPL,44,28,100,,
MLBL,47,14,270,,
SANIMA,29,58,50,,
SANIMA,44,58,10,,
SANIMA,17,58,32,,
CGH,45,48,25,,
PROFL,45,32,485,,
PROFL,57,32,100,,
PROFL,48,32,100,,
PROFL,51,32,50,,
PROFL,4,32,55,,
SANIMA,58,33,307,,
JBLB,41,38,10,,
GBIME,28,46,100,,
GBIME,45,46,100,,
NMFBS,28,49,61,,
NICA,45,56,40,,
GBLBS,26,42,61,,
GBLBS,14,42,28,,
GBLBS,57,42,10,,
SHPC,13,58,92,,
KRBL,47,25,77,,
ALICL,34,29,500,,
ALICL,13,29,10,,
ALICL,29,29,1000,,
ALICL,43,29,25,,
ALICL,13,29,20,,
ALICL,51,29,50,,
ALICL,22,29,20,,
ALICL,13,29,20,,
ALICL,57,29,100,,
ALICL,6,29,20,,
ALICL,28,29,500,,
ALICL,39,29,100,,
ALICL,45,29,100,,
ALICL,35,29,500,,
ALICL,42,29,20,,
ALICL,28,29,100,,
ALICL,11,29,20,,
ALICL,25,29,200,,
ALICL,46,29,189,,
NHPC,45,33,112,,
NHPC,45,44,10,,
NHPC,45,19,100,,
KSBBL,42,21,30,,
MNBBL,39,1,15,,
MNBBL,1,1,20,,
MNBBL,21,1,30,,
MNBBL,48,1,500,,
MNBBL,43,1,21,,
LBL,6,13,40,,
NUBL,49,16,19,,
LBL,1,13,10,,
NUBL,49,21,92,,
NHPC,17,47,150,,
GBBL,22,42,100,,
TPC,22,55,10,,
HIDCL,34,28,20,,
JBBL,35,42,50,,
MLBS,47,53,10,,
HIDCL,34,38,98,,
HIDCL,35,38,20,,
HIDCL,19,38,50,,
HIDCL,43,38,102,,
MNBBL,41,36,20,,
SHEL,28,45,10,,
SAHAS,21,26,10,,
HDHPC,22,58,50,,
PMHPL,32,34,50,,
NICLBSL,17,39,20,,
BOKL,41,58,100,,
BOKL,42,58,50,,
BOKL,48,58,150,,
BOKL,58,58,100,,
BOKL,3,36,10,,
HDHPC,22,16,700,,
NLIC,22,40,10,,
SAHAS,21,13,10,,
NHDL,38,40,100,,
SJCL,57,21,20,,
PLI,29,49,10,,
UNHPL,49,41,20,,
CGH,34,56,40,,
CGH,34,21,10,,
AKPL,34,49,30,,
UNHPL,6,58,10,,
BPCL,14,38,20,,
NIL,41,42,100,,
NLIC,49,49,45,,
NLIC,39,49,10,,
NLIC,52,49,10,,
NLIC,36,49,19,,
KSBBL,7,21,20,,
KSBBL,7,49,80,,
CBL,7,46,340,,
CBL,25,46,160,,
NMB,48,13,10,,
NMB,58,13,10,,
NMB,45,13,200,,
NMB,52,13,200,,
NMB,11,13,100,,
NMB,43,13,25,,
NMB,58,13,100,,
NMB,47,13,30,,
SICL,52,38,100,,
NSLB,38,44,10,,
JBBL,49,52,300,,
MKLB,42,35,20,,
MKLB,54,35,10,,
CFCL,48,29,10,,
HIDCL,43,28,198,,
HIDCL,34,28,102,,
HIDCL,25,28,200,,
HIDCL,35,28,400,,
HIDCL,19,28,100,,
NBL,58,41,6,,
NBL,58,1,128,,
HDHPC,58,16,25,,
HDHPC,8,16,200,,
HDHPC,34,16,75,,
UMHL,49,16,216,,
UMHL,36,16,100,,
UMHL,55,16,2000,,
UMHL,45,16,100,,
UMHL,22,16,50,,
UMHL,42,16,200,,
UMHL,6,16,150,,
UMHL,57,16,500,,
UMHL,50,16,50,,
UMHL,35,16,100,,
UMHL,26,16,100,,
UMHL,14,16,100,,
UMHL,44,16,500,,
UMHL,26,16,500,,
UMHL,41,16,100,,
UMHL,6,16,200,,
UMHL,13,16,200,,
UMHL,5,16,10,,
UMHL,26,16,50,,
UMHL,43,16,200,,
UMHL,43,16,200,,
UMHL,14,16,50,,
UMHL,21,16,100,,
UMHL,46,16,200,,
PRVU,6,6,46,,
HDHPC,34,51,25,,
HDHPC,6,51,200,,
HDHPC,19,51,25,,
HDHPC,6,51,40,,
HDHPC,58,51,30,,
HDHPC,56,51,50,,
HDHPC,20,51,300,,
SANIMA,16,33,200,,
JBBL,35,38,100,,
MBL,16,36,1000,,
MBL,22,36,1000,,
NIFRA,11,42,100,,
NIFRA,19,42,10,,
NIFRA,34,42,740,,
NIFRA,34,49,60,,
AKPL,43,58,25,,
AKJCL,59,57,300,,
KBL,57,41,50,,
UPPER,49,57,20,,
NIFRA,34,19,50,,
RHPL,45,10,80,,
RHPL,45,50,180,,
MNBBL,41,36,50,,
SIFC,4,34,100,,
NMB,47,7,70,,
MLBS,47,17,10,,
GHL,8,43,50,,
SFCL,26,34,100,,
FMDBL,17,42,140,,
SADBL,49,21,19,,
TPC,22,35,10,,
UPPER,47,26,200,,
NBB,22,4,10,,
ULI,36,49,10,,
KSBBL,45,49,20,,
TPC,22,58,10,,
MLBSL,34,58,10,,
MLBSL,51,58,60,,
MLBSL,49,58,80,,
MLBSL,42,58,10,,
CHDC,33,8,10,,
NHDL,41,33,100,,
NHDL,32,33,85,,
NICLBSL,17,49,10,,
EIC,26,40,100,,
RHPL,45,26,200,,
BOKL,58,34,100,,
SAHAS,21,21,10,,
EIC,32,56,40,,
AKPL,45,58,200,,
CZBIL,39,42,30,,
CZBIL,58,42,70,,
GHL,8,43,50,,
GBBL,22,40,100,,
GBBL,6,40,100,,
GBBL,4,40,300,,
NUBL,49,58,16,,
AKJCL,59,28,80,,
NMB,58,1,17,,
SLI,41,7,10,,
NABIL,48,51,50,,
RBCL,59,47,50,,
UPCL,50,58,25,,
CFCL,10,38,33,,
CFCL,32,38,17,,
LEC,51,7,100,,
NABIL,25,51,40,,
HIDCL,35,42,100,,
SLI,58,50,10,,
UPCL,7,58,10,,
NUBL,49,25,73,,
SSHL,34,11,10,,
NUBL,35,25,27,,
CBL,48,14,10,,
NBL,58,40,10,,
CIT,3,33,100,,
CIT,3,47,283,,
ALICL,16,29,100,,
ALICL,1,29,85,,
ALICL,42,29,30,,
FMDBL,17,42,40,,
FMDBL,56,42,460,,
SIFC,1,36,50,,
SICL,13,38,50,,
ULI,36,26,10,,
NGPL,34,43,120,,
CFCL,44,29,10,,
EICPO,4,46,10,,
JLI,16,49,10,,
JBBL,34,34,151,,
JBBL,49,34,50,,
JBBL,17,34,50,,
JBBL,43,34,49,,
SAHAS,21,42,10,,
DHPL,50,35,50,,
DHPL,58,35,20,,
DHPL,46,35,24,,
UPPER,42,44,50,,
UPPER,52,44,100,,
GLH,58,8,10,,
EIC,32,44,100,,
MHNL,7,57,50,,
RHPL,45,59,70,,
UPCL,50,58,50,,
RADHI,28,6,41,,
RADHI,28,10,10,,
RADHI,28,43,100,,
RADHI,28,42,49,,
SHL,58,50,200,,
ALICL,1,17,15,,
ALICL,45,17,15,,
NIFRA,42,21,115,,
NTC,59,32,40,,
MLBL,38,14,11,,
NIFRA,42,25,200,,
RHPL,20,52,80,,
GBIME,17,14,200,,
AKJCL,59,42,32,,
NUBL,52,21,35,,
NUBL,52,25,25,,
NUBL,52,59,10,,
HPPL,37,49,10,,
SADBL,49,57,200,,
SADBL,22,57,100,,
UNHPL,14,41,100,,
UNHPL,14,41,50,,
UNHPL,49,41,13,,
SAHAS,21,35,10,,
NRIC,34,1,40,,
NTC,59,38,10,,
NTC,59,58,132,,
CHDC,22,35,100,,
CHDC,22,35,70,,
CHDC,3,35,200,,
MEN,49,8,10,,
SDLBSL,59,49,16,,
CCBL,20,42,100,,
GLBSL,51,4,10,,
GLBSL,34,4,10,,
GLBSL,35,4,20,,
GLBSL,47,4,10,,
GLBSL,1,4,30,,
NRN,56,49,10,,
SIFC,42,36,50,,
SAHAS,21,33,10,,
SRBL,38,45,110,,
PLI,29,42,10,,
UPPER,52,21,50,,
HDHPC,56,21,250,,
HDHPC,50,21,100,,
HDHPC,44,21,300,,
HDHPC,43,21,50,,
HDHPC,48,21,1000,,
HDHPC,57,21,100,,
NLIC,13,40,10,,
SAHAS,47,49,10,,
MLBSL,16,42,10,,
RLFL,53,1,55,,
RLFL,53,57,105,,
RLFL,57,57,50,,
RLFL,6,57,30,,
RLFL,45,57,30,,
RLFL,6,57,100,,
RLFL,1,57,50,,
UPCL,50,58,100,,
NICLBSL,4,28,415,,
UMHL,21,13,25,,
CIT,52,47,20,,
API,48,26,30,,
SANIMA,45,33,100,,
UMHL,41,13,100,,
SAHAS,47,44,10,,
SAHAS,4,21,10,,
CIT,58,47,30,,
CIT,1,56,15,,
CIT,14,56,10,,
SLI,41,46,10,,
SANIMA,43,33,50,,
NHPC,38,58,68,,
NHPC,45,58,10,,
SBL,41,17,100,,
ICFC,20,41,47,,
HIDCL,34,55,56,,
SAHAS,4,33,10,,
SBL,50,47,500,,
NIFRA,42,8,60,,
GBBL,49,1,96,,
JBLB,41,7,50,,
AKPL,3,58,10,,
AKPL,45,58,10,,
MFIL,13,44,11,,
MFIL,4,44,89,,
MFIL,35,44,100,,
RHPL,45,26,1000,,
RHPL,45,8,960,,
MMFDB,8,14,50,,
NICLBSL,4,21,50,,
NTC,3,55,24,,
UNL,35,6,50,,
UNL,45,6,10,,
UNL,38,6,10,,
SSHL,54,49,40,,
SSHL,43,49,50,,
PCBL,57,45,42,,
PCBL,35,45,40,,
PCBL,50,45,50,,
CBBL,33,57,20,,
CBBL,43,57,10,,
CBBL,16,57,20,,
CLBSL,57,33,11,,
SADBL,58,21,200,,
NRN,56,1,10,,
RLFL,49,1,75,,
RLFL,35,1,20,,
NBL,34,29,100,,
HDHPC,57,21,100,,
HIDCL,21,13,270,,
HIDCL,21,28,730,,
HDHPC,14,21,50,,
HDHPC,22,21,50,,
SAHAS,4,52,10,,
TPC,22,52,10,,
SHINE,54,19,50,,
SHINE,54,58,297,,
HIDCL,21,28,170,,
NICLBSL,4,28,10,,
ULI,36,38,10,,
FMDBL,56,6,40,,
SPDL,26,57,106,,
SPDL,35,57,500,,
SPDL,42,57,10,,
SPDL,39,57,10,,
SPDL,35,57,10,,
SPDL,57,57,100,,
SPDL,57,57,34,,
SPDL,32,57,200,,
SPDL,25,57,30,,
NICLBSL,58,6,10,,
NICLBSL,58,29,10,,
PLI,29,8,10,,
AKJCL,52,48,330,,
AKJCL,45,48,100,,
AKJCL,13,48,20,,
AKJCL,53,48,500,,
AKJCL,50,48,50,,
AKPL,42,58,20,,
ULI,36,50,10,,
MLBS,5,20,10,,
JBBL,49,58,5,,
NTC,29,55,20,,
NTC,32,55,250,,
GMFIL,41,47,50,,
NIFRA,42,33,50,,
CHDC,22,4,30,,
CHDC,35,4,10,,
CHDC,53,4,50,,
CHDC,8,4,10,,
NRN,56,53,230,,
NRN,16,53,10,,
NRN,17,53,60,,
LEC,6,58,10,,
API,48,57,100,,
API,26,57,100,,
CBL,25,42,40,,
CBL,58,42,50,,
CBL,51,42,10,,
MLBS,6,34,10,,
MLBS,6,58,10,,
UMRH,28,58,20,,
TPC,22,19,10,,
ICFC,56,41,33,,
OHL,17,14,150,,
SICL,21,46,99,,
SICL,42,46,40,,
API,45,49,377,,
UMHL,14,13,25,,
SAPDBL,20,35,21,,
NRIC,34,28,60,,
NRIC,36,28,30,,
NRIC,7,28,70,,
NRIC,51,28,70,,
NRIC,29,28,245,,
NRIC,28,28,100,,
NRIC,14,28,25,,
SGI,49,8,10,,
HIDCL,34,53,100,,
HIDCL,34,11,50,,
HIDCL,35,11,200,,
HIDCL,38,11,100,,
HIDCL,7,11,100,,
MNBBL,43,18,29,,
JBLB,57,26,10,,
MNBBL,35,18,250,,
MNBBL,5,18,255,,
ICFC,56,21,100,,
NMBMF,28,16,45,,
NMBMF,43,16,14,,
NMBMF,19,16,51,,
NMBMF,42,16,50,,
LEC,21,58,100,,
NMBMF,55,16,40,,
NTC,19,58,100,,
PPCL,28,58,500,,
UPPER,52,43,10,,
UPPER,52,1,40,,
UPPER,52,28,100,,
NHPC,21,38,50,,
MNBBL,5,58,45,,
MNBBL,38,58,55,,
IGI,58,49,18,,
IGI,33,49,82,,
UMHL,49,13,150,,
MBL,38,13,50,,
SLI,41,46,10,,
CGH,34,21,20,,
HIDCL,7,13,75,,
VLBS,1,3,158,,
VLBS,38,3,10,,
VLBS,57,3,32,,
AHPC,32,6,50,,
NIFRA,42,47,50,,
UMHL,26,13,500,,
UMHL,39,13,100,,
UMHL,45,13,100,,
NHPC,38,21,55,,
NTC,19,25,200,,
SAPDBL,45,44,473,,
SAPDBL,13,44,150,,
SAPDBL,19,44,200,,
SAPDBL,55,44,1000,,
SAPDBL,34,44,90,,
SAPDBL,52,44,10,,
SAPDBL,10,44,250,,
SAPDBL,35,44,500,,
SAPDBL,57,44,100,,
SAPDBL,57,44,100,,
SAPDBL,51,44,100,,
SAPDBL,34,44,100,,
SAPDBL,42,44,20,,
SAPDBL,32,44,265,,
KSBBL,45,37,10,,
SHEL,28,19,10,,
UMHL,33,7,100,,
UMHL,45,7,100,,
UMHL,26,7,25,,
UMHL,14,7,170,,
HDHPC,6,14,190,,
HDHPC,6,33,110,,
NTC,32,45,220,,
MDB,59,4,165,,
MDB,42,4,50,,
MDB,42,4,10,,
MDB,59,4,100,,
MDB,45,4,100,,
MDB,26,4,75,,
SIFC,57,36,500,,
NUBL,19,59,90,,
PIC,43,48,20,,
MLBSL,16,42,15,,
API,26,49,65,,
API,26,19,85,,
API,26,21,50,,
NHPC,16,38,10,,
LBBL,45,21,400,,
LBBL,45,4,150,,
PMHPL,1,34,60,,
BOKL,33,36,100,,
HIDCL,7,49,325,,
CHDC,8,44,10,,
NRIC,45,39,15,,
UMHL,21,50,150,,
AHPC,25,6,30,,
SLICL,38,45,10,,
SCB,41,5,57,,
ULI,36,14,10,,
SAHAS,4,34,10,,
DDBL,21,34,22,,
JOSHI,57,38,10,,
SLI,41,57,10,,
AHPC,45,6,93,,
ICFC,56,45,367,,
ICFC,57,45,10,,
ICFC,58,45,68,,
ICFC,16,45,55,,
PROFL,4,43,445,,
PROFL,21,43,40,,
PROFL,19,43,515,,
UPCL,58,1,28,,
UPCL,58,1,20,,
NTC,18,45,250,,
PRVU,56,33,200,,
PRVU,39,33,292,,
BOKL,58,42,100,,
RLI,59,46,32,,
FMDBL,43,6,10,,
SJCL,44,6,180,,
EDBL,56,34,86,,
EDBL,21,34,30,,
RHPL,28,8,90,,
SAHAS,4,17,160,,
SAHAS,14,17,100,,
SAHAS,34,17,60,,
SAHAS,39,17,460,,
SAHAS,26,17,20,,
SAHAS,39,17,80,,
SAHAS,16,17,10,,
SAHAS,57,17,100,,
SAHAS,1,17,10,,
JBBL,43,38,61,,
CBBL,58,3,20,,
CBBL,41,3,100,,
CBBL,49,3,10,,
CBBL,16,3,100,,
CBBL,14,3,10,,
CBBL,58,3,10,,
CBBL,32,3,150,,
UNHPL,49,10,52,,
UPCL,29,58,143,,
GLH,58,26,10,,
SGI,50,14,10,,
PROFL,19,43,485,,
PROFL,57,43,200,,
PROFL,52,43,20,,
PROFL,6,43,25,,
PROFL,41,43,50,,
PROFL,45,43,100,,
PROFL,33,43,100,,
PROFL,19,43,20,,
SHINE,26,51,400,,
CBL,42,42,70,,
CBL,42,4,25,,
TRH,43,17,500,,
SHPC,38,50,10,,
SHEL,28,28,50,,
DHPL,46,57,26,,
GMFIL,41,6,50,,
NRIC,14,32,25,,
NBF3,4,57,500,,
NBF3,49,57,500,,
SBL,44,38,875,,
SBL,48,38,300,,
SBL,17,38,80,,
SBL,28,38,985,,
JBBL,20,50,100,,
JBBL,20,8,10,,
NRIC,29,35,215,,
NRIC,33,35,60,,
GIC,39,49,10,,
AHPC,45,50,80,,
BARUN,55,47,15,,
BARUN,25,47,100,,
BARUN,25,47,200,,
BARUN,48,47,200,,
BARUN,25,47,35,,
BARUN,59,47,100,,
BARUN,41,47,200,,
BARUN,33,47,150,,
NRIC,33,14,40,,
BARUN,33,33,50,,
MFIL,26,45,200,,
MFIL,6,45,100,,
MFIL,34,45,81,,
MFIL,34,45,61,,
MFIL,7,45,50,,
MLBS,21,57,10,,
NTC,35,45,40,,
UPPER,56,44,65,,
UPPER,59,44,135,,
STC,47,47,10,,
SLI,44,13,10,,
FMDBL,6,42,60,,
ICFC,16,45,45,,
ICFC,35,45,15,,
ICFC,37,45,100,,
ICFC,22,45,10,,
ICFC,50,45,60,,
ICFC,45,45,50,,
SJCL,44,1,20,,
LBBL,38,8,90,,
UPPER,59,26,700,,
NABIL,41,49,55,,
NABIL,1,49,50,,
NABIL,32,49,300,,
NABIL,34,49,10,,
NABIL,34,49,60,,
NABIL,21,49,20,,
NABIL,13,49,10,,
NABIL,35,49,100,,
NABIL,22,49,50,,
NABIL,10,49,10,,
NABIL,22,49,15,,
NABIL,52,49,10,,
NABIL,48,49,50,,
NABIL,54,49,10,,
NABIL,49,49,65,,
NABIL,39,49,100,,
NABIL,1,49,12,,
CHDC,8,49,10,,
MEN,49,49,10,,
NABIL,8,49,114,,
UMHL,14,52,30,,
UMHL,17,52,100,,
UMHL,46,52,190,,
MLBS,42,42,10,,
SLI,44,42,10,,
GIC,39,42,10,,
MLBL,45,38,100,,
MLBL,45,43,138,,
RHPL,28,49,10,,
GHL,8,32,165,,
MLBS,42,21,10,,
MLBS,42,42,10,,
SAHAS,1,44,10,,
LBL,6,47,10,,
CHDC,8,14,10,,
MKJC,28,46,10,,
ULI,36,43,10,,
NABIL,38,1,10,,
AHPC,3,49,40,,
NLICL,36,58,100,,
UPCL,29,38,57,,
SLI,44,21,10,,
NUBL,19,21,10,,
GBBL,49,44,93,,
AKPL,54,50,25,,
SHINE,26,28,67,,
SHINE,42,28,50,,
SHINE,58,28,10,,
NIFRA,42,32,50,,
MLBS,42,21,10,,
SLI,44,57,10,,
HDL,49,45,20,,
RLI,49,46,50,,
RLI,43,46,20,,
UPPER,59,49,40,,
UPPER,59,50,100,,
UPPER,59,58,25,,
SICL,42,45,10,,
SICL,20,45,30,,
UMRH,41,58,10,,
KLBSL,6,44,20,,
CFCL,32,44,983,,
CFCL,11,44,200,,
CFCL,28,44,200,,
CFCL,45,44,200,,
CFCL,14,44,50,,
LBBL,20,8,10,,
SANIMA,11,33,10,,
CBBL,21,41,10,,
CBBL,7,41,50,,
CBBL,52,41,10,,
CBBL,49,41,20,,
CBBL,17,41,30,,
CBBL,26,41,10,,
CBBL,58,41,20,,
CBBL,22,41,30,,
NIFRA,42,22,30,,
CGH,41,56,40,,
CGH,33,56,10,,
NMB,48,16,10,,
NLIC,33,40,50,,
NLIC,57,40,30,,
NLIC,7,40,100,,
NLIC,49,40,13,,
NLIC,43,40,30,,
NLIC,42,40,65,,
NLIC,38,40,50,,
NLIC,51,40,25,,
NLIC,1,40,10,,
NLIC,49,40,20,,
NLIC,46,40,100,,
NLIC,35,40,20,,
NLIC,42,40,30,,
NLIC,58,40,15,,
NLIC,48,40,50,,
NLIC,6,40,10,,
NLIC,56,40,25,,
NLIC,38,40,10,,
NLIC,17,40,200,,
NLIC,17,40,300,,
NLIC,57,40,10,,
NLIC,16,40,25,,
NLIC,16,40,25,,
NLIC,6,40,20,,
NLIC,34,40,100,,
NLIC,7,40,25,,
NLIC,22,40,34,,
NLIC,58,40,20,,
NLIC,28,40,10,,
NLIC,19,40,10,,
NLIC,16,40,100,,
NLIC,22,40,10,,
ULI,36,49,10,,
NLIC,39,40,10,,
SHIVM,41,1,50,,
NLIC,21,40,20,,
NLIC,56,40,50,,
NLIC,58,40,10,,
NLIC,59,40,50,,
NLIC,58,40,10,,
NLIC,34,40,100,,
NLIC,25,40,50,,
NLIC,36,40,100,,
NLIC,17,40,100,,
NLIC,45,40,100,,
NLIC,10,40,40,,
NLIC,42,40,10,,
NLIC,58,40,35,,
NLIC,29,40,50,,
NLIC,4,40,50,,
NLIC,50,40,20,,
NLIC,13,40,1298,,
AHPC,45,44,27,,
AHPC,38,44,25,,
AHPC,51,44,50,,
AHPC,21,44,98,,
PMHPL,1,38,10,,
EIC,32,58,140,,
ALBSL,57,42,12,,
GBIME,47,14,200,,
SFCL,59,32,100,,
MLBSL,13,44,10,,
HIDCL,38,28,100,,
UPPER,50,58,275,,
UPPER,50,44,225,,
HIDCL,46,28,100,,
HIDCL,46,43,900,,
NUBL,13,21,10,,
NLG,17,6,10,,
NLG,17,47,24,,
UNHPL,7,55,410,,
LBL,16,47,490,,
PLI,29,38,10,,
CGH,34,35,10,,
CGH,34,49,10,,
NIFRA,34,7,60,,
NLIC,58,42,136,,
ALICL,6,29,10,,
NTC,35,49,350,,
SAHAS,25,18,10,,
NIFRA,34,58,50,,
RLI,49,46,50,,
RLI,1,46,50,,
RLI,48,46,120,,
GBLBS,42,43,15,,
RLFL,28,57,100,,
RLFL,43,57,10,,
RLI,48,41,10,,
UPPER,44,49,50,,
TRH,26,49,100,,
DDBL,41,34,38,,
DDBL,51,34,40,,
AHPC,21,57,52,,
AHPC,22,57,81,,
AHPC,26,57,100,,
AHPC,32,57,117,,
AHPC,26,57,100,,
MLBL,43,43,200,,
NRIC,29,38,40,,
NUBL,21,59,45,,
NUBL,57,59,200,,
NUBL,17,59,200,,
NUBL,45,59,30,,
NUBL,35,59,25,,
ICFC,56,54,495,,
MBL,22,52,300,,
ICFC,8,54,300,,
MBL,51,52,100,,
ICFC,57,54,30,,
ICFC,42,54,10,,
ICFC,45,54,45,,
ICFC,51,54,20,,
UPPER,33,6,40,,
AKPL,54,34,100,,
HIDCL,55,43,100,,
API,48,57,158,,
NHDL,32,57,240,,
API,22,57,132,,
JBBL,32,8,200,,
CBBL,8,17,10,,
SIFC,34,36,30,,
GUFL,35,53,97,,
GUFL,28,53,10,,
SAHAS,25,57,10,,
SAHAS,25,35,10,,
KBL,57,35,100,,
TRH,43,44,74,,
JLI,42,14,10,,
BFC,4,4,20,,
BOKL,58,39,100,,
BOKL,41,39,100,,
NABIL,8,49,86,,
JBBL,52,58,10,,
JBBL,41,58,10,,
JBBL,54,58,10,,
JBBL,45,58,100,,
JBBL,49,58,30,,
JBBL,56,58,50,,
JBBL,36,58,500,,
JBBL,45,58,10,,
JBBL,49,58,50,,
JBBL,36,58,100,,
JBBL,17,58,10,,
JBBL,56,58,66,,
JBBL,21,58,100,,
JBBL,44,58,50,,
JBBL,41,58,90,,
JBBL,36,58,100,,
JBBL,44,58,150,,
JBBL,D01,58,47,,
JBBL,21,58,400,,
LICN,13,25,100,,
NHPC,38,34,630,,
LICN,44,54,500,,
JBBL,38,58,25,,
JBBL,43,58,60,,
JBBL,11,58,10,,
JBBL,45,58,20,,
NIFRA,34,38,40,,
NIFRA,58,38,10,,
MLBS,42,46,10,,
API,35,21,226,,
MLBS,44,46,40,,
API,56,21,50,,
ULI,36,43,10,,
NABIL,17,49,10,,
API,21,57,10,,
BPCL,48,58,15,,
JBLB,47,38,10,,
UMHL,43,44,50,,
SAHAS,25,16,10,,
JBBL,55,8,50,,
SSHL,57,37,24,,
SSHL,57,37,317,,
SSHL,43,37,39,,
HDHPC,13,14,1000,,
NABIL,52,49,100,,
NICLBSL,4,22,300,,
NTC,35,36,1610,,
NTC,58,36,50,,
NTC,19,36,150,,
NTC,14,36,10,,
NTC,19,36,200,,
NTC,38,36,300,,
NTC,59,36,180,,
NIL,55,33,30,,
NMB50,41,28,1000,,
SBCF,39,34,100,,
SBCF,38,34,100,,
JBLB,47,57,10,,
NICL,45,45,200,,
NBL,22,29,30,,
NLIC,1,42,100,,
UPPER,45,36,79,,
UPPER,16,36,21,,
CBL,26,4,75,,
UMHL,46,52,10,,
PLIC,56,10,45,,
JBBL,41,8,50,,
MLBL,45,43,10,,
KKHC,50,51,10,,
GLH,58,59,10,,
CBL,54,29,100,,
RLI,48,1,10,,
NHPC,6,34,30,,
NHPC,28,34,500,,
NHPC,34,34,100,,
NHPC,57,34,500,,
NHPC,11,34,50,,
NHPC,47,34,500,,
NHPC,34,34,500,,
NHPC,45,34,250,,
NHPC,29,34,50,,
NHPC,51,34,270,,
NICLBSL,4,38,10,,
SHPC,38,47,75,,
CBL,26,59,50,,
UPPER,16,45,48,,
ALICL,58,29,120,,
MLBS,32,21,10,,
BARUN,52,42,10,,
NTC,59,8,310,,
NTC,38,8,480,,
NABIL,43,49,204,,
NTC,38,35,10,,
NABBC,48,55,50,,
SLI,44,57,10,,
STC,47,47,10,,
NLIC,13,32,47,,
AKPL,54,42,230,,
HIDCL,48,28,60,,
HIDCL,49,28,325,,
HIDCL,14,28,542,,
HIDCL,11,28,150,,
TRH,43,44,26,,
NUBL,40,52,35,,
CHDC,8,49,10,,
SAHAS,25,42,10,,
NABIL,8,49,50,,
UMRH,41,58,50,,
HPPL,37,38,10,,
RHPL,20,21,150,,
RHPL,26,21,20,,
NTC,38,3,10,,
SAHAS,25,52,10,,
UPPER,16,50,31,,
UPPER,34,50,50,,
UPPER,50,50,10,,
CBL,26,51,375,,
CBL,58,51,10,,
CBL,38,51,100,,
RHPL,26,1,40,,
NUBL,35,16,75,,
NUBL,40,16,100,,
NUBL,34,16,50,,
NUBL,58,16,50,,
NUBL,34,16,50,,
NUBL,52,16,50,,
NUBL,47,16,30,,
NUBL,43,16,10,,
NUBL,34,16,10,,
NUBL,52,16,100,,
NUBL,45,16,100,,
NUBL,40,16,200,,
NUBL,34,16,100,,
NUBL,59,16,65,,
NUBL,50,16,10,,
NICBF,6,28,1100,,
NICBF,57,28,1000,,
NICBF,57,28,2900,,
GBBL,21,40,20,,
HIDCL,14,19,10,,
MLBL,49,43,12,,
API,58,58,100,,
MDB,26,4,125,,
MDB,37,4,50,,
MDB,42,4,50,,
MDB,34,4,200,,
MDB,28,4,150,,
MDB,43,4,25,,
UMHL,28,52,500,,
UMHL,35,52,170,,
SLBSL,45,36,95,,
SJCL,44,38,200,,
SJCL,57,38,500,,
SJCL,6,38,80,,
SJCL,57,38,70,,
SJCL,25,38,10,,
SAHAS,25,45,10,,
MLBSL,22,56,10,,
GBBL,49,53,111,,
GBBL,34,53,200,,
RHPL,26,46,80,,
ULI,36,42,10,,
MNBBL,38,1,20,,
NHPC,51,21,200,,
NHDL,32,40,175,,
NHDL,33,40,100,,
NHDL,41,40,25,,
GBIME,16,41,16,,
BFC,58,57,1000,,
BFC,51,57,100,,
BFC,34,57,500,,
BFC,57,57,100,,
ALICL,11,29,100,,
CGH,34,58,10,,
PRVU,39,21,408,,
PRVU,41,21,20,,
PRVU,49,21,22,,
PRVU,49,21,889,,
JBBL,56,8,60,,
JLI,50,51,10,,
PMHPL,1,34,30,,
HDHPC,6,39,50,,
HDHPC,48,39,50,,
JLI,42,46,10,,
UMRH,41,10,10,,
SAHAS,47,34,10,,
MLBS,44,47,10,,
NHPC,51,25,30,,
NHPC,34,25,170,,
CFCL,28,39,339,,
CFCL,28,21,200,,
GBLBS,57,38,15,,
MLBL,34,43,100,,
CHDC,3,34,140,,
KMCDB,39,29,20,,
SAHAS,25,58,10,,
NICLBSL,4,58,15,,
HPPL,37,21,350,,
NICL,51,45,100,,
NHPC,34,1,330,,
NHPC,58,1,130,,
UMHL,35,49,10,,
TRH,43,44,100,,
JBBL,21,42,100,,
KKHC,42,51,50,,
AHPC,58,6,300,,
AHPC,32,6,800,,
AHPC,25,6,50,,
PPCL,28,1,30,,
SIFC,16,36,225,,
KKHC,46,22,79,,
SHEL,28,59,10,,
NLIC,13,59,15,,
UPCL,22,49,305,,
EIC,32,40,278,,
EIC,1,40,50,,
EIC,38,40,20,,
EIC,39,40,52,,
ALBSL,57,38,12,,
SHL,41,48,300,,
SHL,34,48,200,,
AHPC,3,38,30,,
PRIN,14,57,56,,
SHPC,38,47,25,,
NGPL,33,21,60,,
AKPL,54,58,31,,
SGI,50,53,10,,
NUBL,50,59,190,,
NUBL,45,59,200,,
NUBL,41,59,10,,
SAPDBL,32,16,159,,
SAPDBL,57,16,1000,,
SAPDBL,11,16,50,,
SAPDBL,58,16,150,,
SAPDBL,42,16,50,,
SAPDBL,29,16,100,,
SAPDBL,32,16,287,,
SAPDBL,42,16,500,,
SAPDBL,32,16,20,,
SAPDBL,58,16,10,,
SAPDBL,29,16,50,,
SAPDBL,32,16,1000,,
SAPDBL,28,16,1000,,
SAPDBL,32,16,1026,,
UPPER,50,55,50,,
SAPDBL,48,16,150,,
SAPDBL,49,16,686,,
NBL,58,40,100,,
SLI,44,29,10,,
NFS,29,49,100,,
NICA,34,19,85,,
NICA,4,19,30,,
NICA,41,19,85,,
NABIL,1,34,38,,
NABIL,41,34,20,,
NABIL,25,34,50,,
NABIL,34,34,10,,
SAHAS,38,57,10,,
SAHAS,38,52,10,,
NABIL,22,34,50,,
NABIL,41,34,200,,
SAHAS,38,19,10,,
NABIL,38,34,50,,
NABIL,28,34,50,,
NABIL,43,34,50,,
NABIL,35,34,25,,
NABIL,34,34,10,,
NABIL,42,34,160,,
NABIL,26,34,100,,
NABIL,34,34,100,,
NABIL,28,34,87,,
GLH,58,46,10,,
NRIC,51,16,100,,
AHPC,32,33,200,,
UNHPL,8,55,100,,
AIL,16,38,10,,
AKPL,54,38,350,,
TRH,43,21,300,,
IGI,33,58,18,,
IGI,44,58,60,,
IGI,45,58,100,,
IGI,50,58,30,,
IGI,22,58,65,,
IGI,45,58,39,,
SHINE,18,58,60,,
ADBL,52,1,100,,
PLI,29,1,10,,
MKJC,28,17,10,,
STC,14,38,10,,
SPC,14,13,9,,
MBL,32,19,200,,
MBL,43,19,50,,
MNBBL,29,29,25,,
MNBBL,58,29,121,,
NIFRA,42,47,40,,
TRH,43,44,100,,
PFL,47,41,1,,
PFL,47,53,199,,
PFL,37,53,70,,
PFL,28,53,164,,
PFL,56,53,50,,
PFL,1,53,20,,
PFL,14,53,21,,
AKPL,54,42,230,,
PLI,29,51,10,,
LGIL,53,6,85,,
UMRH,41,58,10,,
PCBL,39,58,200,,
SAHAS,25,59,10,,
CZBIL,57,39,50,,
SBL,28,10,15,,
SBL,28,10,470,,
SBL,45,10,15,,
MNBBL,58,51,10,,
LUK,41,14,100,,
NABIL,28,14,30,,
NABIL,28,21,65,,
UMHL,47,44,150,,
BOKL,58,54,100,,
NLICL,54,56,200,,
MLBL,10,48,170,,
MLBL,41,48,50,,
MLBL,47,48,500,,
MLBL,1,48,90,,
MLBL,10,48,50,,
MLBL,14,48,100,,
MLBL,34,48,40,,
HIDCL,14,59,948,,
AKPL,39,5,300,,
NUBL,41,49,40,,
NUBL,54,49,10,,
AHPC,49,38,10,,
CCBL,20,43,10,,
PCBL,57,41,230,,
PCBL,33,41,10,,
PCBL,52,41,200,,
CIT,25,37,40,,
UNHPL,56,55,100,,
SHINE,26,58,100,,
BOKL,58,36,290,,
BOKL,58,54,45,,
BOKL,58,45,20,,
BOKL,58,49,145,,
MPFL,48,48,50,,
MLBS,44,21,10,,
PROFL,52,21,10,,
PROFL,19,21,150,,
GILB,36,57,10,,
PIC,41,1,12,,
PIC,39,1,50,,
PIC,43,1,122,,
SLI,44,58,10,,
UMRH,41,58,10,,
KRBL,47,37,103,,
KRBL,52,37,20,,
MLBS,44,38,10,,
JBBL,56,8,100,,
TPC,22,48,10,,
HIDCL,25,59,35,,
KSBBL,47,53,252,,
KSBBL,8,53,10,,
KSBBL,32,53,100,,
KSBBL,52,53,50,,
SAHAS,25,11,10,,
SAHAS,25,32,10,,
PLI,29,26,10,,
CBL,16,6,500,,
CBL,35,6,50,,
CBL,38,6,160,,
CBL,51,6,100,,
CBL,D01,6,48,,
CBL,20,6,140,,
SANIMA,6,33,1000,,
NMB50,41,4,5000,,
NLIC,32,7,29,,
NLIC,32,40,96,,
NLIC,32,14,41,,
NHPC,58,44,170,,
NHPC,26,44,30,,
GBIME,16,35,100,,
RADHI,3,44,30,,
RADHI,19,44,20,,
MLBL,34,43,60,,
AKPL,39,5,500,,
NLIC,13,40,140,,
NLIC,38,40,30,,
NLIC,38,40,50,,
NLIC,42,40,32,,
NLIC,57,40,10,,
NLIC,39,40,200,,
NLIC,34,40,80,,
NLIC,58,40,20,,
NLIC,17,40,100,,
NLIC,44,40,10,,
NLIC,48,40,100,,
NLIC,58,40,20,,
NLIC,28,40,100,,
NLIC,19,40,108,,
NTC,59,7,10,,
SAHAS,25,10,10,,
MEGA,19,1,60,,
SAHAS,25,58,10,,
BFC,21,50,58,,
NABIL,28,1,68,,
NABIL,6,1,32,,
MLBSL,48,42,10,,
NLBBL,42,16,15,,
NLBBL,44,16,237,,
NLBBL,49,16,100,,
NLBBL,49,16,99,,
UNHPL,13,55,150,,
GUFL,35,45,30,,
SCB,41,5,100,,
SICL,43,53,20,,
SHINE,28,58,500,,
SHINE,14,58,100,,
SHINE,21,58,1000,,
SHINE,28,58,20,,
SHINE,14,58,1000,,
SHINE,45,58,30,,
SHINE,13,58,100,,
SHINE,57,58,50,,
SHINE,51,58,100,,
SHINE,13,58,100,,
SHINE,20,58,500,,
SLI,44,58,10,,
SHINE,49,58,43,,
GBBL,16,40,30,,
NUBL,54,52,10,,
NLIC,19,56,92,,
NLIC,10,56,20,,
NLIC,47,56,50,,
NLIC,3,56,100,,
NLIC,1,56,38,,
JBBL,21,8,80,,
SHINE,49,57,307,,
SHINE,1,57,50,,
SHINE,44,57,500,,
SHINE,43,57,20,,
CCBL,17,40,50,,
CCBL,17,58,130,,
CCBL,17,42,150,,
CCBL,17,17,20,,
CCBL,17,35,980,,
NICLBSL,17,29,80,,
NICLBSL,49,29,10,,
MLBS,44,14,10,,
PROFL,57,25,500,,
SSHL,59,11,90,,
PLI,47,46,110,,
PLI,57,42,10,,
NLG,28,40,14,,
NLG,7,40,47,,
SRBL,38,43,50,,
UMHL,38,44,30,,
GILB,11,37,38,,
NRIC,51,28,30,,
NRIC,56,28,30,,
NRIC,35,28,50,,
NRIC,28,28,100,,
NRIC,28,28,40,,
PRVU,49,42,111,,
PRVU,47,42,500,,
PRVU,58,42,368,,
PRVU,38,42,20,,
CHCL,4,52,200,,
CHCL,41,52,50,,
CHCL,43,52,55,,
TRH,43,41,100,,
UMRH,41,58,10,,
UMHL,38,44,100,,
NMB,34,16,1200,,
FMDBL,32,42,10,,
FMDBL,38,42,10,,
FMDBL,53,42,100,,
NICA,45,17,260,,
NICA,4,17,120,,
NICA,45,17,70,,
NICA,38,17,30,,
NICA,22,17,200,,
NICA,42,17,200,,
NICA,43,17,50,,
NICA,18,17,500,,
NICA,59,17,50,,
NICA,41,17,500,,
NICA,36,17,20,,
SHPC,8,22,47,,
KRBL,35,14,190,,
KRBL,4,14,50,,
PPCL,44,21,50,,
PPCL,28,21,150,,
NMB,38,16,100,,
UPPER,50,49,40,,
SDLBSL,59,18,25,,
SPDL,57,50,50,,
NTC,42,48,15,,
NTC,45,48,100,,
NTC,22,48,25,,
SHINE,43,54,30,,
SHINE,17,54,170,,
SHPC,22,47,100,,
UMHL,35,59,20,,
UMHL,5,59,20,,
UMHL,43,59,50,,
UMHL,49,59,60,,
UMHL,38,59,100,,
CIT,46,47,11,,
NABIL,56,49,23,,
CBL,20,56,130,,
RMDC,29,16,45,,
RMDC,59,16,50,,
RMDC,58,16,20,,
RMDC,48,16,100,,
RMDC,14,16,20,,
RMDC,58,16,10,,
RMDC,46,16,55,,
ULI,57,21,10,,
MHNL,42,33,105,,
SABSL,16,40,121,,
SABSL,17,40,11,,
NTC,22,1,15,,
NTC,45,1,85,,
RLI,48,49,10,,
AKPL,37,5,500,,
NTC,38,44,40,,
UPPER,16,49,10,,
UPPER,16,55,90,,
NLICL,32,58,100,,
SIFC,16,26,50,,
NIFRA,34,29,27,,
NIFRA,7,29,23,,
SAHAS,25,49,89,,
UMRH,41,58,10,,
API,39,25,10,,
API,55,25,100,,
API,3,25,100,,
API,41,25,80,,
API,25,25,200,,
API,32,25,100,,
API,42,25,71,,
ULI,45,46,10,,
API,42,22,29,,
API,6,22,82,,
SHPC,33,49,1000,,
AHPC,49,58,100,,
SAHAS,25,41,10,,
MLBS,32,49,20,,
MLBS,5,49,10,,
MLBS,17,49,20,,
MLBS,28,49,100,,
MLBS,56,49,100,,
MLBS,48,49,10,,
UPPER,55,55,30,,
SPC,14,13,1,,
GMFIL,14,44,500,,
EBL,58,21,65,,
NMB,1,16,1000,,
NMB,58,16,100,,
NMB,7,16,30,,
NMB,41,16,10,,
NMB,28,16,100,,
NMB,6,16,171,,
SAHAS,25,49,10,,
NABIL,19,49,10,,
NLICL,55,58,50,,
SHEL,48,10,10,,
UPCL,4,49,80,,
UPPER,45,50,4320,,
UPPER,51,50,35,,
UPPER,42,50,20,,
UPPER,19,50,200,,
UPPER,26,50,100,,
UPPER,28,50,200,,
UPPER,49,50,50,,
UPPER,59,50,1000,,
UPPER,52,50,500,,
UPPER,34,50,100,,
NRIC,43,46,140,,
SSHL,59,58,10,,
CIT,57,47,50,,
NLICL,54,50,650,,
NLICL,21,50,20,,
NLICL,34,50,2000,,
NLICL,7,50,100,,
NLICL,39,50,100,,
NLICL,58,50,500,,
NLICL,25,50,30,,
NLICL,43,50,100,,
AHPC,32,14,83,,
HIDCL,58,59,10,,
KSBBL,52,28,50,,
NTC,38,57,55,,
NLG,7,40,43,,
PMHPL,1,47,100,,
ULI,45,49,10,,
MNBBL,58,32,69,,
MNBBL,48,32,31,,
NLBBL,49,48,49,,
NLBBL,8,48,47,,
MNBBL,11,26,20,,
MNBBL,11,25,80,,
PPCL,28,21,50,,
NIFRA,4,1,20,,
SHINE,17,22,30,,
SWBBL,34,49,20,,
NMB,6,48,129,,
NMB,58,48,171,,
NMB,49,48,150,,
SHEL,48,46,10,,
UMRH,49,58,50,,
BFC,38,50,10,,
BFC,54,50,50,,
BFC,58,50,56,,
BFC,6,50,20,,
BFC,19,50,100,,
BFC,45,50,50,,
BFC,42,50,187,,
NLIC,1,1,262,,
NLIC,38,1,30,,
NLIC,21,1,10,,
NLIC,14,1,100,,
NLIC,42,1,50,,
MLBS,48,7,10,,
SAPDBL,49,35,204,,
ICFC,42,41,20,,
BPCL,42,49,80,,
BPCL,42,21,20,,
HDHPC,48,57,50,,
HDHPC,14,57,100,,
HDHPC,49,57,20,,
SIFC,16,59,290,,
SIFC,35,59,100,,
SIFC,58,59,10,,
SIFC,45,59,100,,
AKJCL,35,33,471,,
SLI,44,7,10,,
GRDBL,58,8,20,,
LBBL,21,4,50,,
VLBS,33,3,10,,
VLBS,33,11,10,,
SAHAS,25,49,10,,
SAHAS,25,49,10,,
NICL,57,37,450,,
CIT,25,35,10,,
BPCL,48,54,10,,
KKHC,46,32,100,,
KKHC,58,32,20,,
KKHC,34,32,100,,
KKHC,6,32,50,,
KKHC,50,32,10,,
KKHC,50,32,10,,
KKHC,50,32,10,,
UNHPL,48,55,20,,
NBB,1,38,100,,
ULI,45,26,10,,
NUBL,41,52,15,,
PCBL,57,55,66,,
PCBL,16,55,50,,
PCBL,57,55,384,,
AIL,58,58,10,,
PLI,57,46,10,,
SHPC,25,47,10,,
SHPC,48,47,50,,
SHPC,51,47,20,,
SHPC,5,47,100,,
SHPC,39,47,100,,
SHPC,48,47,20,,
GBIME,16,22,20,,
MLBL,28,43,480,,
MLBSL,32,11,25,,
PLI,57,49,10,,
GIC,39,41,10,,
GIC,39,26,10,,
GIC,39,42,50,,
NTC,45,35,15,,
NTC,44,35,500,,
NTC,41,35,100,,
NTC,34,35,10,,
NTC,40,35,300,,
JBBL,D01,54,453,,
JBBL,14,54,250,,
JBBL,51,54,297,,
NICA,36,21,20,,
AKJCL,35,34,200,,
UPPER,16,50,200,,
UPPER,45,50,50,,
UPPER,26,50,2000,,
UPPER,38,50,50,,
UPPER,16,50,100,,
UPPER,19,50,25,,
UPPER,59,50,50,,
ADBL,52,42,270,,
ALICL,53,28,10,,
HPPL,58,42,222,,
BFC,35,34,40,,
HIDCL,7,13,50,,
HIDCL,16,13,50,,
MNBBL,48,28,19,,
MNBBL,17,28,100,,
MNBBL,26,28,200,,
MNBBL,14,28,650,,
MNBBL,29,28,150,,
MNBBL,34,28,100,,
MNBBL,14,28,50,,
MNBBL,38,28,44,,
MNBBL,48,28,25,,
MNBBL,58,28,100,,
MNBBL,33,28,2600,,
MNBBL,47,28,50,,
MNBBL,44,28,10,,
MNBBL,37,28,30,,
MNBBL,36,28,50,,
MNBBL,47,28,300,,
MNBBL,38,28,100,,
MNBBL,14,28,50,,
MNBBL,48,28,20,,
MNBBL,1,28,100,,
MNBBL,21,28,50,,
MNBBL,38,28,100,,
MNBBL,8,28,36,,
MNBBL,52,28,155,,
MNBBL,48,28,100,,
MNBBL,39,28,200,,
MNBBL,21,28,15,,
MNBBL,6,28,36,,
MNBBL,32,28,20,,
MNBBL,53,28,100,,
MNBBL,45,28,40,,
MNBBL,35,28,100,,
NTC,38,58,350,,
UPCL,43,49,100,,
USLB,26,59,38,,
USLB,44,59,50,,
USLB,19,59,10,,
USLB,34,59,10,,
USLB,49,59,10,,
USLB,40,59,10,,
USLB,52,59,11,,
USLB,52,59,20,,
USLB,52,59,17,,
USLB,38,59,10,,
USLB,19,59,100,,
USLB,47,59,10,,
USLB,56,59,20,,
USLB,48,59,50,,
USLB,49,59,10,,
USLB,28,59,50,,
USLB,36,59,20,,
SFCL,42,59,66,,
SFCL,29,59,100,,
SFCL,28,59,20,,
SFCL,14,59,290,,
SFCL,58,59,25,,
PLI,57,26,10,,
CHDC,3,49,10,,
MNBBL,29,26,11,,
NLG,29,47,50,,
JLI,48,21,10,,
JLI,10,21,10,,
EDBL,56,34,24,,
ADBL,36,26,11,,
ADBL,44,26,80,,
ADBL,55,26,192,,
ADBL,6,26,10,,
ADBL,41,26,50,,
ADBL,19,26,10,,
ADBL,39,26,100,,
ADBL,57,26,87,,
ADBL,33,26,50,,
SAPDBL,49,57,110,,
JBBL,51,44,100,,
NRIC,41,14,200,,
NRIC,7,14,100,,
NRIC,33,14,100,,
NBB,1,45,200,,
NBB,1,38,100,,
NBB,1,8,200,,
NBB,1,45,100,,
NBB,1,5,50,,
NBB,1,21,15,,
BOKL,34,49,10,,
BOKL,25,49,50,,
BOKL,29,49,50,,
BOKL,28,49,20,,
BOKL,25,49,70,,
BOKL,28,49,150,,
BOKL,10,49,30,,
BOKL,38,49,50,,
BOKL,48,49,20,,
BOKL,56,49,10,,
BOKL,16,49,50,,
BOKL,57,49,43,,
BOKL,42,49,100,,
BOKL,28,49,200,,
BOKL,11,49,44,,
BOKL,41,49,100,,
VLBS,57,33,18,,
BOKL,5,49,30,,
NBB,1,33,6800,,
NBB,1,21,40,,
NBB,1,56,50,,
NBB,1,47,20,,
NBB,1,29,150,,
NBB,1,56,10,,
SLI,44,58,10,,
GLH,1,46,10,,
GILB,11,37,30,,
ICFC,56,21,100,,
RLFL,43,34,10,,
PROFL,19,55,50,,
PROFL,28,55,50,,
RMDC,46,16,89,,
RMDC,6,16,25,,
RMDC,58,16,10,,
RMDC,17,16,50,,
RMDC,47,16,50,,
RMDC,34,16,100,,
RMDC,35,16,10,,
RMDC,32,16,36,,
RMDC,22,16,200,,
RMDC,19,16,10,,
RMDC,3,16,200,,
RMDC,5,16,100,,
RMDC,4,16,110,,
RMDC,35,16,10,,
NICA,36,43,960,,
NICA,34,43,40,,
LICN,54,34,50,,
LICN,51,34,10,,
NUBL,41,42,35,,
NHPC,8,42,1000,,
NUBL,52,21,30,,
EBL,11,37,55,,
UNHPL,34,55,100,,
UNHPL,58,55,50,,
UNHPL,49,55,20,,
UNHPL,40,55,300,,
UNHPL,42,55,50,,
UNHPL,29,55,50,,
UNHPL,6,55,100,,
UNHPL,57,55,100,,
UNHPL,28,55,500,,
UNHPL,36,55,50,,
UNHPL,32,55,50,,
UNHPL,32,55,150,,
UNHPL,57,55,100,,
UNHPL,28,55,100,,
MLBL,28,54,20,,
CBL,20,38,700,,
UPPER,11,34,50,,
UPPER,11,55,50,,
AKJCL,35,35,294,,
AKJCL,58,35,10,,
RLFL,28,16,100,,
AKPL,39,37,425,,
AKPL,39,21,90,,
HIDCL,35,35,500,,
HDL,52,38,100,,
HDL,57,38,10,,
HDL,1,38,100,,
HDL,51,38,20,,
HDL,14,38,50,,
HDL,17,38,20,,
API,6,8,42,,
NMFBS,1,46,24,,
NMFBS,51,46,10,,
NMFBS,26,46,10,,
KSBBL,41,37,100,,
BFC,42,34,73,,
BFC,34,34,27,,
SRBL,49,51,10,,
SRBL,49,32,378,,
NTC,16,58,225,,
CHDC,3,1,10,,
MLBS,21,52,10,,
MLBL,1,43,110,,
MLBL,13,43,500,,
MLBL,26,43,100,,
MLBL,34,43,100,,
MLBL,19,43,200,,
MLBL,48,43,100,,
MLBL,46,43,100,,
MLBL,32,43,100,,
MLBL,43,43,100,,
MLBL,45,43,80,,
MLBL,34,43,10,,
SLI,58,50,10,,
NABIL,19,1,32,,
NUBL,45,59,100,,
RLFL,48,16,100,,
UMHL,38,44,50,,
SANIMA,38,33,100,,
UIC,39,39,200,,
BARUN,28,42,100,,
BARUN,42,42,10,,
BARUN,45,42,130,,
BARUN,38,42,100,,
UPPER,48,19,20,,
UPPER,26,19,100,,
UPCL,35,49,50,,
UPCL,48,49,100,,
UPCL,16,49,1000,,
UPCL,34,49,50,,
UPCL,45,49,100,,
UPCL,26,49,50,,
UPCL,49,49,15,,
BFC,34,49,30,,
UPCL,40,49,150,,
SANIMA,17,7,30,,
MKJC,28,38,10,,
NLIC,28,42,44,,
LBBL,21,22,10,,
HPPL,58,48,10,,
API,34,35,4,,
NHPC,46,42,100,,
NHPC,58,42,100,,
NHPC,35,42,30,,
NHPC,26,42,100,,
NHPC,14,42,50,,
NHPC,42,42,50,,
NHPC,32,42,1000,,
NHPC,14,42,150,,
NHPC,21,42,150,,
NHPC,36,42,50,,
NHPC,14,42,100,,
NHPC,49,42,282,,
GMFIL,4,44,100,,
GMFIL,56,44,121,,
JLI,10,57,10,,
UMHL,22,44,34,,
GILB,57,37,11,,
NCCB,25,49,316,,
NCCB,58,49,60,,
NCCB,11,49,100,,
NCCB,58,49,30,,
NCCB,48,49,500,,
NCCB,55,49,1000,,
NCCB,39,49,199,,
SIFC,45,52,250,,
HGI,25,47,20,,
HGI,10,47,10,,
KKHC,56,51,20,,
KKHC,57,51,16,,
SPDL,57,7,16,,
SPDL,28,7,30,,
SPDL,45,7,500,,
SPDL,48,7,60,,
SPDL,38,7,100,,
SPDL,34,7,200,,
SPDL,11,7,100,,
SPDL,20,7,200,,
SPDL,6,7,100,,
SPDL,25,7,100,,
SPDL,11,7,30,,
SPDL,52,7,100,,
SPDL,57,7,77,,
SPDL,46,7,77,,
SPDL,38,7,10,,
SPDL,58,7,100,,
ULI,45,57,900,,
ULI,47,57,100,,
NRN,17,49,10,,
UMHL,57,44,500,,
UMHL,57,44,500,,
UMHL,17,44,100,,
UMHL,44,44,500,,
UMHL,46,44,100,,
UMHL,7,44,20,,
UMHL,1,44,500,,
UMHL,13,44,50,,
UMHL,38,44,30,,
UMHL,42,44,50,,
UMHL,43,44,55,,
UMHL,56,44,1000,,
UMHL,13,44,500,,
UMHL,35,44,100,,
UMHL,7,44,100,,
UMHL,17,44,100,,
UMHL,21,44,50,,
UMHL,26,44,40,,
UMHL,48,44,50,,
UMHL,40,44,200,,
UMHL,49,44,300,,
UMHL,49,44,100,,
UMHL,21,44,200,,
UMHL,5,44,200,,
UMHL,14,44,100,,
UMHL,43,44,50,,
UMHL,58,44,200,,
UMHL,14,44,200,,
UMHL,43,44,200,,
UMHL,57,44,30,,
UMHL,29,44,100,,
UMHL,34,44,50,,
UMHL,21,44,20,,
UMHL,46,44,70,,
UMHL,51,44,100,,
UMHL,26,44,87,,
UMHL,11,44,170,,
UMHL,21,44,50,,
UMHL,1,44,200,,
UMHL,50,44,500,,
UMHL,49,44,100,,
UMHL,45,44,20,,
UMHL,40,44,10,,
UMHL,57,44,80,,
UMHL,14,44,50,,
UMHL,6,44,200,,
UMHL,14,44,300,,
UMHL,57,44,469,,
UMHL,38,44,209,,
SANIMA,34,33,10,,
SHINE,58,57,123,,
CBBL,8,57,25,,
ILBS,54,44,100,,
ILBS,36,44,20,,
ILBS,34,44,98,,
ILBS,58,44,41,,
ILBS,25,44,50,,
MNBBL,52,26,650,,
SHEL,48,46,10,,
GBIME,16,42,250,,
GBIME,39,42,50,,
UPPER,14,10,50,,
HIDCL,34,47,352,,
HIDCL,38,47,13,,
HIDCL,21,47,400,,
NHPC,49,59,718,,
NHPC,14,59,150,,
NHPC,52,59,50,,
NHPC,51,59,82,,
MHNL,55,36,130,,
MHNL,55,38,25,,
PMHPL,1,47,300,,
MPFL,32,32,500,,
SFCL,14,38,10,,
GBIME,39,34,194,,
TRH,43,34,374,,
TRH,43,34,500,,
TRH,38,34,125,,
LBBL,19,33,40,,
ADBL,7,42,20,,
ADBL,58,42,100,,
ADBL,D01,42,609,,
RADHI,57,25,54,,
NUBL,45,59,200,,
NBB,36,37,1250,,
AHPC,26,44,30,,
LEC,7,58,100,,
LEC,58,58,60,,
SRBL,38,34,407,,
LEC,47,58,180,,
SRBL,43,34,500,,
SRBL,10,34,1000,,
SRBL,44,34,20,,
SRBL,58,34,445,,
AKPL,54,51,42,,
SANIMA,17,58,138,,
ICFC,42,38,20,,
AHPC,22,20,219,,
AHPC,42,20,781,,
GBBL,44,57,50,,
GBBL,44,28,50,,
NTC,16,49,225,,
NTC,59,49,500,,
NTC,45,49,20,,
NTC,50,49,500,,
NTC,41,49,50,,
NTC,52,49,200,,
NTC,53,49,50,,
NTC,59,49,100,,
NTC,59,49,100,,
NTC,59,49,205,,
HDL,28,49,35,,
NTC,53,49,50,,
SAHAS,25,48,10,,
PCBL,57,42,470,,
PCBL,44,42,30,,
NUBL,58,21,15,,
BOKL,49,49,10,,
GBIME,38,34,50,,
SLI,58,50,10,,
LBBL,21,35,440,,
LBBL,35,35,10,,
LBBL,51,35,100,,
LBBL,42,35,450,,
TPC,22,45,10,,
NICL,57,14,50,,
MLBS,25,41,10,,
GLH,1,46,10,,
LBL,16,1,10,,
NABIL,51,1,50,,
UMHL,57,21,31,,
UMHL,57,21,369,,
NHPC,49,16,78,,
SJCL,25,8,90,,
SJCL,21,8,10,,
AKJCL,35,58,20,,
UPPER,14,57,50,,
GILB,11,16,30,,
AKPL,54,43,337,,
AKPL,58,43,19,,
AKPL,29,43,100,,
AKPL,54,43,100,,
AKPL,17,43,144,,
NUBL,29,21,50,,
LICN,25,43,10,,
PRVU,58,8,132,,
HDL,28,49,15,,
SCB,41,7,21,,
AHPC,42,20,2044,,
AHPC,37,20,250,,
AHPC,42,20,10,,
AHPC,6,20,30,,
AHPC,32,20,100,,
AHPC,34,20,37,,
AHPC,45,20,100,,
AHPC,47,20,500,,
AHPC,39,20,500,,
AHPC,33,20,429,,
GBBL,57,49,180,,
GBBL,22,49,70,,
GBBL,4,49,50,,
GBBL,45,49,190,,
GBBL,22,49,200,,
GBBL,49,49,300,,
GBBL,16,49,10,,
CBL,20,45,30,,
CBL,13,45,100,,
GBIME,6,40,506,,
GBIME,7,40,10,,
GBIME,7,40,200,,
GBIME,58,40,20,,
GBIME,34,40,130,,
GBIME,41,40,20,,
GBIME,50,40,20,,
GBIME,58,40,20,,
GBIME,50,40,50,,
GBIME,57,40,50,,
GBIME,58,40,150,,
NHPC,51,35,118,,
NHPC,57,35,30,,
NHPC,20,35,152,,
NUBL,7,21,50,,
NUBL,51,21,50,,
MKLB,42,49,30,,
TPC,22,47,10,,
ALICL,6,28,200,,
NBL,58,1,20,,
PFL,7,51,40,,
PFL,42,51,20,,
PFL,8,51,20,,
PFL,49,51,20,,
LBBL,25,33,1500,,
LBBL,14,33,500,,
PCBL,56,41,10,,
SAHAS,25,51,10,,
UPPER,11,21,20,,
NIFRA,34,46,10,,
GRDBL,32,48,119,,
HDL,21,49,10,,
HDL,14,49,10,,
ADBL,D01,34,52,,
LGIL,53,21,20,,
NLICL,36,58,100,,
NLICL,16,58,50,,
NLICL,39,58,100,,
NUBL,52,21,100,,
CBL,3,51,200,,
SANIMA,41,33,60,,
SANIMA,58,33,100,,
SANIMA,35,33,20,,
SANIMA,29,33,100,,
SANIMA,42,33,500,,
SANIMA,10,33,50,,
SANIMA,43,33,1000,,
SANIMA,7,33,50,,
SANIMA,8,33,330,,
SANIMA,42,33,100,,
SANIMA,55,33,200,,
SANIMA,57,33,200,,
SANIMA,57,33,225,,
SANIMA,35,33,25,,
SLI,58,50,10,,
AHPC,35,53,40,,
HDHPC,26,51,110,,
HDHPC,58,51,40,,
KPCL,19,59,15,,
KPCL,42,59,10,,
KPCL,39,59,100,,
KPCL,59,59,50,,
KPCL,51,59,20,,
KPCL,43,59,105,,
NHPC,44,16,350,,
SHEL,48,53,100,,
HPPL,44,42,200,,
NTC,53,38,40,,
SAHAS,25,57,10,,
UIC,56,37,100,,
AKJCL,35,59,15,,
LEC,47,40,220,,
LEC,52,40,10,,
LEC,50,40,270,,
ADBL,D01,51,339,,
ADBL,57,51,61,,
ADBL,45,51,100,,
AHPC,33,22,71,,
AIL,58,57,10,,
UPCL,40,50,50,,
UPCL,36,50,200,,
UPCL,5,50,200,,
UPCL,44,50,40,,
UPCL,14,50,170,,
UPCL,19,50,500,,
UPCL,28,50,100,,
UPCL,13,50,10,,
UPCL,45,50,100,,
UPCL,34,50,100,,
UPCL,58,50,1000,,
UPCL,58,50,1000,,
UPCL,58,50,600,,
UPCL,26,50,30,,
UPCL,49,50,900,,
MNBBL,35,50,100,,
GMFIL,56,6,50,,
NMFBS,38,33,195,,
NMFBS,34,33,50,,
NMFBS,58,33,10,,
NMFBS,38,33,50,,
NMFBS,49,33,13,,
NMFBS,41,33,10,,
NMFBS,1,33,100,,
NMFBS,14,33,100,,
NMFBS,45,33,12,,
NMFBS,7,33,50,,
NMFBS,28,33,20,,
NMFBS,26,33,20,,
NMFBS,39,33,40,,
NMFBS,34,33,10,,
NMFBS,13,33,20,,
UPCL,49,16,100,,
HPPL,58,36,250,,
HPPL,29,36,10,,
HPPL,43,36,50,,
HPPL,47,36,100,,
HPPL,57,36,10,,
RLFL,34,4,75,,
GUFL,52,45,20,,
ALICL,1,28,100,,
ALICL,45,28,200,,
LBBL,55,38,95,,
CBL,13,41,471,,
LBBL,14,38,80,,
LBBL,32,38,580,,
LBBL,42,38,245,,
CMF2,1,14,5000,,
CMF2,13,14,5000,,
CMF2,34,14,1000,,
CMF2,45,14,3000,,
CMF2,42,14,1000,,
CMF2,1,14,1000,,
CMF2,28,14,1000,,
CMF2,26,14,1000,,
KMCDB,50,45,10,,
LEC,50,49,40,,
SAHAS,25,58,10,,
BFC,34,49,43,,
BFC,28,49,177,,
BFC,56,49,50,,
BFC,49,49,30,,
KKHC,57,48,10,,
NHDL,41,47,100,,
API,6,51,26,,
API,6,4,100,,
AHPC,48,57,1000,,
API,26,4,20,,
MBL,38,50,465,,
MBL,39,50,35,,
NIFRA,50,46,40,,
MBL,39,57,30,,
SFCL,14,54,200,,
AKPL,17,40,113,,
AKPL,50,40,78,,
AKPL,8,40,20,,
AKPL,58,40,20,,
AKPL,36,40,69,,
RHPL,26,49,50,,
MPFL,32,58,500,,
MPFL,32,58,2000,,
MPFL,32,58,500,,
MPFL,32,58,260,,
MPFL,3,58,306,,
MPFL,28,58,500,,
HIDCL,45,35,65,,
HIDCL,45,26,135,,
FMDBL,16,42,85,,
RLI,52,26,10,,
GBIME,58,34,500,,
AHPC,32,53,100,,
UPCL,35,38,135,,
UPCL,58,38,73,,
UPCL,55,38,35,,
UPCL,21,38,100,,
UPCL,32,38,100,,
AHPC,3,53,100,,
UMHL,57,4,131,,
UMHL,58,4,969,,
SLI,58,50,10,,
SLI,58,59,10,,
NBB,41,37,250,,
HIDCL,34,33,10,,
NLG,16,47,100,,
NLG,49,47,10,,
NLG,42,47,30,,
NLG,40,47,10,,
NHPC,20,21,848,,
NHPC,38,21,60,,
NHPC,34,21,100,,
NHPC,44,21,500,,
NHPC,38,21,500,,
HIDCL,6,26,300,,
SADBL,19,42,180,,
SADBL,32,42,100,,
JFL,32,59,368,,
JFL,32,59,32,,
JFL,53,59,150,,
JFL,13,59,200,,
CBBL,8,8,100,,
MEGA,32,16,175,,
MEGA,48,16,100,,
MEGA,57,16,500,,
MEGA,22,16,200,,
MEGA,57,16,193,,
NGPL,33,35,30,,
NGPL,45,35,20,,
MKLB,42,35,10,,
NGPL,7,35,50,,
SFCL,14,4,262,,
NMB,58,46,359,,
NMB,21,46,80,,
NMB,58,46,60,,
NMB,1,46,101,,
NLIC,28,42,50,,
NTC,53,38,10,,
RBCL,16,47,10,,
RBCL,59,47,30,,
NABIL,58,8,5,,
NGPL,7,38,50,,
MLBL,45,44,20,,
PCBL,57,51,146,,
PCBL,32,51,100,,
PCBL,1,51,200,,
PCBL,57,51,10,,
PCBL,11,51,100,,
PCBL,51,51,100,,
PCBL,4,51,60,,
PCBL,10,51,40,,
PCBL,7,51,20,,
PCBL,41,51,13,,
PCBL,10,51,100,,
PCBL,57,51,60,,
PCBL,50,51,30,,
PCBL,59,51,21,,
LBBL,38,4,100,,
ADBL,34,34,48,,
JOSHI,32,58,20,,
AKPL,36,49,94,,
AKPL,46,49,30,,
UPPER,11,52,53,,
UPPER,25,52,100,,
UPPER,32,52,27,,
MLBSL,32,25,10,,
HDHPC,58,14,100,,
HDHPC,21,14,50,,
HDHPC,22,14,50,,
MLBL,33,44,700,,
MLBL,38,44,200,,
MLBL,53,44,80,,
HIDCL,40,26,45,,
SRBL,58,49,55,,
SRBL,6,49,264,,
SRBL,51,49,16,,
SLI,58,50,10,,
PICL,13,14,100,,
UPCL,3,49,100,,
UPCL,17,49,300,,
UPCL,43,49,100,,
UNHPL,58,28,50,,
SAHAS,25,56,10,,
JBBL,51,36,103,,
JBBL,43,36,20,,
JBBL,11,36,45,,
JBBL,6,36,100,,
JBBL,17,36,32,,
ADBL,34,28,12,,
ADBL,29,28,88,,
KBL,57,21,80,,
KBL,11,21,100,,
KBL,45,21,300,,
KBL,49,21,500,,
KBL,18,21,20,,
SINDU,13,22,200,,
SINDU,42,22,30,,
ULI,45,49,10,,
UNHPL,22,28,30,,
NRIC,25,49,50,,
NRIC,49,49,50,,
NRIC,58,49,30,,
NRIC,57,49,200,,
NRIC,59,49,100,,
NRIC,59,49,50,,
NRIC,25,49,50,,
NRIC,44,49,300,,
NRIC,42,49,50,,
NRIC,13,49,500,,
NRIC,17,49,60,,
NRIC,29,49,30,,
NRIC,57,49,25,,
PLI,57,46,10,,
SAHAS,25,39,50,,
NLIC,26,44,30,,
NLIC,58,44,20,,
MKJC,7,28,20,,
SAHAS,32,58,10,,
UPPER,56,26,30,,
UPPER,56,57,72,,
UPPER,56,42,200,,
LBBL,42,14,365,,
LBBL,58,14,50,,
LBBL,50,14,60,,
LBBL,13,14,100,,
LBBL,35,14,500,,
LBBL,59,14,50,,
LBBL,21,14,25,,
LBBL,26,14,200,,
KKHC,57,49,10,,
NIFRA,50,45,60,,
UNHPL,28,33,100,,
RBCL,16,19,10,,
PROFL,42,25,300,,
PROFL,52,25,10,,
PROFL,50,25,95,,
PROFL,7,25,20,,
API,17,4,80,,
NHPC,38,17,500,,
NHPC,47,17,1000,,
NHPC,57,17,500,,
SKBBL,48,42,21,,
NLIC,7,39,29,,
NABIL,58,1,10,,
NLIC,42,39,10,,
NABIL,58,22,10,,
UNHPL,33,28,200,,
SICL,7,18,90,,
CHDC,3,26,10,,
ULI,35,34,10,,
LEC,50,45,10,,
BARUN,45,21,20,,
BARUN,43,21,80,,
SAHAS,25,55,10,,
NTC,59,8,100,,
NABIL,13,22,40,,
HIDCL,58,26,20,,
EBL,11,38,60,,
PMHPL,32,47,106,,
NICA,45,43,11,,
NICA,55,43,100,,
NICA,35,43,20,,
NICA,49,43,50,,
NICA,42,43,100,,
NICA,7,43,120,,
NICA,57,43,20,,
NICA,39,43,10,,
NICA,55,43,25,,
NICA,41,43,20,,
NICA,57,43,50,,
NICA,55,43,50,,
NICA,35,43,10,,
NICA,41,43,50,,
NICA,26,43,100,,
NICA,42,43,50,,
NICA,6,43,50,,
NICA,39,43,20,,
NICA,45,43,100,,
NICA,6,43,10,,
NICA,34,43,23,,
NICA,53,43,100,,
NICA,34,43,100,,
NICA,4,43,100,,
NICA,38,43,50,,
ULI,45,51,10,,
NICA,22,43,61,,
NICA,45,43,100,,
DDBL,51,28,10,,
NIFRA,56,52,6,,
NFS,51,34,20,,
NFS,51,52,20,,
CHDC,3,49,10,,
API,34,4,100,,
GMFIL,56,59,29,,
GMFIL,26,59,140,,
GMFIL,10,59,40,,
GMFIL,26,59,40,,
SRBL,16,32,157,,
MLBL,53,34,40,,
MLBL,58,34,10,,
MLBL,58,34,50,,
BBC,26,55,10,,
NGPL,11,16,100,,
NHPC,49,16,52,,
UPPER,32,49,56,,
CBL,19,51,25,,
CBL,1,51,290,,
HPPL,58,42,25,,
HPPL,57,42,20,,
HPPL,5,42,33,,
NTC,59,41,85,,
CBBL,58,59,15,,
LBBL,35,4,30,,
LBBL,32,4,245,,
NIFRA,57,45,30,,
NIFRA,42,45,10,,
MLBS,51,36,10,,
MERO,45,7,20,,
MERO,28,7,20,,
MERO,49,7,60,,
ULI,35,59,10,,
ULI,35,57,30,,
ULI,35,35,10,,
ULI,35,38,10,,
ULI,35,38,10,,
ULI,35,21,10,,
ULI,35,8,10,,
SAHAS,25,10,10,,
NIFRA,42,34,20,,
ULI,45,36,50,,
ULI,6,36,10,,
ULI,34,36,50,,
ULI,50,36,100,,
ULI,1,36,200,,
ULI,47,36,20,,
ULI,57,36,70,,
JBBL,17,21,50,,
PROFL,13,34,100,,
RLFL,34,4,200,,
MEGA,59,1,18,,
NRN,17,10,10,,
NRIC,57,53,25,,
NRIC,20,53,50,,
NRIC,26,53,200,,
NRIC,50,53,100,,
NRIC,42,53,75,,
BARUN,54,42,10,,
SLI,3,49,10,,
ICFC,8,40,200,,
RLFL,38,4,100,,
RLFL,32,4,50,,
RLFL,34,4,200,,
RLFL,49,4,475,,
NIFRA,42,7,20,,
CHCL,36,43,50,,
AHPC,41,53,10,,
GBIME,58,51,1000,,
JLI,10,46,10,,
NICLBSL,53,39,10,,
GIMES1,45,20,1000,,
GIMES1,33,20,20000,,
GIMES1,29,20,4000,,
GIMES1,45,20,5000,,
GIMES1,45,20,2000,,
NRIC,40,49,95,,
NRIC,40,51,50,,
NRIC,40,3,95,,
NRIC,40,41,50,,
NRIC,40,14,10,,
AHPC,28,53,100,,
BOKL,38,49,50,,
ULI,35,42,10,,
ULI,35,45,240,,
NHPC,44,16,20,,
NHPC,38,16,1500,,
HDHPC,58,34,360,,
HDHPC,25,34,50,,
HDHPC,59,34,1950,,
HDHPC,6,34,100,,
HDHPC,14,34,40,,
HDHPC,19,34,500,,
NUBL,58,21,50,,
GIC,43,10,10,,
PRVU,11,8,100,,
PRVU,16,8,288,,
SAHAS,17,48,10,,
SAHAS,17,38,10,,
LBBL,32,37,100,,
BPCL,48,8,1000,,
MNBBL,58,48,30,,
LGIL,53,47,389,,
LGIL,10,47,388,,
LGIL,7,47,10,,
UPPER,32,49,17,,
UPPER,49,49,33,,
JBLB,50,13,10,,
JBLB,51,38,50,,
JBLB,51,45,10,,
AHPC,56,53,40,,
UNHPL,26,28,30,,
MNBBL,11,53,22,,
MNBBL,49,53,40,,
MNBBL,41,53,100,,
MNBBL,8,53,70,,
GHL,8,35,220,,
SAHAS,25,26,10,,
SADBL,32,16,1900,,
SADBL,58,16,100,,
PRVU,16,14,12,,
API,18,36,90,,
NUBL,6,21,19,,
GBIME,32,14,50,,
PRIN,14,7,116,,
PRIN,7,7,25,,
PRIN,39,7,31,,
ADBL,6,34,100,,
PRIN,13,7,28,,
NMB,1,55,300,,
SPC,14,13,9,,
NIFRA,42,48,50,,
CBBL,8,40,10,,
UMHL,58,49,31,,
UMHL,7,49,50,,
UMHL,5,49,200,,
UMHL,41,49,50,,
UMHL,45,49,200,,
UMHL,45,49,133,,
UMHL,43,49,250,,
SADBL,49,42,10,,
SADBL,58,42,50,,
SAHAS,25,48,10,,
NIFRA,42,57,50,,
NIFRA,42,58,15,,
NIFRA,42,34,30,,
AKPL,54,38,223,,
AKPL,54,34,50,,
AKPL,54,21,68,,
AKPL,54,52,300,,
AKPL,54,36,500,,
AKPL,54,47,250,,
AKPL,54,49,117,,
AKPL,54,51,60,,
AKPL,54,50,250,,
AKPL,54,51,182,,
AKPL,54,57,300,,
AHPC,36,53,25,,
AHPC,51,53,20,,
AHPC,49,53,100,,
AHPC,58,53,89,,
FMDBL,21,42,50,,
KBL,45,16,400,,
NICLBSL,53,46,10,,
AKJCL,21,22,50,,
AKJCL,57,22,10,,
GRDBL,55,48,81,,
GRDBL,55,34,55,,
GRDBL,55,26,14,,
NRIC,58,14,50,,
NRIC,32,14,30,,
NRIC,45,14,35,,
NIFRA,1,7,50,,
NIFRA,1,47,50,,
AKJCL,57,58,50,,
AHPC,58,33,100,,
HIDCL,34,51,330,,
HIDCL,42,51,20,,
SCB,17,5,25,,
KEF,38,35,200,,
ULI,57,49,10,,
LBBL,32,22,45,,
PCBL,59,55,179,,
PCBL,34,55,27,,
PCBL,11,55,30,,
PCBL,43,55,14,,
UPPER,38,57,45,,
PLI,57,57,10,,
UPPER,26,57,200,,
UPPER,34,57,100,,
CFCL,14,51,50,,
API,41,33,120,,
API,25,33,10,,
AHPC,58,45,111,,
AHPC,34,45,10,,
AHPC,4,45,400,,
AHPC,43,45,200,,
NLBBL,8,19,153,,
AHPC,28,45,10,,
AHPC,13,45,100,,
NLBBL,45,19,100,,
AHPC,42,45,169,,
NLBBL,49,19,14,,
NLBBL,36,19,13,,
NLBBL,33,19,80,,
SBL,28,42,530,,
MLBL,42,44,50,,
CHL,59,48,100,,
CIT,38,47,15,,
LEC,50,41,10,,
NUBL,6,49,31,,
NUBL,41,49,25,,
NUBL,32,49,44,,
SIFC,51,29,100,,
SIFC,57,29,100,,
SIFC,35,29,530,,
SIFC,34,29,50,,
SIFC,14,29,200,,
SIFC,5,29,1000,,
PIC,43,41,78,,
PIC,36,41,20,,
MPFL,32,51,300,,
BBC,26,55,60,,
CHCL,17,45,50,,
HGI,25,58,22,,
MPFL,32,52,100,,
GIC,43,14,195,,
GIC,26,14,25,,
GIC,51,14,30,,
NICBF,57,14,100,,
GBBL,21,57,100,,
NRIC,49,41,50,,
CBBL,17,40,20,,
CBBL,42,40,20,,
ADBL,6,17,100,,
ULI,57,45,10,,
NICLBSL,53,49,10,,
NICLBSL,53,26,20,,
NTC,59,1,100,,
AHPC,45,22,10,,
LEC,28,17,190,,
BPCL,48,43,50,,
UMHL,54,51,50,,
CBL,1,52,70,,
API,1,36,10,,
NHPC,57,45,20,,
NHPC,56,45,80,,
KBL,18,51,80,,
KBL,57,51,10,,
CHL,59,38,16,,
CHL,57,38,100,,
CHL,39,38,50,,
SIFC,38,29,100,,
CHL,52,38,15,,
API,1,21,90,,
SJCL,21,49,20,,
TPC,22,28,10,,
RADHI,28,7,50,,
UPPER,57,45,18,,
MLBL,6,44,200,,
MLBL,48,44,300,,
MLBL,35,44,100,,
MLBL,19,44,300,,
MLBL,58,44,120,,
MLBL,7,44,50,,
MLBL,22,44,30,,
MLBL,36,44,300,,
MLBL,11,44,100,,
MLBL,48,44,100,,
MLBL,34,44,50,,
MLBL,58,44,257,,
MLBL,59,44,100,,
MLBL,44,44,20,,
AHPC,54,53,150,,
RLFL,49,16,25,,
CGH,41,42,38,,
CGH,57,42,100,,
CGH,25,42,100,,
CGH,49,42,100,,
FMDBL,58,42,30,,
CGH,36,42,45,,
FMDBL,44,42,100,,
CGH,13,42,10,,
FMDBL,35,42,100,,
CGH,10,42,10,,
FMDBL,43,42,15,,
CGH,7,42,100,,
UNHPL,1,28,20,,
UNHPL,57,28,95,,
CIT,51,47,65,,
SFCL,53,4,50,,
HIDCL,48,21,25,,
ICFC,40,11,200,,
GIC,39,14,40,,
GIC,51,14,10,,
NLIC,42,20,29,,
SAHAS,25,22,10,,
SGI,50,49,10,,
MEGA,6,16,65,,
MEGA,19,16,10,,
MEGA,48,16,120,,
MEGA,21,16,200,,
MEGA,14,16,800,,
MEGA,42,16,12,,
SHPC,37,17,10,,
SPC,14,13,1,,
NTC,59,57,10,,
NTC,58,57,90,,
NUBL,32,36,56,,
NUBL,38,36,50,,
NUBL,54,36,30,,
NUBL,44,36,64,,
NBB,36,11,300,,
SLI,22,35,10,,
SHPC,14,34,400,,
SHPC,57,34,100,,
SHPC,17,34,500,,
LEC,28,58,10,,
SFCL,58,4,25,,
JLI,14,49,10,,
NHDL,49,53,10,,
NHDL,14,53,37,,
MNBBL,8,51,50,,
MNBBL,25,51,25,,
MNBBL,45,51,25,,
SHINE,58,16,77,,
SHINE,32,16,150,,
KMCDB,26,26,10,,
JBBL,17,40,218,,
SSHL,18,38,200,,
HDHPC,14,49,10,,
HDHPC,58,49,10,,
GILB,43,37,10,,
NTC,58,1,210,,
LICN,28,54,50,,
JBLB,19,45,10,,
RADHI,45,7,40,,
SLI,22,32,30,,
RADHI,45,4,160,,
RADHI,58,4,100,,
RADHI,14,4,10,,
RADHI,52,4,100,,
RADHI,22,4,40,,
RADHI,28,4,90,,
PLI,57,26,10,,
UNHPL,57,54,55,,
UNHPL,42,54,55,,
GBIME,57,14,200,,
DDBL,58,28,10,,
DDBL,46,28,30,,
HDHPC,14,38,100,,
HDHPC,41,38,40,,
NTC,32,28,207,,
BBC,39,55,16,,
SAHAS,39,22,10,,
SAHAS,39,46,10,,
AKJCL,57,54,30,,
AKJCL,52,54,20,,
RLFL,14,16,175,,
MKJC,28,58,10,,
MKJC,7,58,10,,
AIL,16,46,10,,
SAHAS,39,56,10,,
UIC,39,41,435,,
UIC,39,41,100,,
UIC,39,41,100,,
UIC,5,41,15,,
NHPC,49,51,250,,
TPC,22,38,10,,
GBBL,32,58,33,,
SHINE,45,16,300,,
RLI,48,26,10,,
SBL,17,57,420,,
SBL,33,57,10,,
SBL,49,57,100,,
SBL,42,57,280,,
SBL,8,57,73,,
SBL,54,57,20,,
SBL,43,57,10,,
SBL,28,57,1000,,
SBL,28,57,925,,
SBL,43,57,94,,
SBL,49,57,168,,
ULI,38,45,10,,
ULI,38,44,10,,
ULI,38,49,10,,
VLBS,58,34,15,,
UPPER,57,51,40,,
CIT,52,47,50,,
ULI,57,35,10,,
API,1,51,50,,
SFCL,58,4,25,,
SFCL,34,4,250,,
SFCL,45,4,100,,
SFCL,28,4,40,,
SFCL,58,4,50,,
SFCL,19,4,500,,
SFCL,32,4,250,,
SFCL,34,4,198,,
SFCL,45,4,50,,
SFCL,21,4,100,,
NUBL,48,49,74,,
NRIC,46,45,10,,
NHDL,14,57,13,,
NIFRA,57,28,10,,
NHDL,32,57,1187,,
JLI,14,29,10,,
SLI,22,17,10,,
TPC,22,44,10,,
PRVU,26,58,10,,
SIFC,38,29,100,,
SABSL,17,39,39,,
SABSL,35,39,11,,
ALICL,34,58,30,,
ALICL,10,58,50,,
HGI,28,43,15,,
HGI,14,43,30,,
HGI,38,43,200,,
HGI,34,43,100,,
API,21,29,500,,
JBBL,21,40,20,,
BBC,46,55,10,,
BBC,34,55,10,,
NRIC,45,20,10,,
MLBS,59,49,10,,
MLBS,59,42,10,,
MLBS,59,52,10,,
MLBS,59,22,10,,
MLBS,59,58,10,,
NUBL,48,45,26,,
NUBL,7,45,59,,
NUBL,52,45,15,,
ICFC,37,50,50,,
EIC,39,47,148,,
EIC,50,47,50,,
EIC,29,47,10,,
SAHAS,39,20,50,,
SAHAS,25,20,50,,
UPCL,18,49,100,,
UPCL,38,49,50,,
UPCL,49,49,200,,
UPCL,39,49,500,,
UPCL,52,49,500,,
UPCL,25,49,50,,
UPCL,34,49,100,,
UPCL,32,49,101,,
UPCL,21,49,20,,
HDL,56,49,20,,
UPCL,18,49,100,,
HDL,50,49,10,,
UPCL,45,49,123,,
HDL,49,49,35,,
NUBL,52,59,15,,
NUBL,52,59,85,,
AKJCL,57,45,10,,
AKJCL,26,45,150,,
AKJCL,58,45,30,,
AKJCL,52,45,100,,
RLI,48,57,10,,
NBB,36,38,100,,
AKJCL,58,21,46,,
AKJCL,34,21,95,,
MLBS,25,17,10,,
UNHPL,45,16,10,,
HPPL,5,5,467,,
HPPL,11,5,50,,
HPPL,21,5,50,,
HPPL,34,5,153,,
HPPL,38,5,30,,
KSBBL,45,14,124,,
KSBBL,11,14,76,,
GLICL,57,49,31,,
NIFRA,32,46,198,,
SAHAS,25,35,10,,
BOKL,44,49,200,,
NTC,57,28,285,,
GBIME,11,14,13,,
EBL,11,28,187,,
EBL,45,28,100,,
NTC,44,35,100,,
SAHAS,25,42,10,,
HDL,49,49,10,,
HDL,36,49,40,,
HDL,38,49,50,,
SLI,22,34,10,,
GIMES1,45,7,2000,,
GIMES1,17,7,10000,,
GIMES1,58,7,350,,
NIFRA,32,32,101,,
NIFRA,58,32,40,,
NIFRA,7,32,29,,
NIFRA,14,32,90,,
NIFRA,38,32,20,,
SKBBL,47,42,20,,
SHINE,26,57,100,,
MEGA,42,55,188,,
MEGA,45,55,35,,
MEGA,58,55,85,,
MEGA,35,55,3722,,
MEGA,28,55,391,,
MEGA,47,55,100,,
NCCB,44,57,2960,,
NCCB,25,57,10,,
NCCB,52,57,130,,
NLIC,17,17,1,,
SANIMA,57,40,25,,
SANIMA,45,40,500,,
SANIMA,40,40,200,,
SANIMA,4,40,100,,
SANIMA,49,40,30,,
SANIMA,1,40,125,,
SANIMA,58,40,40,,
SANIMA,58,40,300,,
SANIMA,22,40,181,,
SAHAS,14,44,10,,
FMDBL,43,58,10,,
UNHPL,42,59,45,,
UNHPL,6,59,55,,
MKJC,58,28,90,,
MKJC,55,28,100,,
MKJC,35,28,500,,
MKJC,25,28,200,,
MKJC,28,28,100,,
MKJC,7,28,10,,
HPPL,38,5,10,,
HPPL,34,5,200,,
HPPL,42,5,50,,
HPPL,22,5,50,,
HPPL,13,5,250,,
HPPL,57,5,200,,
HPPL,34,5,200,,
HPPL,39,5,40,,
CIT,52,47,200,,
SFCL,45,52,50,,
GIC,51,46,10,,
ULI,19,33,10,,
NICA,22,17,139,,
NICA,34,17,51,,
NICA,40,17,50,,
NICA,58,17,10,,
NICA,16,17,50,,
NICA,44,17,100,,
NICA,45,17,100,,
GBIME,58,14,50,,
MEGA,1,28,90,,
MEGA,1,53,100,,
LEC,26,46,20,,
NMB,1,34,400,,
NLIC,50,44,14,,
NLIC,36,44,30,,
HIDCL,11,50,52,,
HIDCL,47,50,500,,
HIDCL,38,50,30,,
HIDCL,16,50,100,,
HIDCL,28,50,100,,
HIDCL,7,50,150,,
HIDCL,35,50,100,,
HIDCL,47,50,60,,
HIDCL,14,50,330,,
HIDCL,38,50,100,,
HIDCL,57,50,25,,
HIDCL,16,50,50,,
HIDCL,46,50,154,,
HIDCL,57,50,1000,,
HIDCL,32,50,200,,
HIDCL,32,50,225,,
HIDCL,32,50,300,,
HIDCL,44,50,50,,
HIDCL,34,50,18,,
HIDCL,59,50,25,,
HIDCL,50,50,50,,
HIDCL,53,50,60,,
HIDCL,35,50,75,,
HIDCL,58,50,49,,
HIDCL,45,50,30,,
HIDCL,48,50,70,,
HIDCL,18,50,150,,
HIDCL,58,50,50,,
HIDCL,17,50,10,,
HIDCL,14,50,300,,
HIDCL,16,50,200,,
HIDCL,46,50,650,,
HIDCL,52,50,200,,
HIDCL,34,50,500,,
HIDCL,29,50,300,,
HIDCL,14,50,10,,
HIDCL,1,50,50,,
HIDCL,48,50,100,,
HIDCL,42,50,100,,
HIDCL,13,50,200,,
HIDCL,35,50,500,,
HIDCL,1,50,100,,
HIDCL,47,50,70,,
HIDCL,45,50,100,,
HIDCL,32,50,500,,
HIDCL,25,50,100,,
HIDCL,17,50,32,,
HIDCL,36,50,300,,
HIDCL,16,50,40,,
HIDCL,55,50,20,,
HIDCL,45,50,300,,
HIDCL,45,50,30,,
HIDCL,53,50,130,,
HIDCL,59,50,1000,,
HIDCL,57,50,100,,
HIDCL,18,50,50,,
HIDCL,43,50,50,,
HIDCL,52,50,1000,,
SLI,22,38,10,,
HIDCL,38,50,500,,
HIDCL,11,50,500,,
HIDCL,47,50,50,,
HIDCL,48,50,50,,
HIDCL,8,50,145,,
HIDCL,19,50,10,,
HIDCL,32,50,100,,
AKPL,11,51,68,,
AKPL,11,58,17,,
AKPL,11,18,15,,
NICLBSL,17,42,10,,
RMDC,35,43,20,,
NTC,57,55,15,,
NTC,45,55,15,,
NTC,45,55,10,,
SAHAS,39,36,10,,
SAHAS,32,28,10,,
SLI,4,7,10,,
NABIL,57,1,10,,
MFIL,34,51,50,,
SLI,4,41,10,,
AKPL,36,16,137,,
AKPL,14,16,10,,
AKPL,45,16,50,,
AKPL,22,16,303,,
CHDC,3,51,10,,
JBBL,46,40,62,,
MDB,25,51,47,,
MDB,44,51,53,,
AKPL,22,11,47,,
AKPL,50,11,70,,
NIFRA,34,41,60,,
SAHAS,39,49,10,,
BOKL,38,49,174,,
RLI,52,49,10,,
PLI,57,35,10,,
SABSL,17,59,10,,
SABSL,49,59,40,,
SAHAS,39,57,10,,
KMCDB,33,29,20,,
GLH,42,26,10,,
UPPER,57,34,34,,
MFIL,34,55,19,,
PIC,36,41,10,,
PIC,7,41,10,,
SKBBL,7,42,10,,
NHPC,56,28,20,,
NHPC,25,28,100,,
NHPC,42,28,50,,
NHPC,34,28,10,,
NHPC,59,28,200,,
NHPC,25,28,120,,
GBBL,45,14,110,,
GBBL,6,14,50,,
GBBL,22,14,300,,
GBBL,28,14,20,,
GBBL,59,14,40,,
GBBL,58,14,70,,
GBBL,58,14,20,,
GBBL,16,14,10,,
SLI,4,33,10,,
RLFL,14,36,125,,
API,14,34,50,,
API,52,34,13,,
API,48,34,50,,
API,7,34,50,,
API,14,34,1000,,
API,35,34,1000,,
API,33,34,500,,
API,22,34,210,,
API,33,34,500,,
API,42,34,20,,
API,57,34,15,,
API,46,34,100,,
API,41,34,500,,
API,47,34,100,,
API,29,34,50,,
API,39,34,33,,
API,38,34,30,,
API,58,34,20,,
API,28,34,200,,
API,39,34,114,,
API,39,34,250,,
API,3,34,100,,
AHPC,17,53,100,,
NRIC,45,51,10,,
SAHAS,39,45,10,,
UNHPL,21,59,150,,
API,34,34,238,,
API,33,34,30,,
API,50,34,200,,
API,14,34,250,,
API,38,34,1000,,
API,16,34,3683,,
API,13,34,50,,
API,33,34,200,,
API,45,34,10000,,
API,1,34,100,,
API,38,34,1564,,
API,58,34,170,,
API,47,34,200,,
API,21,34,200,,
API,38,34,60,,
API,58,34,500,,
API,47,34,200,,
API,49,34,100,,
API,45,34,100,,
API,56,34,1000,,
API,56,34,250,,
KEF,38,58,200,,
NABIL,58,1,20,,
SIFC,45,29,250,,
DDBL,46,47,70,,
DDBL,14,47,50,,
DDBL,21,47,20,,
DDBL,54,47,40,,
DDBL,21,47,40,,
DDBL,47,47,17,,
DDBL,8,47,10,,
DDBL,13,47,50,,
GBBL,16,40,10,,
RMDC,55,16,100,,
CHL,52,41,85,,
CHL,41,41,500,,
CHL,13,41,100,,
CHL,48,41,295,,
CHL,13,41,20,,
BOKL,11,57,21,,
BOKL,47,57,12,,
CCBL,20,58,190,,
RHPL,26,49,40,,
SADBL,58,20,90,,
SADBL,45,20,210,,
USLB,34,48,10,,
ICFC,37,58,50,,
CHCL,4,45,200,,
CHCL,34,45,300,,
CHCL,33,45,10,,
CHCL,25,45,291,,
NIFRA,44,35,51,,
MNBBL,7,57,6,,
MNBBL,42,57,10,,
MNBBL,4,57,84,,
KBL,20,59,50,,
HDHPC,41,14,20,,
SLCF,59,21,100,,
JOSHI,20,42,35,,
SIFC,4,29,800,,
SIFC,59,29,10,,
SIFC,57,29,50,,
SIFC,58,29,50,,
SIFC,45,29,50,,
SIFC,34,29,10,,
SIFC,34,29,200,,
SIFC,25,29,100,,
SIFC,59,29,100,,
SIFC,34,29,200,,
KBL,45,16,400,,
SFCL,34,20,22,,
SFCL,21,20,28,,
GBIME,56,14,200,,
ADBL,52,58,60,,
CGH,48,28,10,,
UPPER,57,58,34,,
GBIME,6,14,1000,,
SBL,32,36,600,,
SBL,32,45,200,,
RLI,52,26,10,,
UMHL,8,53,38,,
MLBS,49,49,10,,
MEGAPO,42,45,12820,,
UPPER,57,57,50,,
HIDCL,8,49,77,,
HIDCL,58,49,10,,
HIDCL,47,49,54,,
SFCL,38,42,100,,
NABIL,14,1,54,,
AKJCL,34,58,250,,
AKJCL,11,58,10,,
AKJCL,6,58,200,,
AKJCL,58,58,50,,
AKJCL,8,58,50,,
AKJCL,35,58,800,,
AKJCL,7,58,100,,
AKJCL,51,58,40,,
AKJCL,55,58,104,,
MKJC,7,35,10,,
NIFRA,44,19,49,,
NIFRA,43,19,11,,
NABIL,58,6,500,,
LBBL,32,14,110,,
LBBL,20,14,20,,
LBBL,18,14,500,,
LBBL,53,14,10,,
LBBL,25,14,10,,
LBBL,21,14,1000,,
LBBL,38,14,100,,
TPC,21,58,10,,
SAHAS,39,58,10,,
NUBL,52,45,14,,
NUBL,54,45,30,,
HDL,10,56,5,,
HDHPC,7,14,40,,
HIDCL,47,42,33,,
JBBL,21,51,82,,
KSBBL,11,20,24,,
KSBBL,7,20,25,,
KSBBL,57,20,50,,
KSBBL,7,20,100,,
KSBBL,8,20,10,,
CBL,34,14,100,,
GBIME,17,17,1,,
BPCL,48,47,90,,
PCBL,43,40,86,,
PCBL,16,40,10,,
PCBL,21,40,55,,
PCBL,56,40,200,,
PCBL,59,40,850,,
PCBL,39,40,100,,
RHPL,26,38,770,,
PCBL,51,40,20,,
PCBL,42,40,100,,
RHPL,25,38,100,,
PCBL,38,40,10,,
RHPL,32,38,20,,
JLI,10,38,10,,
PCBL,47,40,12,,
RHPL,16,38,200,,
PCBL,25,40,50,,
RHPL,13,38,910,,
PCBL,34,40,200,,
PCBL,7,40,100,,
PCBL,54,40,100,,
PCBL,38,40,36,,
AHPC,48,53,1000,,
JBBL,43,46,60,,
MKLB,8,20,10,,
SBL,49,51,332,,
SBL,14,51,50,,
SBL,49,51,200,,
SBL,26,51,18,,
NABIL,41,44,60,,
NABIL,58,44,40,,
NABIL,10,44,60,,
GBIME,10,14,800,,
GBIME,14,14,100,,
GBIME,58,14,10,,
CHCL,25,45,49,,
GBIME,41,14,11,,
CHCL,29,45,300,,
CHCL,28,45,500,,
CHCL,17,45,28,,
SHEL,48,16,10,,
KBL,45,16,100,,
NHDL,32,1,400,,
ULI,19,48,10,,
NBL,58,49,50,,
NBL,54,49,20,,
NBL,42,49,50,,
NBL,19,49,10,,
NBL,42,49,70,,
CIT,49,47,10,,
CIT,29,47,55,,
CIT,38,47,20,,
CIT,1,47,10,,
CIT,14,47,10,,
CIT,1,47,25,,
CIT,34,47,10,,
CIT,57,47,20,,
CIT,14,47,20,,
CIT,39,47,10,,
NTC,53,35,50,,
NTC,45,35,100,,
NTC,44,35,10,,
NTC,51,35,10,,
NTC,38,35,100,,
NTC,53,35,10,,
NTC,34,35,10,,
NTC,59,35,233,,
NTC,45,35,10,,
NTC,58,35,209,,
KMCDB,25,17,10,,
SHPC,58,57,165,,
SHPC,28,57,50,,
SHPC,1,57,25,,
SHPC,25,57,10,,
SHPC,34,57,500,,
SHPC,49,57,550,,
SLI,4,56,10,,
NTC,58,22,21,,
CHDC,17,35,10,,
LEC,17,17,40,,
BBC,36,53,10,,
API,39,34,886,,
API,34,34,200,,
API,52,34,100,,
API,39,34,50,,
API,49,34,100,,
API,43,34,150,,
API,42,34,30,,
API,17,34,100,,
API,35,34,10,,
API,50,34,200,,
API,44,34,100,,
API,17,34,10,,
API,6,34,500,,
API,33,34,100,,
API,14,34,150,,
API,48,34,200,,
API,45,34,1114,,
ICFC,40,51,87,,
NTC,58,25,70,,
MLBL,58,58,43,,
NLIC,36,34,20,,
PLI,57,7,10,,
BPCL,48,50,68,,
AIL,16,41,10,,
KBL,1,59,200,,
SHIVM,3,34,71,,
SHIVM,14,34,10,,
SHIVM,13,34,40,,
HIDCL,49,7,4,,
SHIVM,13,34,50,,
SHIVM,29,34,15,,
HIDCL,7,7,40,,
SHIVM,32,34,50,,
SHIVM,11,34,14,,
SPDL,36,54,100,,
RADHI,28,7,10,,
RADHI,33,7,50,,
SFCL,21,38,72,,
SFCL,21,38,28,,
CGH,48,54,90,,
CGH,41,54,30,,
KBL,45,25,178,,
SLI,4,48,10,,
JBBL,58,46,20,,
RLI,48,34,10,,
RLI,17,34,10,,
SJCL,21,48,10,,
ULI,25,45,40,,
SAHAS,39,11,10,,
UMHL,43,34,250,,
BARUN,43,25,20,,
SIFC,14,59,500,,
NHDL,32,26,1000,,
SAHAS,39,34,10,,
SKBBL,14,42,10,,
SKBBL,7,42,10,,
SKBBL,49,42,200,,
SKBBL,26,42,100,,
SKBBL,25,42,100,,
SKBBL,22,42,29,,
NLG,42,29,20,,
NLG,5,29,10,,
NLG,45,29,100,,
NLG,35,29,50,,
NLG,52,29,20,,
NLG,28,29,100,,
NLG,34,29,250,,
API,45,34,280,,
API,14,34,50,,
API,22,34,100,,
API,53,34,50,,
API,59,34,1000,,
API,42,34,200,,
API,52,34,220,,
API,52,34,50,,
API,45,34,50,,
AKJCL,3,37,100,,
AKJCL,57,37,630,,
GLICL,29,49,100,,
NUBL,40,16,22,,
NUBL,40,16,28,,
SHEL,48,58,10,,
NLIC,25,45,20,,
GLH,42,42,500,,
SHEL,48,38,10,,
PROFL,17,48,25,,
PROFL,52,48,10,,
PROFL,55,48,105,,
CGH,41,35,10,,
MLBS,51,58,10,,
UPPER,45,57,50,,
RLI,17,17,10,,
RLFL,34,45,50,,
RLFL,34,49,25,,
RADHI,57,25,164,,
NMFBS,21,33,30,,
NMFBS,35,33,40,,
CHL,13,52,30,,
PCBL,38,49,1964,,
PCBL,16,49,50,,
PCBL,45,49,100,,
PCBL,53,49,52,,
SAHAS,39,38,10,,
SHPC,55,34,100,,
NLIC,17,17,1,,
UMHL,51,53,10,,
RSDC,34,26,10,,
GILB,48,37,41,,
BARUN,14,42,50,,
NCCB,25,28,990,,
NCCB,56,28,10,,
GBBL,16,51,40,,
API,36,11,90,,
NIFRA,43,38,50,,
SKBBL,22,20,21,,
SKBBL,49,20,50,,
SKBBL,17,20,29,,
SBL,58,36,37,,
NLG,25,29,10,,
SANIMA,22,58,19,,
SANIMA,49,58,120,,
UPPER,57,34,34,,
JBBL,17,46,50,,
JBBL,56,46,18,,
GIC,51,57,180,,
NICLBSL,17,41,10,,
CGH,48,53,80,,
CGH,14,53,50,,
JOSHI,1,42,35,,
GIC,39,52,20,,
GIC,39,52,60,,
GIC,59,52,20,,
DDBL,38,52,50,,
HDHPC,41,14,25,,
UMHL,49,52,1000,,
UMHL,38,52,50,,
UMHL,14,52,50,,
BOKL,52,49,80,,
ICFC,58,51,150,,
SLI,59,3,490,,
SLI,59,3,10,,
RADHI,42,25,10,,
RMDC,19,16,50,,
GILB,48,57,15,,
CBBL,57,58,16,,
CBBL,57,43,60,,
NGPL,36,36,72,,
UPCL,45,48,100,,
NIL,47,34,15,,
SLBBL,19,14,80,,
SBL,28,36,700,,
MLBSL,32,11,20,,
UNHPL,6,55,45,,
KBL,45,48,20,,
UNHPL,40,55,10,,
UNHPL,46,55,20,,
SHINE,32,49,50,,
SGI,50,26,10,,
NHPC,25,34,380,,
NHPC,42,34,1000,,
NHPC,33,34,500,,
NHPC,18,34,100,,
NHPC,22,34,20,,
GILB,48,52,50,,
TPC,22,49,10,,
SMFBS,55,20,14,,
MKJC,35,1,60,,
NRN,17,49,10,,
LBBL,38,26,400,,
RHPL,13,48,10,,
SHINE,32,51,800,,
HDHPC,58,14,500,,
HDHPC,57,14,100,,
MNBBL,4,44,16,,
MNBBL,38,44,50,,
MNBBL,26,44,27,,
SAHAS,25,4,10,,
UNHPL,32,51,11,,
SSHL,43,56,11,,
NHPC,22,34,80,,
NHPC,38,34,53,,
NHPC,38,34,17,,
SBI,58,34,250,,
ADBL,52,29,10,,
GBIME,42,42,100,,
RADHI,35,25,10,,
RADHI,32,25,16,,
NICSF,8,49,100,,
BFC,49,1,20,,
JBLB,35,35,10,,
RLFL,34,49,100,,
NABIL,10,48,50,,
NABIL,49,48,75,,
MLBL,14,3,500,,
MLBL,48,3,500,,
MLBL,36,3,500,,
AHPC,49,39,20,,
AHPC,21,39,57,,
JLI,10,38,10,,
SCB,25,20,147,,
SCB,25,17,89,,
NRIC,58,49,50,,
LEC,42,17,50,,
LEC,25,17,490,,
NIFRA,53,7,56,,
KBL,45,13,300,,
HIDCL,45,58,96,,
HIDCL,17,58,104,,
HIDCL,17,20,96,,
RLI,17,26,10,,
API,26,11,200,,
HIDCL,36,20,100,,
SPDL,49,42,90,,
SHPC,49,40,450,,
SHPC,33,40,50,,
JLI,10,58,10,,
GBBL,58,17,30,,
GBBL,35,17,100,,
GBBL,14,17,400,,
GBBL,57,17,20,,
GBBL,34,17,200,,
GBBL,34,17,50,,
GBBL,6,17,500,,
GBBL,38,17,500,,
GBBL,39,17,200,,
NIFRA,53,34,30,,
NABIL,46,1,30,,
NABIL,46,40,70,,
NIFRA,53,6,64,,
NIFRA,49,6,20,,
NABIL,38,40,30,,
NABIL,38,58,10,,
NHPC,58,34,60,,
NHPC,41,34,375,,
NHPC,14,34,2000,,
NHPC,59,34,30,,
NHPC,21,34,500,,
NHPC,53,34,1000,,
NHPC,58,34,50,,
NHPC,21,34,50,,
NHPC,38,34,513,,
CHDC,17,38,10,,
UNHPL,32,57,39,,
NGPL,26,36,100,,
CHL,57,38,250,,
NRIC,45,14,45,,
NRIC,16,14,100,,
NRIC,21,14,100,,
NRIC,45,14,50,,
NRIC,29,14,50,,
NRIC,35,14,10,,
NRIC,28,14,85,,
MERO,48,43,48,,
MERO,40,43,110,,
MERO,36,43,22,,
NMFBS,1,49,16,,
NMFBS,33,49,10,,
NMFBS,20,49,35,,
API,52,55,130,,
API,54,55,10,,
NABIL,38,58,10,,
HIDCL,6,20,50,,
NIFRA,57,6,10,,
NIFRA,6,6,10,,
NIFRA,58,6,11,,
NIFRA,49,6,10,,
NIFRA,7,6,50,,
NIFRA,4,6,50,,
NIFRA,21,6,25,,
HIDCL,35,20,10,,
NHPC,38,25,487,,
NHPC,21,25,500,,
NHPC,58,25,13,,
SAHAS,25,17,10,,
ULI,25,41,10,,
JBBL,56,22,40,,
SLI,59,42,10,,
RLFL,57,49,75,,
HIDCL,35,50,90,,
GHL,8,28,50,,
CZBIL,45,35,50,,
RADHI,32,5,84,,
SLBSL,33,20,10,,
NRIC,28,48,15,,
CZBIL,39,58,50,,
CZBIL,39,58,20,,
CZBIL,39,58,12,,
CZBIL,39,28,11,,
NMB,1,40,1968,,
NABIL,41,58,10,,
SIFC,1,34,80,,
SIFC,45,34,70,,
SIFC,43,34,50,,
SIFC,44,34,300,,
NICA,34,17,49,,
NICA,34,17,200,,
NICA,54,17,10,,
NICA,14,17,50,,
NICA,20,17,200,,
NICA,34,17,23,,
NICA,28,17,1000,,
NICA,14,17,39,,
NICA,17,17,50,,
NICA,36,17,50,,
NICA,55,17,100,,
NICA,34,17,23,,
NICA,52,17,50,,
NICA,17,17,156,,
AKPL,50,34,30,,
UPPER,57,47,40,,
UPPER,36,47,10,,
UPPER,33,47,50,,
AHPC,21,34,98,,
NIFRA,21,58,50,,
HIDCL,21,50,10,,
ICFC,11,51,13,,
CHDC,56,26,10,,
NIFRA,21,41,50,,
UMHL,11,53,200,,
GBIME,41,49,259,,
GBIME,10,49,800,,
GBIME,42,49,136,,
GBIME,55,49,10,,
GBIME,13,49,372,,
GBIME,19,49,100,,
GBIME,42,49,100,,
GBIME,57,49,30,,
GBIME,45,49,200,,
GBIME,55,49,500,,
GBIME,42,49,1000,,
GBIME,29,49,25,,
GBIME,22,49,249,,
GBIME,44,49,56,,
GBIME,16,49,40,,
GBIME,47,49,100,,
GBIME,55,49,200,,
GBIME,11,49,250,,
GBIME,45,49,31,,
GBIME,58,49,30,,
NLIC,17,17,1,,
ULI,36,51,10,,
TPC,22,58,10,,
HIDCL,47,44,250,,
ICFC,40,8,80,,
NGPL,32,36,25,,
NGPL,48,36,104,,
SHEL,48,5,10,,
ICFC,11,1,87,,
ICFC,50,1,13,,
BARUN,54,42,105,,
BARUN,21,42,30,,
PLI,57,48,10,,
RURU,38,41,10,,
SLI,59,10,10,,
NMB,1,55,681,,
NMB,33,55,10,,
GBBL,43,40,190,,
NRN,17,57,10,,
NRN,45,57,10,,
KPCL,50,5,85,,
RMDC,43,16,50,,
NABIL,35,39,50,,
NBB,36,14,500,,
NBB,36,54,50,,
NBB,36,11,50,,
SRBL,25,16,10,,
LEC,28,17,180,,
MERO,36,43,58,,
MERO,8,43,50,,
MERO,1,43,300,,
MERO,26,43,410,,
MERO,38,43,20,,
MERO,45,43,20,,
MERO,42,43,50,,
MERO,43,43,25,,
MERO,51,43,30,,
MERO,11,43,37,,
ULI,36,58,10,,
NHPC,58,34,100,,
NLIC,42,49,39,,
NLIC,40,49,10,,
NLIC,16,49,10,,
NLIC,50,49,15,,
NLIC,41,49,10,,
GBBL,43,40,100,,
PMHPL,17,47,50,,
PMHPL,50,47,150,,
RSDC,34,34,10,,
AKJCL,55,52,96,,
AKJCL,41,52,50,,
AKJCL,21,52,50,,
AKJCL,49,52,50,,
AKJCL,55,52,300,,
AKJCL,57,52,50,,
AKJCL,41,52,500,,
AKJCL,45,52,200,,
AKJCL,52,52,100,,
AKJCL,20,52,50,,
AKJCL,58,52,70,,
GBIME,39,41,70,,
NRN,45,48,10,,
NUBL,59,16,102,,
PROFL,55,59,95,,
PROFL,43,59,55,,
PROFL,34,59,10,,
PROFL,50,59,50,,
PROFL,4,59,50,,
PROFL,52,59,30,,
PROFL,55,59,200,,
PROFL,52,59,10,,
SAHAS,34,58,10,,
HIDCL,47,58,200,,
MLBL,52,3,5000,,
MLBL,22,3,100,,
AHPC,38,34,10,,
GILB,43,58,10,,
JBLB,39,40,10,,
KBL,45,49,500,,
KBL,19,49,50,,
SFCL,34,55,81,,
SFCL,54,55,100,,
SFCL,21,55,100,,
SFCL,50,55,15,,
SFCL,59,55,32,,
GIC,34,52,100,,
GIC,39,52,100,,
IGI,45,58,32,,
NLG,40,32,208,,
GFCL,48,34,70,,
GFCL,10,34,200,,
GFCL,13,34,100,,
GFCL,35,34,100,,
GFCL,14,34,100,,
GFCL,28,34,50,,
GFCL,54,34,100,,
GFCL,58,34,100,,
GFCL,39,34,100,,
GFCL,28,34,500,,
UPCL,45,33,277,,
GFCL,58,34,60,,
GFCL,52,34,10,,
UPCL,11,33,100,,
GFCL,22,34,490,,
UPCL,21,33,250,,
SRBL,16,7,20,,
GFCL,47,34,20,,
UPCL,47,33,370,,
UMHL,41,49,100,,
UMHL,58,49,455,,
UMHL,34,49,50,,
UMHL,28,49,100,,
UMHL,50,49,490,,
UMHL,13,49,284,,
UMHL,20,49,200,,
UMHL,58,49,286,,
NIFRA,21,49,50,,
UMHL,38,49,209,,
KKHC,42,37,39,,
NLIC,41,44,20,,
NLICL,10,8,500,,
UMHL,8,5,212,,
UMHL,38,5,142,,
SSHL,57,56,170,,
SSHL,56,56,90,,
SHINE,53,51,200,,
RLI,17,41,10,,
GILB,57,16,10,,
CCBL,57,35,20,,
KBL,34,52,300,,
KBL,34,34,300,,
KBL,34,36,25,,
KBL,34,45,175,,
KBL,34,43,50,,
NIFRA,21,48,50,,
BNT,42,28,10,,
NBF3,4,57,100,,
NIFRA,16,10,60,,
NIFRA,16,41,60,,
ULI,36,58,10,,
UPPER,34,57,60,,
UPPER,7,57,10,,
UPPER,40,57,10,,
UPPER,45,57,20,,
UPPER,34,57,100,,
UPPER,57,57,15,,
UPPER,8,57,68,,
GIC,39,17,120,,
GFCL,47,34,30,,
GFCL,4,34,100,,
GFCL,42,34,50,,
GFCL,55,34,100,,
GFCL,38,34,50,,
GFCL,45,34,300,,
GFCL,45,34,50,,
GFCL,38,34,100,,
GFCL,11,34,100,,
GFCL,28,34,25,,
GFCL,4,34,35,,
GFCL,25,34,60,,
ADBL,34,49,13,,
NIFRA,16,14,50,,
NUBL,41,16,70,,
BBC,36,58,10,,
GBIME,39,22,50,,
NICLBSL,3,26,80,,
GFCL,25,1,40,,
SBL,26,20,40,,
SAHAS,13,57,150,,
MLBS,25,38,10,,
SJCL,1,17,20,,
UNHPL,21,57,60,,
UNHPL,17,57,100,,
NABIL,35,39,46,,
UNHPL,49,57,20,,
SHPC,17,17,2,,
SFCL,59,55,230,,
SFCL,20,55,20,,
RADHI,49,5,20,,
PRVU,5,8,30,,
KPCL,43,41,140,,
HIDCL,35,59,100,,
HIDCL,57,59,70,,
HIDCL,57,59,325,,
MKJC,28,58,200,,
ICFC,50,58,487,,
MKJC,10,58,80,,
MKJC,32,58,80,,
ICFC,45,58,13,,
ICFC,45,56,17,,
ICFC,37,56,83,,
NBB,38,13,70,,
BPCL,57,50,20,,
BPCL,57,38,50,,
BPCL,57,40,80,,
API,34,56,50,,
SCB,35,17,16,,
SHINE,38,34,40,,
SABSL,44,44,98,,
NRIC,22,34,100,,
NRIC,28,34,50,,
NABIL,10,39,190,,
NABIL,34,39,101,,
NABIL,21,39,13,,
NABIL,52,39,17,,
NABIL,42,39,20,,
NABIL,34,39,50,,
NABIL,19,39,20,,
NABIL,39,39,20,,
NABIL,34,39,34,,
NLBBL,5,13,60,,
NABIL,51,39,10,,
NABIL,13,39,10,,
NABIL,28,39,28,,
NABIL,38,39,20,,
NABIL,25,39,22,,
NABIL,55,39,100,,
BOKL,34,49,11,,
MHNL,34,47,30,,
RMDC,14,43,13,,
GFCL,4,34,165,,
GFCL,49,34,200,,
GFCL,28,34,250,,
GFCL,57,34,10,,
GFCL,28,34,75,,
GFCL,35,34,100,,
GFCL,36,34,50,,
GFCL,4,34,100,,
GFCL,20,34,50,,
SAHAS,13,57,150,,
LEC,28,36,100,,
UPPER,8,41,10,,
SAHAS,58,19,10,,
CBBL,1,51,5,,
CBBL,47,51,50,,
NUBL,52,55,16,,
NUBL,52,37,85,,
HPPL,5,36,80,,
NICLBSL,58,38,10,,
MBL,39,21,35,,
NICLBSL,3,48,20,,
KRBL,35,48,100,,
NICSF,8,47,1000,,
NICSF,8,58,200,,
NICA,17,40,162,,
AKPL,17,50,43,,
AKPL,56,50,30,,
MLBL,56,59,30,,
SAHAS,34,20,10,,
GBBL,22,58,200,,
SIFC,45,34,30,,
SIFC,13,34,50,,
SIFC,33,34,100,,
SIFC,14,34,100,,
SIFC,38,34,200,,
SIFC,41,34,20,,
JBLB,39,35,10,,
API,45,36,1800,,
API,21,36,200,,
SHEL,48,59,10,,
TPC,22,52,10,,
GBIME,39,57,80,,
GBIME,58,57,20,,
GBIME,45,57,10,,
GBIME,42,57,90,,
SKBBL,7,35,10,,
SKBBL,28,35,50,,
SKBBL,21,35,15,,
HIDCL,57,49,175,,
HIDCL,58,49,100,,
HIDCL,34,49,50,,
NICA,17,17,382,,
NICA,28,17,1000,,
NICA,58,17,20,,
NICA,45,17,20,,
NICA,19,17,100,,
NICA,28,17,328,,
NICA,46,17,100,,
NICA,32,17,10,,
NICA,44,17,30,,
NICA,49,17,10,,
BARUN,52,34,10,,
SABSL,44,44,62,,
SABSL,44,44,88,,
SLI,59,54,10,,
BFC,28,46,200,,
AHPC,13,34,42,,
CGH,36,42,55,,
CGH,36,42,15,,
CGH,42,42,10,,
CGH,50,42,50,,
CGH,51,42,50,,
CGH,4,42,10,,
CGH,49,42,10,,
CGH,48,42,100,,
CGH,48,42,50,,
CGH,7,42,100,,
CGH,5,42,30,,
CGH,50,42,20,,
CGH,16,42,200,,
CGH,3,42,50,,
CGH,16,42,50,,
CGH,34,42,50,,
CGH,20,42,50,,
CGH,58,42,50,,
CGH,44,42,300,,
CGH,45,42,20,,
CGH,32,42,100,,
CGH,45,42,100,,
CGH,49,42,50,,
CGH,26,42,100,,
CGH,34,42,50,,
CGH,48,42,100,,
CGH,50,42,100,,
CGH,28,42,100,,
CGH,49,42,10,,
CGH,47,42,60,,
CGH,57,42,20,,
CGH,35,42,100,,
CGH,33,42,100,,
CGH,26,42,20,,
CGH,49,42,100,,
CGH,34,42,100,,
CGH,46,42,60,,
CGH,19,42,100,,
CGH,42,42,10,,
CGH,41,42,50,,
CGH,13,42,20,,
CGH,35,42,30,,
CGH,35,42,200,,
CGH,39,42,10,,
CGH,45,42,10,,
CGH,49,42,10,,
CGH,46,42,40,,
CGH,53,42,50,,
CGH,6,42,30,,
CGH,50,42,30,,
CGH,41,42,100,,
CGH,51,42,20,,
CGH,48,42,20,,
CGH,39,42,20,,
CGH,7,42,50,,
CGH,17,42,20,,
CGH,16,42,10,,
CGH,29,42,10,,
CGH,25,42,200,,
CGH,39,42,20,,
CGH,20,42,20,,
CGH,8,42,90,,
CGH,48,42,100,,
CGH,42,42,25,,
CGH,21,42,20,,
CGH,45,42,50,,
CGH,14,42,25,,
CGH,16,42,10,,
CGH,36,42,50,,
CGH,13,42,10,,
NUBL,51,56,10,,
KSBBL,40,32,50,,
LBBL,53,34,50,,
LBBL,14,34,10,,
LBBL,44,34,100,,
LBBL,57,34,130,,
LBBL,38,34,210,,
CMF2,1,14,900,,
KRBL,35,54,10,,
KRBL,8,54,100,,
KRBL,25,54,40,,
NICA,13,42,79,,
SHEL,48,41,10,,
GFCL,3,1,10,,
HIDCL,34,32,170,,
HIDCL,58,32,50,,
MMFDB,33,48,10,,
MMFDB,14,48,10,,
NUBL,51,38,14,,
SFMF,38,4,3000,,
HGI,34,45,143,,
SAHAS,34,49,10,,
NMB,1,51,420,,
NMB,3,51,10,,
NMB,5,51,20,,
RLI,17,20,10,,
SABSL,44,44,112,,
UMHL,38,57,30,,
SKBBL,57,28,80,,
JFL,34,34,761,,
JFL,7,34,50,,
JFL,11,34,45,,
JFL,50,34,500,,
JFL,43,34,50,,
JFL,57,34,10,,
JFL,55,34,84,,
AHPC,26,34,200,,
UPCL,47,42,70,,
UPCL,25,42,100,,
UPCL,42,42,100,,
UPCL,21,42,100,,
UPCL,57,42,330,,
UPCL,13,42,300,,
SKBBL,41,42,20,,
SKBBL,34,42,80,,
AHPC,48,34,50,,
GIC,39,49,10,,
SHINE,25,21,80,,
GBBL,28,58,500,,
NABIL,4,39,100,,
SHPC,13,28,235,,
LLBS,26,5,50,,
SAHAS,34,41,10,,
SPDL,46,57,23,,
SPDL,45,57,296,,
RADHI,46,5,25,,
SABSL,44,44,88,,
API,45,44,275,,
API,28,44,100,,
PPCL,14,33,200,,
PPCL,38,33,50,,
PPCL,33,33,30,,
PPCL,39,33,25,,
PPCL,33,33,466,,
SKBBL,17,17,2,,
UPPER,8,49,200,,
SAHAS,7,59,10,,
BBC,19,58,20,,
NMFBS,20,44,15,,
NMFBS,55,44,50,,
NMFBS,47,44,35,,
MLBS,13,38,10,,
NTC,53,42,100,,
MKJC,32,45,10,,
MLBS,45,38,30,,
NRIC,16,3,50,,
SPDL,45,42,150,,
RHPL,13,20,80,,
NABIL,13,39,13,,
GBLBS,26,49,15,,
SAHAS,28,38,10,,
SAHAS,28,19,60,,
MLBL,6,59,69,,
ICFC,37,13,60,,
ICFC,57,13,50,,
NABIL,19,39,11,,
NABIL,29,39,100,,
NABIL,22,39,10,,
NABIL,58,39,40,,
NABIL,58,39,36,,
NABIL,34,39,10,,
NABIL,55,39,25,,
RADHI,49,5,10,,
CCBL,36,21,500,,
NBB,38,13,10,,
KPCL,43,41,55,,
SLI,59,58,10,,
SANIMA,1,58,10,,
MLBL,6,35,31,,
KSBBL,40,37,50,,
KSBBL,21,37,50,,
GBBL,1,58,100,,
GBBL,57,58,20,,
GBBL,48,58,140,,
NICA,13,42,51,,
HDHPC,7,36,110,,
UIC,5,48,100,,
CZBIL,57,58,110,,
GFCL,13,1,50,,
PPCL,13,33,100,,
PPCL,28,33,470,,
SAHAS,7,38,20,,
SLI,59,50,10,,
NUBL,51,42,35,,
SAHAS,7,17,10,,
AHPC,21,44,45,,
API,45,5,6531,,
API,14,5,200,,
API,34,5,20,,
API,57,5,100,,
API,41,5,200,,
API,17,5,50,,
API,49,5,3517,,
API,44,5,50,,
API,49,5,50,,
API,22,5,182,,
API,19,5,100,,
JFL,55,34,116,,
JFL,56,34,150,,
SANIMA,58,4,13,,
JFL,34,34,1000,,
SANIMA,49,4,10,,
JFL,14,34,50,,
SANIMA,49,4,245,,
JFL,4,34,100,,
JFL,16,34,84,,
UMHL,38,16,20,,
GLICL,29,17,100,,
NABIL,55,49,75,,
NABIL,11,49,125,,
NRIC,28,49,50,,
API,22,44,18,,
API,43,44,47,,
SHINE,14,21,20,,
AKPL,59,45,500,,
AKPL,59,41,117,,
AKPL,59,43,582,,
AKPL,59,49,11,,
AKPL,59,48,1000,,
AKPL,59,28,574,,
AKPL,59,43,211,,
SSHL,56,56,910,,
SSHL,41,56,10,,
SSHL,6,56,200,,
CHCL,17,48,20,,
PRVU,26,20,90,,
LEC,28,37,100,,
HIDCL,34,25,80,,
RADHI,42,5,11,,
NCCB,11,29,72,,
CZBIL,57,49,51,,
BFC,28,42,100,,
SADBL,42,32,101,,
SADBL,41,32,50,,
SADBL,13,32,200,,
SADBL,43,32,50,,
SADBL,58,32,266,,
CCBL,20,3,500,,
NLG,40,49,17,,
ICFC,37,59,57,,
ICFC,38,59,14,,
ICFC,28,59,10,,
ICFC,43,59,19,,
NBB,38,13,10,,
SABSL,59,44,100,,
TPC,22,1,150,,
TPC,22,1,190,,
UMHL,38,58,20,,
SPDL,28,42,200,,
CZBIL,38,28,40,,
PPCL,13,33,280,,
NRIC,28,49,100,,
ALICL,46,29,10,,
GBBL,48,52,360,,
GBBL,43,52,190,,
GBBL,10,52,100,,
GBBL,19,52,60,,
MKJC,32,41,110,,
MKJC,49,41,10,,
UMHL,6,48,192,,
MHNL,14,47,50,,
HIDCL,7,25,105,,
HIDCL,46,25,40,,
HIDCL,38,25,50,,
HIDCL,57,25,10,,
HIDCL,19,25,200,,
HIDCL,38,25,50,,
HIDCL,41,25,55,,
HIDCL,22,25,10,,
HIDCL,18,25,130,,
NCCB,11,52,28,,
NCCB,42,52,10,,
NCCB,57,52,10,,
NCCB,41,52,22,,
JOSHI,1,45,65,,
JOSHI,56,45,250,,
JOSHI,38,45,60,,
JOSHI,35,45,25,,
SGI,11,45,20,,
MLBL,6,56,100,,
CFCL,10,45,70,,
CFCL,10,42,30,,
API,49,42,1483,,
API,59,42,200,,
API,42,42,20,,
API,38,42,50,,
API,13,42,34,,
API,59,42,50,,
API,6,42,100,,
API,49,42,40,,
API,41,42,500,,
API,49,42,100,,
API,59,42,50,,
API,35,42,100,,
GBIME,42,7,100,,
API,13,42,50,,
GBIME,42,54,10,,
API,21,42,223,,
PCBL,53,4,48,,
PCBL,45,4,72,,
BARUN,52,49,11,,
NRIC,16,29,50,,
NRIC,8,29,50,,
BBC,51,58,10,,
UPPER,8,20,39,,
SHINE,13,45,1410,,
SHINE,39,45,100,,
SHINE,38,45,479,,
SHINE,11,45,11,,
PICL,13,45,13,,
PICL,54,45,140,,
PICL,55,45,70,,
JFL,16,34,116,,
JFL,49,34,20,,
JFL,6,34,20,,
JFL,4,34,100,,
JFL,26,34,15,,
JFL,1,34,100,,
JFL,11,34,100,,
JFL,39,34,70,,
JFL,46,34,80,,
JFL,59,34,500,,
NBF3,22,46,100,,
JFL,57,34,20,,
JFL,26,34,100,,
JFL,22,34,100,,
JFL,8,34,100,,
JFL,46,34,500,,
JFL,25,34,30,,
JFL,39,34,29,,
SCB,58,17,100,,
SCB,57,17,25,,
SCB,45,17,60,,
SCB,57,17,10,,
CBL,13,48,29,,
ADBL,28,49,50,,
SHPC,41,28,120,,
LBL,1,54,990,,
BFC,28,53,100,,
NIFRA,16,19,30,,
NIFRA,52,19,20,,
BARUN,52,42,477,,
BARUN,43,42,23,,
PIC,39,42,21,,
PIC,5,42,10,,
PIC,43,42,60,,
NBB,38,13,10,,
NIFRA,52,21,30,,
NIFRA,5,21,20,,
NMB,48,42,100,,
NMB,6,42,100,,
PROFL,52,32,10,,
SSHL,28,56,1000,,
SSHL,25,56,200,,
SSHL,46,56,500,,
SSHL,26,56,100,,
SSHL,7,56,1000,,
SSHL,57,56,100,,
SSHL,43,56,100,,
SSHL,57,56,100,,
SSHL,51,56,60,,
SSHL,41,56,20,,
SSHL,57,56,100,,
SSHL,59,56,400,,
SSHL,57,56,200,,
GBIME,21,54,90,,
GBIME,21,42,10,,
GBIME,21,55,200,,
HDL,19,35,50,,
NIFRA,5,58,20,,
FOWAD,43,44,30,,
FOWAD,58,44,20,,
FOWAD,33,44,80,,
FOWAD,42,44,20,,
NLIC,17,17,1,,
AKPL,39,43,500,,
AKPL,20,43,278,,
AKPL,33,43,11,,
UMHL,45,48,500,,
AHPC,49,57,500,,
AKPL,33,49,89,,
AKPL,53,49,35,,
SGI,11,58,10,,
NBL,58,40,796,,
NBL,13,40,300,,
NBL,37,40,360,,
AKPL,53,48,15,,
SAHAS,7,52,10,,
PRVU,58,8,50,,
CHDC,19,26,50,,
CHDC,44,26,10,,
ADBL,42,49,40,,
JFL,39,34,71,,
JFL,49,34,300,,
JFL,6,34,100,,
JFL,21,34,100,,
JFL,20,34,80,,
JFL,34,34,100,,
JFL,35,34,50,,
JFL,11,34,40,,
JFL,17,34,159,,
JLI,57,19,10,,
UPPER,53,26,20,,
SFMF,38,41,2000,,
LBBL,25,8,71,,
LBBL,25,33,129,,
API,21,42,177,,
API,13,42,106,,
API,25,42,100,,
API,14,42,200,,
API,37,42,50,,
API,39,42,500,,
API,39,42,50,,
API,53,42,20,,
API,21,42,100,,
API,49,42,50,,
API,38,42,30,,
API,51,42,100,,
API,25,42,55,,
API,49,42,50,,
API,36,42,50,,
API,57,42,100,,
API,14,42,262,,
PLI,1,21,10,,
GBIME,49,55,30,,
KBL,10,59,150,,
SAHAS,7,1,50,,
SAHAS,25,1,30,,
SAHAS,8,1,100,,
SAHAS,35,1,50,,
SAHAS,47,1,60,,
SAHAS,47,1,125,,
SAHAS,28,1,100,,
SAHAS,20,1,50,,
SAHAS,32,1,500,,
SAHAS,58,1,10,,
SAHAS,38,1,50,,
SAHAS,45,1,100,,
SAHAS,39,1,475,,
LGIL,10,45,12,,
PCBL,45,28,200,,
JBBL,56,51,120,,
NABIL,34,42,187,,
SFCL,59,58,20,,
JLI,34,55,20,,
JLI,34,57,10,,
NCCB,41,41,63,,
MLBS,42,56,10,,
KKHC,42,58,61,,
NIFRA,5,32,50,,
BFC,28,14,13,,
API,14,54,50,,
MERO,11,6,13,,
MFIL,34,5,50,,
SHINE,38,57,21,,
SHINE,6,57,200,,
SHINE,57,57,200,,
SHINE,16,57,700,,
SHINE,45,57,100,,
SHINE,49,57,300,,
SHINE,38,57,100,,
SHINE,14,57,900,,
SHINE,32,57,980,,
BOKL,47,55,88,,
BOKL,42,55,10,,
BOKL,58,55,500,,
MLBS,45,8,10,,
RSDC,7,34,100,,
AIL,51,49,10,,
NRIC,36,49,15,,
NRIC,13,49,50,,
NRIC,19,49,50,,
NRIC,45,49,30,,
NRIC,42,49,62,,
NRIC,37,49,50,,
NRIC,45,49,300,,
NRIC,35,49,50,,
NRIC,47,49,30,,
NRIC,54,49,75,,
NRIC,26,49,50,,
NRIC,48,49,10,,
NRIC,3,49,70,,
NRIC,33,49,10,,
NRIC,4,49,50,,
NRIC,57,49,50,,
NHPC,44,45,25,,
MLBL,8,21,470,,
SKBBL,57,28,100,,
VLBS,33,34,65,,
VLBS,8,34,45,,
JFL,17,34,341,,
JFL,32,34,200,,
JFL,41,34,200,,
JFL,39,34,10,,
JFL,35,34,249,,
NRN,5,58,500,,
NRN,28,58,50,,
NRN,38,58,100,,
NRN,43,58,50,,
NRN,32,58,11,,
NRN,21,58,100,,
NRN,47,58,60,,
NRN,10,58,15,,
NIL,17,39,50,,
MLBL,45,21,530,,
UPCL,57,5,170,,
UPCL,42,5,80,,
NLIC,57,40,150,,
SLI,59,49,10,,
HIDCL,18,47,10,,
LICN,25,43,10,,
USLB,49,48,10,,
SKBBL,34,25,210,,
SKBBL,29,25,20,,
SKBBL,36,25,40,,
SKBBL,11,25,20,,
SKBBL,7,25,10,,
KBL,10,8,180,,
SIL,48,34,106,,
SIL,25,34,55,,
SIL,42,34,60,,
SIL,49,34,50,,
SPDL,58,42,50,,
SLI,39,17,10,,
NICL,32,47,16,,
NRIC,28,20,40,,
NRIC,28,34,10,,
MLBL,45,40,250,,
NBL,37,26,90,,
JOSHI,35,50,100,,
ACLBSL,56,49,10,,
AHPC,42,38,131,,
AHPC,43,38,50,,
AHPC,21,38,20,,
AHPC,35,38,100,,
AHPC,33,38,500,,
AHPC,40,38,100,,
AHPC,17,38,1000,,
AHPC,29,38,40,,
AHPC,3,38,30,,
AHPC,42,38,300,,
AHPC,17,38,20,,
AHPC,13,38,458,,
JBBL,56,55,125,,
AHPC,13,38,200,,
AHPC,48,38,3000,,
AHPC,7,38,431,,
AHPC,29,38,120,,
JBBL,56,49,110,,
AHPC,32,38,500,,
KBL,10,37,670,,
KBL,8,37,40,,
GBBL,51,57,100,,
GIC,39,17,20,,
GIC,28,17,190,,
HDHPC,6,45,500,,
RSDC,33,34,50,,
RSDC,7,34,13,,
RSDC,47,34,50,,
RSDC,39,34,10,,
RSDC,16,34,30,,
RSDC,50,34,20,,
RSDC,55,34,10,,
RSDC,57,34,10,,
RSDC,7,34,50,,
RSDC,58,34,50,,
RSDC,21,34,25,,
RSDC,39,34,10,,
STC,11,33,10,,
GBBL,28,57,500,,
SHPC,58,28,100,,
GBLBS,26,44,23,,
GBLBS,6,44,200,,
GBLBS,58,44,57,,
SIL,36,44,20,,
GBLBS,53,44,20,,
MNBBL,50,11,100,,
MNBBL,50,28,60,,
NRIC,39,34,40,,
UNHPL,35,57,50,,
UNHPL,13,57,800,,
UNHPL,34,57,300,,
UNHPL,6,57,10,,
SCB,14,42,1200,,
SCB,5,42,100,,
SCB,34,42,200,,
SCB,17,42,250,,
NUBL,13,3,100,,
SHINE,32,59,1020,,
SHINE,34,59,500,,
SHINE,35,59,100,,
SHINE,41,59,80,,
SHINE,49,59,1000,,
SHINE,44,59,150,,
SHINE,25,59,20,,
SHINE,38,59,130,,
API,14,56,738,,
API,35,56,200,,
API,45,56,179,,
API,41,56,20,,
API,45,56,200,,
API,6,56,10,,
API,14,56,10,,
API,58,56,300,,
API,1,56,20,,
API,55,56,220,,
API,41,56,100,,
API,49,56,20,,
API,45,56,43,,
API,34,56,200,,
API,47,56,30,,
API,7,56,10,,
API,16,56,100,,
API,43,56,50,,
API,22,56,300,,
API,58,56,70,,
API,36,56,50,,
API,22,56,50,,
API,17,56,100,,
API,34,56,980,,
KSBBL,41,32,50,,
SPDL,45,45,54,,
SPDL,39,45,50,,
SPDL,29,45,50,,
SPDL,58,45,60,,
SPDL,57,45,150,,
SPDL,57,45,28,,
SPDL,36,45,100,,
SPDL,48,45,200,,
SPDL,20,45,28,,
SPDL,48,45,200,,
SPDL,8,45,80,,
RLFL,38,16,50,,
RLFL,59,16,1000,,
RLFL,5,16,200,,
RLFL,44,16,75,,
RLFL,58,16,250,,
MKJC,38,39,50,,
RLFL,22,16,100,,
RLFL,34,16,30,,
MKJC,32,39,100,,
RLFL,34,16,50,,
MKJC,35,39,50,,
NMFBS,47,51,15,,
MKJC,35,42,50,,
MKJC,34,42,50,,
NABIL,42,20,25,,
SLI,59,44,10,,
GHL,8,26,50,,
LEC,28,10,10,,
AKJCL,21,17,50,,
AKJCL,4,17,21,,
AKJCL,35,17,500,,
AKJCL,49,17,27,,
AKJCL,25,17,60,,
AKJCL,51,17,100,,
AKJCL,51,17,1000,,
AKJCL,28,17,150,,
AKJCL,58,17,38,,
AKJCL,19,17,100,,
AKJCL,32,17,95,,
AKJCL,34,17,352,,
MLBL,52,59,200,,
MNBBL,26,50,100,,
LGIL,42,33,341,,
LGIL,7,33,202,,
HDHPC,49,16,10,,
SHIVM,11,52,486,,
SHIVM,47,52,50,,
SHIVM,6,52,10,,
SHIVM,36,52,50,,
SHIVM,40,52,50,,
SHIVM,19,52,200,,
SHIVM,54,52,30,,
SHIVM,34,52,10,,
SHIVM,11,52,100,,
NTC,59,42,40,,
NTC,59,28,2000,,
SHIVM,29,52,14,,
NLIC,35,40,100,,
SHPC,19,28,100,,
SLI,59,56,10,,
BFC,28,14,20,,
CBBL,32,34,500,,
PLI,1,49,10,,
PLI,1,20,10,,
ULI,36,34,10,,
RLI,48,6,10,,
SAHAS,14,57,10,,
NUBL,42,37,15,,
NUBL,42,58,15,,
NTC,59,17,167,,
NTC,48,17,100,,
NTC,59,17,450,,
NTC,53,17,163,,
NTC,44,17,120,,
NIFRA,5,17,10,,
NIFRA,7,17,30,,
NIFRA,34,17,10,,
GMFIL,57,44,10,,
MBL,43,21,10,,
ULI,36,17,10,,
ICFC,43,53,31,,
ICFC,28,53,100,,
ICFC,22,53,50,,
ICFC,50,53,500,,
ICFC,58,53,19,,
JBLB,39,56,10,,
HIDCL,7,25,200,,
CORBL,36,43,50,,
SAHAS,22,34,10,,
SAHAS,22,40,10,,
NBB,10,57,500,,
NHPC,49,57,515,,
GBBL,28,57,64,,
GBBL,28,14,36,,
PCBL,58,28,40,,
SABSL,34,42,11,,
LBBL,38,48,200,,
LEC,28,58,50,,
ULI,36,38,10,,
NLIC,38,40,105,,
NLIC,42,40,55,,
RLI,48,58,10,,
NICLBSL,6,17,10,,
MNBBL,5,20,313,,
BBC,37,58,10,,
SHEL,32,26,10,,
NRIC,53,46,50,,
JFL,35,52,251,,
JFL,39,52,10,,
JFL,36,52,89,,
SCB,17,42,805,,
SCB,57,42,100,,
SCB,41,42,23,,
SCB,46,42,200,,
SCB,11,42,100,,
SCB,34,42,200,,
SCB,22,42,50,,
SCB,3,42,100,,
SCB,6,42,50,,
SCB,34,42,100,,
SCB,34,42,100,,
SCB,19,42,20,,
SCB,45,42,120,,
SCB,16,42,1000,,
SCB,41,42,29,,
SCB,43,42,200,,
SCB,41,42,50,,
SCB,45,42,250,,
SCB,43,42,25,,
SCB,34,42,25,,
SCB,43,42,50,,
SCB,42,42,40,,
SCB,44,42,50,,
SCB,57,42,100,,
SCB,57,42,15,,
SCB,49,42,500,,
SCB,32,42,20,,
SCB,37,42,40,,
SCB,47,42,20,,
SCB,13,42,300,,
SCB,36,42,120,,
SCB,14,42,100,,
SCB,41,42,100,,
SCB,11,42,30,,
SCB,38,42,30,,
SCB,51,42,100,,
SCB,52,42,500,,
SCB,36,42,500,,
SCB,11,42,500,,
SCB,32,42,50,,
SCB,21,42,50,,
SCB,25,42,20,,
SCB,45,42,20,,
SCB,58,42,50,,
SCB,22,42,200,,
SCB,45,42,18,,
SCB,38,42,200,,
SCB,52,42,100,,
SCB,19,42,100,,
SCB,35,42,100,,
SCB,49,42,50,,
SCB,25,42,200,,
SCB,13,42,50,,
SCB,25,42,500,,
SCB,42,42,30,,
SCB,58,42,500,,
SCB,25,42,20,,
SCB,52,42,100,,
SCB,58,42,50,,
SCB,3,42,10,,
SCB,40,42,40,,
SCB,11,42,50,,
SCB,14,42,200,,
SCB,21,42,20,,
SCB,57,42,50,,
SCB,17,42,10,,
SCB,47,42,50,,
SCB,58,42,500,,
ULI,36,57,10,,
SAHAS,14,58,10,,
NMB,58,13,10,,
JBBL,25,4,70,,
JBBL,25,38,163,,
NCCB,41,4,415,,
NCCB,41,4,200,,
MKJC,34,39,190,,
SICL,7,16,10,,
NLIC,21,20,20,,
SICL,54,16,40,,
NIFRA,34,38,50,,
SCB,6,19,80,,
SCB,6,25,20,,
STC,7,38,10,,
STC,33,38,10,,
STC,7,38,10,,
STC,56,38,10,,
STC,51,38,20,,
STC,47,38,10,,
STC,41,38,10,,
STC,55,38,10,,
STC,51,38,10,,
SHINE,22,57,100,,
TPC,22,19,10,,
NRIC,53,16,50,,
NRIC,4,16,50,,
MDB,44,59,47,,
MDB,58,59,200,,
MDB,32,59,53,,
EBL,21,33,20,,
EBL,58,33,20,,
EBL,49,33,300,,
EBL,26,33,200,,
EBL,41,33,100,,
EBL,58,33,20,,
EBL,58,33,15,,
SJCL,21,37,40,,
JOSHI,32,39,100,,
PIC,43,17,20,,
PCBL,45,58,20,,
NMB,52,20,7,,
NMB,55,20,10,,
SCB,58,25,100,,
GBIME,52,55,100,,
MLBS,45,45,10,,
JBBL,56,59,234,,
JBBL,28,59,1000,,
JBBL,42,59,200,,
JBBL,11,59,10,,
JBBL,52,59,10,,
JBBL,7,59,200,,
JBBL,21,59,346,,
SAHAS,39,17,25,,
EIC,29,10,90,,
EIC,52,10,10,,
SAHAS,51,17,25,,
SAHAS,11,17,30,,
SAHAS,29,17,50,,
SAHAS,45,17,50,,
SAHAS,39,17,100,,
SAHAS,14,17,300,,
SAHAS,42,17,400,,
SAHAS,58,17,20,,
SPDL,6,42,300,,
CORBL,47,33,35,,
NABIL,34,45,313,,
NABIL,38,45,100,,
NABIL,58,45,100,,
NABIL,58,45,300,,
NABIL,58,45,147,,
NABIL,41,45,40,,
ICFC,58,57,30,,
NHPC,28,57,200,,
ICFC,45,57,50,,
NHPC,47,57,170,,
ICFC,58,57,11,,
NHPC,57,57,15,,
SABSL,44,44,100,,
RBCLPO,59,6,22,,
GLH,17,38,10,,
NUBL,52,37,70,,
NUBL,52,14,30,,
NIFRA,49,47,30,,
SKBBL,47,28,20,,
AIL,16,41,10,,
SFCL,59,48,218,,
SFCL,59,48,100,,
SFCL,42,48,59,,
SFCL,47,48,123,,
SCB,34,25,880,,
MLBL,38,3,500,,
MLBL,4,3,500,,
MLBL,4,3,500,,
MLBL,25,3,100,,
MLBL,36,3,100,,
MLBL,34,3,10,,
MLBL,35,3,250,,
MLBL,42,3,500,,
MLBL,46,3,2000,,
MLBL,50,3,20,,
MLBL,25,3,100,,
MLBL,38,3,500,,
MLBL,29,3,800,,
MLBL,51,3,500,,
MLBL,14,3,50,,
MLBL,34,3,100,,
MLBL,43,3,100,,
MLBL,20,3,200,,
PCBL,45,40,100,,
NICLBSL,59,34,30,,
GBLBS,3,17,10,,
RHPL,45,50,200,,
RHPL,38,50,100,,
RHPL,13,50,200,,
RHPL,36,50,20,,
RHPL,41,50,50,,
RHPL,39,50,500,,
RHPL,34,50,100,,
RHPL,45,50,480,,
RHPL,34,50,1760,,
RHPL,45,50,120,,
RHPL,6,50,80,,
CCBL,32,28,500,,
SABSL,44,44,200,,
NHPC,57,41,100,,
NHPC,57,35,10,,
NHPC,57,33,75,,
UMHL,58,44,500,,
RADHI,46,49,50,,
RADHI,38,49,200,,
SAHAS,28,56,10,,
SAHAS,28,58,10,,
SAHAS,28,59,10,,
SAHAS,28,56,10,,
SAHAS,28,35,10,,
SAHAS,28,45,10,,
SAHAS,28,49,10,,
SAHAS,28,13,10,,
SAHAS,28,39,10,,
SAHAS,28,54,10,,
MKJC,34,42,40,,
MKJC,22,42,60,,
MNBBL,26,42,73,,
MNBBL,55,42,26,,
LBBL,57,5,30,,
HIDCL,45,10,28,,
API,34,42,1020,,
API,14,42,200,,
API,41,42,500,,
API,21,42,100,,
API,59,42,40,,
API,29,42,17,,
API,37,42,200,,
API,44,42,100,,
API,13,42,200,,
API,21,42,103,,
API,58,42,500,,
API,46,42,200,,
API,45,42,500,,
API,45,42,500,,
API,14,42,200,,
API,45,42,20,,
API,41,42,50,,
API,14,42,20,,
API,45,42,100,,
API,38,42,25,,
API,6,42,100,,
API,38,42,50,,
API,52,42,20,,
API,45,42,20,,
API,52,42,100,,
API,38,42,500,,
API,14,42,100,,
API,38,42,20,,
API,19,42,20,,
NIFRA,34,58,100,,
GBBL,43,44,10,,
GBBL,59,44,300,,
GBBL,26,44,80,,
GBBL,41,44,110,,
JSLBB,41,1,10,,
NTC,7,57,200,,
JLI,57,34,10,,
NCCB,49,4,10,,
NBB,10,40,583,,
SABSL,44,44,200,,
ACLBSL,6,17,10,,
AHPC,29,38,380,,
AHPC,49,38,300,,
AHPC,43,38,50,,
AHPC,44,38,100,,
AHPC,57,38,100,,
AHPC,48,38,20,,
AHPC,52,38,50,,
CIT,57,52,30,,
MEGA,42,42,30,,
MEGA,42,54,10,,
GILB,47,57,10,,
GBBL,41,59,15,,
SHPC,40,28,100,,
NABIL,41,6,40,,
NCCB,1,4,10,,
NICA,13,43,249,,
NMB,58,13,100,,
ULI,36,51,130,,
API,19,50,50,,
NMFBS,47,29,50,,
NMFBS,38,29,10,,
PCBL,45,25,30,,
NIL,45,34,200,,
NIL,32,34,258,,
NTC,44,54,20,,
ULI,36,4,10,,
BPCL,48,17,50,,
BARUN,54,34,40,,
NICLBSL,59,28,445,,
NICLBSL,41,28,50,,
MMF1,33,58,100,,
MMF1,33,46,100,,
NTC,45,57,50,,
AKJCL,58,50,10,,
NIFRA,34,20,100,,
CIT,58,6,41,,
CIT,58,54,59,,
UPPER,8,58,10,,
CIT,58,35,10,,
SLI,34,5,10,,
SLI,59,38,10,,
SICL,54,5,50,,
CCBL,32,42,3800,,
CCBL,26,42,500,,
CCBL,44,42,500,,
CCBL,3,42,500,,
CCBL,17,42,700,,
SHEL,21,33,70,,
SHEL,55,33,70,,
JBBL,58,38,187,,
JBBL,58,34,63,,
SIFC,41,38,10,,
SIFC,38,38,100,,
SIFC,1,38,100,,
SIFC,38,38,100,,
SIFC,34,38,40,,
SIFC,28,38,100,,
SIFC,48,38,100,,
SIFC,57,38,300,,
SIFC,21,38,100,,
SIFC,38,38,50,,
CHL,56,51,50,,
HIDCL,41,8,45,,
NUBL,42,16,50,,
NUBL,57,16,10,,
API,19,54,28,,
NUBL,45,16,10,,
API,19,43,352,,
NUBL,41,16,50,,
API,19,56,50,,
NUBL,55,16,35,,
NUBL,19,16,100,,
NUBL,43,16,200,,
NUBL,35,16,20,,
NUBL,45,16,20,,
BOKL,51,39,100,,
NUBL,41,14,20,,
SBL,4,14,30,,
TPC,22,53,10,,
NMFBS,14,33,100,,
NMFBS,21,33,30,,
ULI,36,38,10,,
SAHAS,47,38,10,,
KBL,14,52,340,,
NLG,36,44,96,,
UPPER,8,39,150,,
SHPC,6,28,45,,
SBL,26,54,32,,
NIFRA,34,45,60,,
SBL,49,54,70,,
JBLB,17,35,50,,
JBLB,55,35,50,,
JBLB,57,35,25,,
NRN,42,16,30,,
SAHAS,47,35,10,,
FOWAD,33,49,20,,
NICA,26,43,500,,
NICA,38,43,50,,
NICA,58,43,80,,
NICA,49,43,20,,
NICA,19,43,20,,
NICA,42,43,100,,
NICA,45,43,50,,
NICA,28,43,100,,
NICA,4,43,100,,
NICA,28,43,231,,
SFCL,42,42,20,,
MLBS,44,58,10,,
NIFRA,34,8,200,,
GBIME,34,55,100,,
NICLBSL,59,20,10,,
GBIME,45,52,19,,
RHPL,58,50,210,,
NIFRA,34,38,60,,
MLBL,48,3,2793,,
MLBL,55,3,100,,
MLBL,19,3,100,,
MLBL,7,3,300,,
MLBL,57,3,50,,
MLBL,39,3,100,,
MLBL,57,3,50,,
MLBL,45,3,50,,
MLBL,19,3,125,,
MLBL,19,3,125,,
MLBL,37,3,25,,
MLBL,45,3,950,,
MLBL,47,3,100,,
MLBL,56,3,50,,
MLBL,38,3,500,,
MLBL,28,3,1000,,
MLBL,58,3,100,,
MLBL,59,3,300,,
MLBL,34,3,50,,
MLBL,52,3,10,,
MLBL,1,3,200,,
MLBL,36,3,1000,,
MLBL,4,3,200,,
MLBL,39,3,200,,
MLBL,51,3,500,,
MLBL,57,3,50,,
MLBL,47,3,1000,,
MLBL,37,3,50,,
MLBL,36,3,50,,
MLBL,37,3,50,,
MLBL,18,3,100,,
MLBL,38,3,100,,
MLBL,45,3,100,,
MLBL,35,3,1000,,
MLBL,52,3,1000,,
MLBL,35,3,102,,
MLBL,57,3,60,,
MLBL,18,3,50,,
MLBL,25,3,500,,
MLBL,54,3,500,,
MLBL,59,3,300,,
MLBL,13,3,1000,,
MLBL,57,3,1000,,
MLBL,33,3,175,,
MLBL,50,3,500,,
MLBL,57,3,3000,,
MLBL,48,3,335,,
SIFC,38,21,50,,
SIFC,38,21,100,,
JBBL,33,34,50,,
PLI,1,58,10,,
STC,56,25,10,,
STC,34,25,10,,
SCB,58,19,20,,
CCBL,57,42,916,,
CCBL,1,42,10,,
RLFL,44,19,12,,
EBL,45,28,100,,
MLBSL,22,38,10,,
RADHI,21,22,10,,
NRIC,57,50,20,,
NRIC,7,50,100,,
NRIC,3,50,10,,
NRIC,50,50,200,,
NRIC,32,50,100,,
NRIC,20,50,300,,
NRIC,57,50,74,,
HIDCL,26,25,30,,
PRVU,51,6,50,,
MLBL,48,3,165,,
MLBL,48,3,100,,
MLBL,42,3,200,,
MLBL,52,3,2500,,
MLBL,45,3,1000,,
MLBL,22,3,100,,
MLBL,46,3,100,,
MLBL,35,3,20,,
MLBL,14,3,200,,
MLBL,52,3,100,,
MLBL,1,3,200,,
MLBL,18,3,100,,
MLBL,36,3,50,,
MLBL,34,3,100,,
MLBL,33,3,50,,
MLBL,19,3,100,,
MLBL,57,3,100,,
MLBL,59,3,500,,
MLBL,59,3,500,,
MLBL,58,3,1000,,
MLBL,49,3,20,,
MLBL,52,3,500,,
MLBL,44,3,500,,
MLBL,14,3,100,,
MLBL,45,3,10000,,
MLBL,46,3,500,,
MLBL,38,3,100,,
MLBL,53,3,200,,
MLBL,33,3,1000,,
MLBL,59,3,500,,
MLBL,14,3,50,,
MLBL,38,3,500,,
MLBL,46,3,200,,
MLBL,43,3,200,,
MLBL,58,3,10,,
MLBL,57,3,100,,
MLBL,20,3,300,,
MLBL,34,3,40,,
MLBL,14,3,100,,
MLBL,13,3,50,,
MLBL,1,3,10,,
MLBL,45,3,100,,
MLBL,52,3,500,,
MLBL,43,3,50,,
MLBL,41,3,20,,
MLBL,39,3,500,,
MLBL,50,3,3000,,
MLBL,41,3,50,,
MLBL,57,3,20,,
MLBL,39,3,100,,
MLBL,3,3,50,,
MLBL,37,3,500,,
MLBL,22,3,50,,
MLBL,10,3,100,,
MLBL,36,3,50,,
MLBL,41,3,1500,,
MLBL,38,3,100,,
MLBL,46,3,200,,
MLBL,21,3,10,,
MLBL,35,3,200,,
MLBL,42,3,200,,
MLBL,14,3,50,,
MLBL,20,3,365,,
MLBL,48,3,20,,
MLBL,39,3,100,,
NTC,44,48,10,,
NTC,58,48,40,,
NICLBSL,59,39,10,,
CORBL,36,38,153,,
CORBL,36,38,102,,
NHPC,34,33,175,,
NHPC,34,21,10,,
NHPC,34,34,215,,
IGI,50,16,10,,
NABIL,58,10,153,,
NABIL,21,10,50,,
NABIL,58,10,100,,
NABIL,29,10,200,,
HIDCL,58,25,40,,
ULI,36,44,10,,
MKJC,22,35,10,,
AHPC,47,34,600,,
JBLB,57,38,10,,
SLI,28,5,50,,
SLI,11,5,20,,
SLI,6,5,100,,
JBBL,43,34,200,,
MLBS,42,42,10,,
UPCL,42,54,50,,
NEF,37,45,100,,
UMHL,58,5,214,,
UMHL,49,5,36,,
PSF,47,57,100,,
MLBS,42,49,10,,
SHINE,38,51,70,,
SHINE,43,51,50,,
DDBL,32,49,48,,
NRIC,35,6,6,,
NRIC,28,6,70,,
NRIC,28,38,30,,
ULI,36,41,10,,
SAPDBL,32,58,474,,
SAPDBL,41,58,30,,
UPPER,8,58,423,,
SAPDBL,48,58,200,,
AHPC,47,49,400,,
AHPC,32,49,100,,
SPDL,8,41,20,,
UMHL,22,48,16,,
BOKL,49,57,25,,
BOKL,57,57,20,,
UPPER,8,49,50,,
CBL,D01,42,4952,,
CBL,41,42,10,,
CBL,4,42,5000,,
CBL,57,42,95,,
CBL,45,42,192,,
CBL,42,42,200,,
CBL,49,42,200,,
CBL,6,42,200,,
CBL,42,42,100,,
CBL,25,42,50,,
CBL,3,42,50,,
CBL,21,42,200,,
CBL,45,42,100,,
CBL,21,42,500,,
CBL,57,42,1000,,
CBL,48,42,2000,,
CBL,38,42,2000,,
CBL,4,42,100,,
CBL,17,42,100,,
CBL,38,42,500,,
CBL,45,42,25,,
CBL,43,42,250,,
CBL,51,42,100,,
CBL,49,42,100,,
CBL,8,42,20,,
CBL,14,42,100,,
CBL,59,42,856,,
NLIC,38,59,10,,
JBLB,57,49,10,,
ILBS,58,58,12,,
SLI,59,45,10,,
MEGA,28,52,50,,
MEGA,57,52,100,,
HDHPC,49,21,100,,
SCB,34,1,109,,
BOKL,57,53,545,,
BOKL,48,53,20,,
SAHAS,47,48,10,,
SHL,1,22,679,,
NMB,41,13,20,,
NMB,14,13,50,,
NMB,26,13,100,,
NMB,22,13,10,,
NMB,11,13,100,,
NMB,51,13,50,,
NMB,11,13,100,,
NMB,14,13,200,,
NMB,58,13,100,,
NMB,45,13,500,,
NMB,51,13,100,,
NMB,53,13,50,,
NMB,29,13,47,,
NMB,39,13,100,,
NMB,55,13,126,,
MNBBL,55,45,74,,
MNBBL,28,45,50,,
MNBBL,53,45,50,,
MNBBL,45,45,100,,
MNBBL,16,45,30,,
MNBBL,34,45,26,,
SHPC,45,28,200,,
SHPC,34,28,100,,
SLI,59,41,10,,
NRIC,57,36,40,,
CCBL,57,42,250,,
AKJCL,34,36,648,,
RMF1,45,57,100,,
SAHAS,47,21,10,,
JBBL,21,34,20,,
NTC,58,7,10,,
NTC,58,49,150,,
LBBL,38,16,90,,
NRIC,57,16,86,,
NRIC,57,16,185,,
NRIC,45,16,35,,
JBLB,57,34,10,,
NLICL,36,8,55,,
ULI,36,34,10,,
GFCL,35,58,40,,
GFCL,56,58,100,,
NABIL,58,11,200,,
UNHPL,6,58,10,,
UNHPL,25,58,10,,
SRBL,16,49,23,,
SRBL,49,49,15,,
NICLBSL,59,36,470,,
NICLBSL,32,36,30,,
TRH,3,58,50,,
TRH,3,7,10,,
TRH,3,49,15,,
TRH,3,43,25,,
KKHC,56,36,60,,
CBL,59,42,3144,,
CBL,10,42,1700,,
CBL,49,42,200,,
CBL,42,42,200,,
CBL,40,42,800,,
CBL,14,42,100,,
CBL,39,42,1000,,
CBL,32,42,200,,
CBL,11,42,100,,
CBL,6,42,1000,,
CBL,6,42,1000,,
CBL,38,42,500,,
CBL,4,42,5000,,
CBL,21,42,56,,
HGI,34,14,285,,
SHIVM,29,41,36,,
SHIVM,58,41,10,,
SHIVM,11,41,24,,
HDL,49,41,25,,
GBIME,49,57,20,,
GBIME,22,57,150,,
GBIME,1,57,129,,
GBIME,51,57,100,,
NUBL,45,8,80,,
NUBL,49,8,200,,
NUBL,34,8,50,,
NUBL,53,8,50,,
NUBL,57,8,100,,
NUBL,45,8,20,,
SCB,34,7,10,,
MEGA,57,20,50,,
BOKL,29,45,20,,
CHL,58,51,50,,
TPC,22,57,10,,
NIFRA,34,45,50,,
KSBBL,41,45,100,,
KSBBL,52,45,50,,
KSBBL,14,45,50,,
NUBL,45,21,20,,
NUBL,45,49,10,,
MBL,38,17,10,,
GBBL,26,21,20,,
JBBL,21,59,654,,
JBBL,11,59,20,,
JBBL,38,59,60,,
JBBL,19,59,20,,
JBBL,42,59,50,,
JBBL,37,59,50,,
JBBL,38,59,100,,
JBBL,13,59,300,,
JBBL,4,59,71,,
JBBL,21,59,100,,
JBBL,37,59,125,,
JBBL,19,59,200,,
JBBL,33,59,100,,
JBBL,59,59,100,,
JBBL,54,59,50,,
NLIC,28,50,60,,
NABIL,34,8,75,,
JLI,57,5,30,,
JLI,33,5,80,,
JLI,25,5,30,,
JLI,53,5,30,,
GBBL,25,14,50,,
MBL,38,49,200,,
SJCL,21,49,20,,
MNBBL,34,45,74,,
SFCL,47,29,27,,
SFCL,38,29,70,,
SFCL,22,29,50,,
SFCL,4,29,100,,
UNHPL,25,32,50,,
MLBL,20,20,635,,
MLBL,52,20,90,,
MLBL,57,20,500,,
MLBL,49,20,20,,
MLBL,39,20,500,,
MLBL,58,20,200,,
MLBL,19,20,10,,
MLBL,22,20,50,,
MLBL,1,20,500,,
MLBL,48,20,100,,
MLBL,25,20,50,,
MLBL,1,20,170,,
MLBL,52,20,500,,
MLBL,45,20,100,,
MLBL,45,20,200,,
MLBL,36,20,100,,
MLBL,20,20,200,,
MLBL,58,20,75,,
NABBC,32,6,15,,
PIC,43,41,20,,
JLI,53,20,10,,
NRIC,45,50,75,,
NRIC,33,50,45,,
NRIC,49,50,70,,
NRIC,17,50,10,,
NMB,55,8,50,,
DHPL,58,57,224,,
DHPL,58,38,76,,
DHPL,58,48,200,,
SAHAS,47,21,10,,
GBIME,22,8,306,,
NABIL,44,58,50,,
SGI,11,49,10,,
MLBL,58,21,25,,
MEGA,14,14,100,,
MEGA,14,37,100,,
MEGA,14,41,160,,
AKPL,54,28,20,,
AKPL,54,34,30,,
NLIC,21,50,10,,
KKHC,58,50,50,,
GBIME,6,55,50,,
NTC,26,49,250,,
NTC,33,49,1000,,
NTC,13,49,100,,
HDL,49,54,30,,
MLBS,45,19,10,,
GBIME,1,58,45,,
MEGA,28,49,140,,
NIFRA,34,41,50,,
SJCL,57,22,40,,
SJCL,57,57,40,,
SJCL,57,43,20,,
SJCL,57,34,30,,
SJCL,57,50,361,,
ILBS,58,20,12,,
MNBBL,44,28,40,,
MLBS,45,21,10,,
MNBBL,16,28,50,,
NLIC,21,38,60,,
AKPL,20,8,22,,
AKPL,53,8,10,,
AKPL,14,8,30,,
AKPL,7,8,10,,
AKPL,34,8,28,,
HGI,34,5,72,,
HGI,5,5,51,,
JBLB,57,21,10,,
SJCL,32,50,50,,
NIFRA,34,58,50,,
JLI,53,42,10,,
SBI,4,49,25,,
UPPER,8,51,50,,
NHPC,47,20,30,,
SHIVM,41,48,80,,
NRIC,28,6,61,,
NRIC,28,26,39,,
KBL,14,17,160,,
SCB,21,17,100,,
SCB,1,17,100,,
SCB,6,17,100,,
SCB,19,17,25,,
SCB,42,17,10,,
SCB,1,17,158,,
ULI,36,45,10,,
SLI,59,35,10,,
NBL,35,34,90,,
HPPL,5,49,20,,
MMF1,33,45,300,,
MLBL,48,20,5170,,
MLBL,52,20,500,,
MLBL,59,20,170,,
MLBL,13,20,100,,
MLBL,28,20,1000,,
MLBL,47,20,1000,,
MLBL,59,20,50,,
MLBL,57,20,300,,
MLBL,38,20,500,,
MLBL,25,20,500,,
MLBL,35,20,10,,
MLBL,57,20,500,,
MLBL,35,20,200,,
BFC,28,14,50,,
GFCL,38,34,70,,
RHPL,58,11,50,,
MLBL,48,44,500,,
GBBL,26,48,200,,
NTC,29,49,10,,
LEC,28,7,60,,
LEC,1,7,100,,
MFIL,34,42,99,,
UPPER,34,26,50,,
NMB,55,4,24,,
NICA,28,49,200,,
MLBS,45,59,10,,
NABIL,34,42,195,,
NABIL,42,42,100,,
NABIL,13,42,10,,
NABIL,11,42,30,,
NABIL,41,42,15,,
NABIL,19,42,50,,
MKJC,22,34,10,,
GLBSL,47,20,10,,
NUBL,7,55,105,,
SLI,59,1,10,,
ULI,36,35,10,,
MLBS,34,38,10,,
JBBL,37,45,75,,
UNHPL,25,45,40,,
JBBL,59,45,25,,
CBL,21,28,244,,
CBL,57,28,500,,
CBL,4,28,50,,
CBL,42,28,30,,
CBL,58,28,156,,
CBL,58,28,20,,
JLI,53,45,10,,
NTC,58,49,10,,
NTC,52,49,20,,
NTC,42,49,1125,,
NTC,19,49,50,,
NTC,49,49,990,,
NTC,13,49,255,,
GBBL,51,14,100,,
ULI,36,52,10,,
AKJCL,52,36,10,,
AKJCL,52,8,10,,
GIC,40,42,40,,
IGI,41,16,10,,
KSBBL,16,33,50,,
HIDCL,7,42,370,,
HIDCL,7,41,30,,
MLBL,38,54,500,,
MLBL,44,54,80,,
LBBL,51,51,50,,
AKPL,59,28,100,,
SAHAS,47,19,10,,
MBL,38,52,1930,,
MBL,1,52,70,,
JBLB,57,58,60,,
JBLB,33,58,390,,
JBLB,56,58,10,,
JBLB,17,58,40,,
JLI,53,17,10,,
LBBL,22,33,100,,
NCCB,29,4,1000,,
NCCB,32,4,500,,
NCCB,56,4,10,,
NCCB,57,4,60,,
SAHAS,47,21,10,,
NLIC,38,40,100,,
NLIC,21,40,100,,
JFL,36,10,811,,
JFL,28,10,189,,
NICA,28,14,69,,
NICA,22,14,81,,
NICA,43,14,50,,
GLH,49,45,10,,
MKJC,22,32,10,,
MLBSL,16,38,12,,
UPPER,42,26,500,,
UPPER,49,26,50,,
UPPER,58,26,150,,
RLI,43,49,10,,
NRIC,17,46,40,,
SJCL,57,50,100,,
NLIC,40,59,510,,
NLIC,40,45,95,,
KEF,48,45,100,,
NLIC,49,45,35,,
UPPER,58,34,50,,
SBL,32,14,200,,
PLI,1,11,10,,
GIC,40,58,10,,
NGPL,48,42,96,,
NGPL,46,42,50,,
NGPL,35,42,10,,
NGPL,58,42,10,,
NGPL,14,42,400,,
NGPL,48,42,100,,
NGPL,48,42,100,,
NGPL,58,42,10,,
NGPL,41,42,50,,
NGPL,53,42,204,,
NGPL,13,42,10,,
NGPL,45,42,100,,
NGPL,10,42,500,,
NGPL,28,42,100,,
NGPL,36,42,15,,
NGPL,26,42,15,,
NGPL,35,42,30,,
NGPL,59,42,100,,
NGPL,21,42,50,,
NGPL,4,42,50,,
UNHPL,48,45,120,,
UNHPL,22,45,100,,
CGH,41,57,25,,
CGH,41,51,10,,
CGH,41,52,10,,
AKJCL,32,51,205,,
AKJCL,41,51,367,,
JLI,17,34,10,,
NLIC,13,40,1226,,
MLBS,45,45,10,,
NMFBS,14,33,200,,
NMFBS,13,33,10,,
BPCL,48,58,10,,
NIFRA,34,49,70,,
NIFRA,7,13,11,,
BOKL,33,26,99,,
SABSL,19,33,30,,
NMFBS,35,51,19,,
NMFBS,35,48,15,,
GLBSL,32,42,10,,
SHPC,38,33,55,,
RHPL,58,49,40,,
SAHAS,51,21,10,,
NLICL,52,8,20,,
LEC,34,7,40,,
SHPC,58,33,10,,
HDL,52,41,100,,
HDL,58,41,30,,
HDL,55,41,40,,
HDL,25,41,85,,
KBL,20,40,143,,
KBL,16,40,500,,
KBL,58,40,1357,,
NIFRA,59,49,30,,
NIFRA,59,34,20,,
SBL,49,33,130,,
SBL,49,33,200,,
NLIC,42,45,20,,
NIFRA,19,34,10,,
TPC,22,29,10,,
MEGA,28,49,150,,
MEGA,57,49,50,,
GBIME,1,19,20,,
MLBS,45,51,10,,
HIDCL,58,42,15,,
RLFL,44,16,280,,
GBIME,1,55,345,,
GBIME,38,55,10,,
NHPC,34,20,270,,
AKJCL,41,58,80,,
TRH,43,42,500,,
JLI,17,16,30,,
AKJCL,41,34,16,,
JLI,17,45,10,,
SAHAS,47,58,305,,
SAHAS,53,58,20,,
SAHAS,29,58,50,,
SAHAS,51,58,10,,
SAHAS,47,58,10,,
SAHAS,22,58,420,,
MNBBL,16,41,50,,
KBL,58,50,143,,
KBL,11,50,100,,
KBL,57,50,15,,
KBL,58,50,265,,
KBL,37,50,50,,
KBL,6,50,400,,
KBL,58,50,1177,,
NICLBSL,32,45,10,,
HPPL,44,58,50,,
API,48,43,48,,
NIFRA,22,34,30,,
NABIL,49,50,50,,
NBL,58,34,10,,
NIL,32,48,25,,
API,48,39,150,,
API,48,28,302,,
JFL,28,42,729,,
JFL,4,42,100,,
JFL,57,42,383,,
JFL,3,42,250,,
JFL,43,42,500,,
JFL,44,42,100,,
JFL,28,42,70,,
JFL,45,42,100,,
JFL,44,42,68,,
NFS,28,52,78,,
NFS,38,52,11,,
NFS,29,52,11,,
HDHPC,52,51,100,,
NBB,19,45,100,,
CBL,1,45,10,,
PRVU,14,6,160,,
CBBL,45,34,100,,
GBIME,4,55,300,,
RLI,43,16,10,,
NIFRA,22,28,10,,
SAHAS,22,42,10,,
NLIC,13,40,274,,
NLIC,52,40,20,,
ICFC,28,56,20,,
CCBL,7,21,30,,
KBL,49,49,21,,
JBLB,6,59,22,,
ADBL,52,41,426,,
ADBL,8,41,50,,
ADBL,41,41,20,,
ADBL,48,41,35,,
ADBL,45,41,200,,
ADBL,58,41,40,,
ADBL,4,41,55,,
ADBL,36,41,124,,
ADBL,54,41,50,,
ULI,25,55,10,,
ULI,25,44,10,,
ULI,25,52,10,,
JLI,38,50,10,,
SAHAS,22,58,10,,
SAHAS,22,21,10,,
NICLBSL,32,45,10,,
SAHAS,22,58,10,,
MEN,32,18,10,,
CHDC,53,52,10,,
NIFRA,22,25,10,,
NICL,32,14,224,,
PCBL,45,49,767,,
PCBL,35,49,50,,
PCBL,43,49,100,,
PCBL,16,49,50,,
PCBL,6,49,630,,
NTC,44,59,50,,
HIDCL,45,45,22,,
NUBL,55,55,16,,
RSDC,57,43,112,,
ILBS,34,44,10,,
ILBS,34,20,12,,
CGH,21,34,10,,
UMHL,49,34,14,,
NMB,48,25,15,,
NRIC,49,52,30,,
GIC,40,41,30,,
NLICL,43,8,50,,
NLICL,21,8,26,,
NLICL,21,8,50,,
NLICL,1,8,160,,
NLICL,34,8,639,,
UNHPL,10,45,200,,
IGI,45,17,10,,
NTC,13,1,100,,
MLBS,32,38,10,,
AHPC,52,41,100,,
BFC,28,48,20,,
UPPER,49,36,50,,
CZBIL,26,58,13,,
NHPC,34,34,230,,
NHPC,45,34,220,,
NHPC,44,34,1000,,
NHPC,28,34,200,,
NHPC,38,34,100,,
KPCL,32,5,150,,
NMFBS,36,48,15,,
NIFRA,22,28,10,,
CCBL,57,55,334,,
CCBL,7,55,10,,
CCBL,14,55,86,,
NICA,42,42,35,,
NLIC,52,34,20,,
PCBL,6,58,166,,
NRIC,57,25,50,,
UPPER,37,42,42,,
UPPER,13,42,50,,
UPPER,10,42,108,,
MLBL,45,44,100,,
NLIC,45,59,10,,
SANIMA,49,49,55,,
AIL,57,45,10,,
NRN,55,16,140,,
NRN,55,50,10,,
SJCL,57,36,20,,
SHEL,55,50,10,,
NUBL,49,49,15,,
SFCL,38,58,10,,
GBIME,8,55,190,,
MLBL,21,44,85,,
HIDCL,45,45,50,,
GLH,29,56,100,,
LBBL,19,33,100,,
LBBL,32,33,500,,
LBBL,46,33,500,,
LBBL,28,33,270,,
LBBL,32,33,401,,
OHL,17,55,50,,
UPCL,42,42,120,,
UPCL,50,42,20,,
UPCL,7,42,100,,
UPCL,56,42,500,,
UPCL,14,42,200,,
UPCL,7,42,100,,
UPCL,35,42,250,,
UPCL,58,42,200,,
UPCL,19,42,50,,
LBBL,32,42,99,,
UPCL,21,42,460,,
PLI,50,52,10,,
MLBS,32,49,10,,
BOKL,33,57,150,,
ALBSL,10,45,50,,
ALBSL,22,45,50,,
ALBSL,41,45,50,,
ALBSL,34,45,120,,
ALBSL,44,45,200,,
ALBSL,8,45,35,,
ALBSL,38,45,100,,
NLIC,10,59,120,,
NLIC,52,56,44,,
CBBL,1,36,10,,
AKJCL,41,45,200,,
HIDCL,45,42,100,,
SMATA,17,7,68,,
BOKL,33,42,81,,
SHIVM,11,36,26,,
SHIVM,17,36,14,,
SLICL,4,4,3000,,
SLICL,4,56,50,,
GBIME,19,55,182,,
GBIME,19,47,78,,
API,48,28,100,,
API,14,28,100,,
GBIME,34,47,300,,
MLBL,22,44,20,,
NIFRA,22,45,40,,
GLH,29,49,100,,
GLH,52,49,200,,
GBIME,49,47,13,,
NBL,49,26,300,,
GLH,21,56,50,,
NICSF,11,58,100,,
LBBL,14,16,10,,
JBBL,4,42,79,,
JBBL,53,42,100,,
JBBL,45,42,100,,
JBBL,35,42,30,,
JBBL,57,42,50,,
JBBL,45,42,10,,
JBBL,52,42,10,,
JBBL,58,42,21,,
SPDL,49,34,10,,
PLI,50,21,10,,
PLI,39,21,50,,
PLI,54,21,20,,
NLICL,34,6,361,,
NLICL,57,6,409,,
NLICL,16,6,200,,
NLICL,48,6,30,,
MNBBL,51,48,60,,
TPC,22,10,10,,
RHPL,26,57,70,,
RHPL,26,41,15,,
JBLB,35,44,10,,
NICL,32,1,200,,
NIFRA,6,45,10,,
SKBBL,17,17,2,,
KPCL,53,33,80,,
KPCL,36,33,50,,
CZBIL,14,58,45,,
CZBIL,47,58,62,,
CCBL,57,21,20,,
SJCL,57,36,10,,
SJCL,7,36,20,,
GHL,8,59,125,,
GHL,58,59,100,,
GHL,3,59,275,,
MMFDB,43,58,10,,
PPCL,13,58,20,,
GFCL,56,58,100,,
SHEL,55,47,10,,
GBBL,34,14,100,,
GBBL,33,14,14,,
KEF,48,50,300,,
NIFRA,58,47,20,,
SCB,48,36,15,,
API,55,28,63,,
BOKL,33,28,20,,
OHL,17,5,123,,
OHL,29,5,28,,
SANIMA,26,49,90,,
SANIMA,57,49,10,,
SANIMA,34,49,151,,
AKPL,59,32,100,,
AKPL,34,32,20,,
HGI,5,20,139,,
GBIME,32,47,30,,
PRIN,13,7,200,,
RSDC,57,43,307,,
SABSL,19,50,20,,
NRIC,33,16,55,,
NRIC,19,16,45,,
NICL,32,51,30,,
NIFRA,6,49,30,,
SAHAS,22,56,10,,
CBL,34,17,100,,
LBBL,28,58,329,,
LBBL,7,58,500,,
LBBL,29,58,400,,
LBBL,32,58,763,,
TPC,22,34,10,,
DHPL,45,54,10,,
SAHAS,22,21,10,,
MLBS,32,58,10,,
AHPC,52,42,500,,
NCCB,57,34,240,,
NCCB,58,34,350,,
NCCB,38,34,70,,
NCCB,28,34,160,,
RLI,4,36,10,,
CZBIL,47,40,138,,
CZBIL,35,40,100,,
CZBIL,57,40,250,,
CZBIL,37,40,100,,
CZBIL,22,40,10,,
CZBIL,11,40,50,,
CZBIL,19,40,40,,
CZBIL,22,40,200,,
CZBIL,58,40,199,,
CHCL,17,1,17,,
JBLB,45,59,10,,
NICL,17,37,150,,
SHEL,55,50,10,,
PLI,32,45,30,,
AKJCL,52,8,20,,
BOKL,59,28,60,,
NLIC,52,20,16,,
NLIC,13,20,25,,
NLIC,49,20,50,,
NLIC,51,20,51,,
NLIC,11,20,16,,
HIDCL,34,57,5,,
HIDCL,34,39,54,,
HIDCL,34,42,71,,
HIDCL,34,14,870,,
JBLB,45,49,10,,
GLH,21,56,10,,
MLBS,32,38,10,,
UNHPL,49,42,16,,
NBF3,22,35,100,,
NIFRA,45,49,20,,
NIFRA,45,36,50,,
NIFRA,45,42,30,,
MKJC,22,7,10,,
NABIL,21,48,100,,
ULI,36,34,10,,
BOKL,4,28,300,,
RHPL,26,36,40,,
NTC,7,4,100,,
RSDC,57,43,230,,
ULI,25,59,10,,
KBL,49,4,16,,
NABIL,58,19,49,,
UPPER,45,41,145,,
ULI,36,58,10,,
FMDBL,59,42,33,,
FMDBL,59,35,47,,
CHL,58,28,50,,
AKJCL,54,8,10,,
MLBS,32,57,10,,
SHINE,20,58,400,,
API,19,28,35,,
API,19,55,15,,
SCB,1,25,52,,
SCB,1,8,188,,
SCB,1,49,60,,
CFCL,28,45,60,,
SFCL,38,51,50,,
NBL,32,1,100,,
EICPO,34,40,282,,
MKLB,8,58,55,,
NBB,1,38,100,,
SLI,59,49,10,,
SLI,59,58,10,,
SLI,59,47,10,,
GFCL,38,59,50,,
SLI,59,53,10,,
GFCL,5,59,50,,
GFCL,45,59,100,,
MLBL,48,44,1229,,
MLBL,48,25,271,,
KSBBL,42,57,50,,
KSBBL,42,32,10,,
NGPL,20,19,15,,
NGPL,49,19,10,,
HDL,25,55,15,,
HDL,40,55,50,,
HDL,37,55,15,,
HDL,10,55,20,,
HDL,39,55,10,,
HDL,34,55,50,,
HDL,28,55,10,,
HDL,38,55,11,,
HDL,58,55,20,,
HDL,43,55,20,,
HDL,14,55,20,,
HDL,28,55,20,,
HDL,35,55,10,,
NLIC,17,17,1,,
JLI,49,33,10,,
NUBL,55,56,18,,
NUBL,56,56,11,,
NUBL,57,56,10,,
NUBL,57,56,261,,
SJCL,7,20,20,,
MDB,32,21,47,,
MDB,38,21,50,,
MLBL,21,25,10,,
MLBL,35,25,219,,
AIL,57,45,60,,
JBBL,58,57,40,,
ILBS,58,26,12,,
SAPDBL,58,58,25,,
SANIMA,19,14,100,,
MLBSL,8,38,15,,
MLBSL,1,38,12,,
NUBL,48,49,10,,
KPCL,20,33,200,,
KPCL,17,33,20,,
KPCL,58,33,10,,
GBIME,34,47,100,,
AKJCL,41,45,40,,
AKJCL,38,45,100,,
AKJCL,16,45,360,,
SLI,51,38,10,,
NTC,44,4,50,,
GBBL,33,51,186,,
GBBL,38,51,100,,
GBBL,57,51,100,,
LBBL,32,26,172,,
PLI,32,36,10,,
SAHAS,22,16,10,,
HIDCL,11,14,328,,
PLI,32,46,155,,
NHPC,49,34,100,,
MLBL,35,20,781,,
MLBL,42,20,400,,
MLBL,42,20,100,,
MLBL,57,20,30,,
MLBL,17,20,200,,
MLBL,52,20,500,,
MLBL,28,20,200,,
MLBL,45,20,50,,
MLBL,52,20,1000,,
MLBL,36,20,50,,
MLBL,6,20,200,,
MLBL,19,20,200,,
UPPER,45,20,40,,
MLBL,58,20,289,,
TPC,22,25,30,,
SLI,51,38,10,,
FMDBL,38,35,17,,
PRVU,38,6,33,,
HIDCL,58,14,20,,
HIDCL,6,14,50,,
HIDCL,6,14,49,,
HIDCL,52,14,50,,
HIDCL,34,14,100,,
HIDCL,49,14,20,,
HIDCL,47,14,100,,
HIDCL,11,14,100,,
HIDCL,52,14,110,,
HIDCL,51,14,50,,
HIDCL,17,14,80,,
HIDCL,41,14,90,,
HIDCL,37,14,99,,
HIDCL,42,14,202,,
HIDCL,58,14,500,,
HIDCL,1,14,500,,
HIDCL,54,14,182,,
SBI,6,1,657,,
SBI,6,46,250,,
SBI,6,8,1000,,
SBI,6,14,93,,
BPCL,13,50,12,,
AKJCL,19,8,100,,
AKJCL,41,8,460,,
LBBL,49,38,10,,
BOKL,55,28,100,,
IGI,49,16,30,,
FOWAD,14,41,40,,
FOWAD,14,57,25,,
FOWAD,14,41,66,,
GBIME,36,47,70,,
RHPL,49,20,40,,
MLBL,58,34,211,,
MLBL,58,34,20,,
JBBL,58,28,139,,
JBBL,42,28,11,,
JBBL,32,28,100,,
SHEL,55,38,10,,
HPPL,44,55,60,,
SAHAS,22,7,210,,
HIDCL,22,42,29,,
NTC,44,38,10,,
SGI,11,20,10,,
SHINE,20,14,92,,
SHINE,4,14,200,,
SHINE,42,14,158,,
SHINE,1,14,50,,
KEF,11,46,2000,,
SHEL,55,56,90,,
KBL,49,49,100,,
KBL,5,49,50,,
GBLBS,22,49,20,,
NUBL,57,59,39,,
HIDCL,22,45,471,,
PLI,14,46,35,,
NBB,1,42,800,,
NBB,43,42,200,,
BOKL,11,28,20,,
UPCL,21,13,40,,
NHPC,33,34,50,,
PLI,14,38,10,,
RLI,39,21,90,,
RLI,39,36,10,,
SAPDBL,7,58,10,,
SAPDBL,32,58,449,,
JBBL,42,49,10,,
JBBL,40,49,50,,
JBBL,47,49,25,,
JBBL,6,49,103,,
LBBL,35,38,50,,
LBBL,35,7,30,,
NIFRA,46,42,10,,
AKPL,3,28,102,,
NMB,3,36,17,,
SAHAS,22,20,10,,
GFCL,58,14,50,,
GFCL,43,14,50,,
HIDCL,52,45,100,,
NUBL,16,49,20,,
AHPC,52,59,250,,
NIFRA,19,44,5,,
NIFRA,53,44,15,,
HIDCL,33,45,29,,
HIDCL,33,55,60,,
NRIC,6,26,31,,
NIFRA,53,38,50,,
SAHAS,22,56,10,,
ULI,44,14,10,,
NICL,32,46,100,,
NUBL,35,49,100,,
GMFIL,57,16,20,,
HIDCL,44,55,10,,
NTC,44,21,40,,
HIDCL,41,55,500,,
SLI,51,34,10,,
MLBS,32,1,10,,
RLI,7,20,10,,
NRIC,6,36,19,,
NIL,51,48,35,,
NGPL,54,58,44,,
NGPL,36,58,50,,
SFCL,42,14,40,,
SFCL,59,14,86,,
JBLB,45,48,10,,
MLBS,32,49,10,,
DHPL,4,54,10,,
HIDCL,32,55,50,,
SAHAS,22,16,10,,
HDHPC,6,41,100,,
HDHPC,34,41,250,,
HDHPC,47,41,50,,
HDHPC,42,41,100,,
HIDCL,46,55,480,,
HIDCL,46,48,520,,
HIDCL,8,48,50,,
UMHL,13,14,500,,
AHPC,52,51,100,,
NHPC,33,16,200,,
PRIN,13,46,100,,
NABIL,58,36,10,,
NHPC,33,39,50,,
NHPC,39,39,10,,
SAHAS,22,37,50,,
NIFRA,53,36,25,,
NIFRA,43,36,25,,
SLI,58,58,10,,
JLI,49,49,30,,
JLI,25,49,20,,
SAHAS,22,58,10,,
NRIC,6,25,20,,
SKBBL,17,17,2,,
NABIL,34,49,50,,
NIFRA,43,51,25,,
NIFRA,43,38,50,,
PRVU,19,6,100,,
ULI,44,4,10,,
JLI,25,52,10,,
RHPL,45,58,30,,
RHPL,34,58,50,,
KBL,49,6,50,,
JBBL,6,43,47,,
SGI,11,58,50,,
NLIC,11,3,52,,
MERO,51,38,20,,
MLBL,42,34,300,,
MLBL,21,34,100,,
MLBL,28,34,1500,,
MLBL,6,34,200,,
MLBL,34,34,300,,
MLBL,52,34,369,,
SAHAS,22,6,10,,
NGPL,36,53,140,,
NGPL,54,53,10,,
NGPL,11,53,50,,
GBIME,36,47,500,,
GBIME,29,47,1000,,
GBIME,19,47,150,,
NICLBSL,59,36,10,,
KMCDB,50,26,13,,
NHDL,32,13,30,,
SHEL,50,56,10,,
SFCL,22,14,24,,
SAHAS,22,22,10,,
SHINE,42,49,65,,
NTC,19,28,10,,
HIDCL,41,48,30,,
SHPC,44,33,30,,
AKPL,1,54,100,,
NRIC,6,36,30,,
NUBL,14,49,20,,
NMFBS,42,51,10,,
NMFBS,54,51,10,,
NMFBS,49,51,10,,
NIFRA,53,41,60,,
HDHPC,42,45,100,,
BPCL,13,45,50,,
AKJCL,41,45,400,,
AKJCL,41,45,100,,
HIDCL,54,49,88,,
HIDCL,48,49,62,,
PMHPL,50,20,10,,
JLI,25,16,10,,
MLBL,52,17,131,,
MLBL,38,17,100,,
MLBL,58,17,200,,
MLBL,38,17,409,,
MLBL,57,17,450,,
MLBL,48,17,100,,
MLBL,5,17,500,,
MLBL,13,17,50,,
MLBL,45,17,50,,
MLBL,19,17,10,,
AHPC,28,51,400,,
SLI,51,8,10,,
CZBIL,26,28,50,,
SAHAS,22,1,10,,
RLI,49,34,10,,
MMF1,33,35,100,,
NLIC,28,17,40,,
SGI,50,52,10,,
JLI,25,38,10,,
NRIC,58,51,97,,
GIC,40,46,200,,
HDL,35,14,40,,
HDL,53,14,50,,
HDL,16,14,10,,
NTC,19,45,90,,
KEF,48,58,100,,
UPCL,56,13,60,,
KBL,49,36,12,,
PRVU,34,26,50,,
PRVU,52,26,50,,
NTC,42,45,10,,
SLBBL,19,45,20,,
SLBBL,21,45,22,,
NUBL,28,49,68,,
PROFL,22,49,11,,
NRIC,49,16,70,,
NRIC,49,46,30,,
NABBC,48,39,30,,
CBBL,1,34,30,,
JBBL,43,38,5,,
NIFRA,53,11,40,,
NIFRA,45,11,90,,
NBL,58,11,30,,
SPDL,6,47,90,,
MLBL,19,58,10,,
MLBL,52,58,60,,
API,1,55,20,,
API,22,55,25,,
JBBL,6,57,350,,
JBBL,11,57,100,,
JBBL,29,57,50,,
SHIVM,17,21,86,,
SHIVM,21,21,10,,
SHIVM,11,21,160,,
TPC,22,48,10,,
MLBSL,38,38,10,,
NIFRA,45,58,10,,
SLI,51,16,10,,
SAHAS,22,16,10,,
UPPER,45,32,52,,
JLI,49,41,10,,
NUBL,42,49,120,,
NBB,1,14,100,,
NBB,1,21,500,,
NBB,1,45,30,,
AKJCL,58,8,10,,
SAHAS,22,49,10,,
SANIMA,55,58,91,,
SANIMA,55,21,50,,
NRN,10,20,10,,
NLIC,59,34,10,,
NLIC,59,55,19,,
NLIC,59,16,34,,
JLI,49,11,10,,
KBL,39,28,98,,
KBL,44,28,15,,
MLBL,52,34,440,,
MLBL,52,34,1000,,
MLBL,52,34,1000,,
MLBL,35,34,10,,
MLBL,45,34,200,,
MLBL,20,34,100,,
MLBL,45,34,50,,
MLBL,20,34,200,,
API,49,51,30,,
GLH,21,54,10,,
NABIL,54,49,10,,
GLICL,37,17,10,,
NRIC,17,46,20,,
HIDCL,48,36,61,,
RHPL,26,59,50,,
RHPL,26,49,40,,
GLH,21,44,10,,
SAHAS,22,3,10,,
JLI,49,38,10,,
NUBL,38,49,61,,
NHPC,39,42,40,,
NHPC,34,42,60,,
PICL,55,46,30,,
NUBL,50,49,20,,
ICFC,28,37,10,,
SINDU,42,34,240,,
SINDU,42,34,10,,
SINDU,58,34,100,,
SINDU,5,34,50,,
SINDU,45,34,100,,
NFS,52,51,100,,
NLIC,17,17,1,,
SJCL,41,50,149,,
SJCL,41,6,40,,
SJCL,41,48,11,,
TPC,22,49,10,,
SHPC,25,33,10,,
SHPC,58,33,10,,
PMHPL,50,58,840,,
PMHPL,19,58,50,,
PMHPL,32,58,330,,
PMHPL,32,58,615,,
PMHPL,11,58,135,,
PMHPL,47,58,50,,
PMHPL,22,58,50,,
PMHPL,57,58,215,,
PMHPL,32,58,1000,,
SLI,51,58,10,,
PMHPL,44,58,85,,
NUBL,34,49,56,,
SAHAS,22,38,10,,
API,22,38,200,,
SHEL,50,41,10,,
NIFRA,53,20,50,,
MLBS,32,21,10,,
BOKL,52,49,50,,
NABIL,3,49,20,,
SHINE,42,58,77,,
SHINE,38,58,200,,
SHINE,18,58,20,,
SHINE,42,58,500,,
SHINE,7,58,810,,
GBLBS,58,36,15,,
HDHPC,49,45,250,,
HDHPC,14,45,140,,
HDHPC,6,45,10,,
AKJCL,41,45,40,,
AKJCL,38,45,250,,
AKJCL,52,45,20,,
AKJCL,25,45,190,,
SLI,51,10,10,,
NRN,10,32,25,,
NRN,48,32,260,,
NRN,43,32,15,,
UMHL,13,42,16,,
NHPC,21,34,250,,
PICL,52,46,50,,
NLIC,11,14,98,,
NLIC,4,14,50,,
SDLBSL,58,4,11,,
NBL,4,11,20,,
HIDCL,48,20,10,,
HIDCL,34,20,40,,
PFL,14,44,79,,
PFL,14,44,100,,
AKPL,3,49,200,,
PFL,21,44,100,,
PFL,22,44,21,,
PFL,4,44,100,,
NUBL,34,1,44,,
NUBL,1,1,101,,
GRDBL,32,34,45,,
BPCL,13,50,13,,
NUBL,1,49,99,,
NUBL,25,49,45,,
NUBL,21,49,30,,
NUBL,41,49,50,,
NUBL,41,49,100,,
NUBL,35,49,50,,
NUBL,34,49,50,,
NUBL,32,49,50,,
NUBL,55,49,35,,
NUBL,16,49,30,,
NUBL,38,49,100,,
NUBL,51,49,50,,
NUBL,14,49,200,,
NUBL,29,49,11,,
SLI,51,21,10,,
UPCL,56,51,110,,
KBL,44,34,25,,
JBLB,28,42,10,,
NICLBSL,59,49,25,,
NICLBSL,52,49,10,,
NICLBSL,52,7,10,,
ULI,36,45,10,,
NMB,3,57,68,,
NMB,34,57,54,,
PSF,11,45,600,,
CBBL,21,34,10,,
NICLBSL,52,20,10,,
NIFRA,53,16,50,,
SHIVM,11,45,40,,
BPCL,13,41,300,,
UPPER,45,48,40,,
NIFRA,53,34,50,,
AKJCL,25,36,410,,
NUBL,29,49,39,,
NUBL,6,49,50,,
SHL,1,49,200,,
NUBL,6,49,11,,
NABIL,29,49,20,,
NICLBSL,52,36,10,,
NICLBSL,52,36,10,,
GBIME,19,11,50,,
SAHAS,22,38,10,,
SAHAS,22,50,10,,
PRIN,39,59,19,,
PICL,7,46,50,,
CHCL,17,56,50,,
CIT,58,36,10,,
DDBL,28,49,12,,
DDBL,35,49,20,,
DDBL,54,49,20,,
CBBL,1,35,20,,
RMDC,55,16,100,,
CZBIL,58,28,20,,
GIC,39,21,40,,
NBL,32,42,337,,
NBL,58,42,50,,
NBL,11,42,50,,
NBL,52,42,250,,
NBL,34,42,20,,
NBL,58,42,125,,
NBL,56,42,100,,
NBL,52,42,45,,
NBL,6,42,100,,
NBL,49,42,250,,
MLBS,34,42,10,,
NBL,34,42,50,,
NBL,58,42,27,,
NBL,58,42,70,,
NBL,25,42,50,,
GHL,3,54,35,,
GHL,3,34,30,,
JBLB,28,21,10,,
UPCL,56,34,150,,
SSHL,59,17,100,,
NTC,16,55,50,,
NIFRA,53,38,60,,
NMB,34,57,20,,
SLICL,7,52,100,,
SLICL,7,50,16,,
NABIL,29,57,10,,
NTC,19,28,185,,
RMDC,19,16,100,,
KBL,44,32,1830,,
KBL,44,32,870,,
SHINE,28,58,500,,
SHINE,51,58,693,,
SAHAS,22,10,10,,
JFL,26,32,20,,
JBBL,43,34,95,,
JBBL,51,34,300,,
JBBL,5,34,130,,
JBBL,22,34,500,,
JBBL,58,34,100,,
JBBL,28,34,100,,
JBBL,21,34,1500,,
JBBL,28,34,1000,,
JBBL,49,34,200,,
JBBL,38,34,45,,
JBBL,42,34,10,,
JBBL,6,34,90,,
JBBL,28,34,700,,
JBBL,45,34,15,,
JBBL,41,34,200,,
JBBL,52,34,15,,
CCBL,14,40,24,,
CCBL,58,40,20,,
AKPL,39,36,144,,
LBL,6,20,18,,
GLH,21,38,10,,
GFCL,28,34,10,,
GFCL,21,34,200,,
GFCL,36,34,80,,
GFCL,36,34,10,,
MLBL,6,33,200,,
BOKL,11,49,100,,
SHL,1,58,200,,
SHL,1,26,980,,
HIDCL,48,48,17,,
CHDC,58,36,10,,
KBL,44,49,500,,
PICL,25,46,20,,
SANIMA,42,21,50,,
PLIC,32,21,476,,
PSF,38,45,300,,
PSF,49,45,100,,
MKJC,22,39,400,,
JBBL,52,45,390,,
SHINE,32,58,1000,,
NRIC,17,49,20,,
PROFL,34,50,300,,
PRVU,43,6,35,,
PRVU,43,22,100,,
CBL,34,58,50,,
SAHAS,22,57,10,,
CBBL,1,1,15,,
CBBL,49,1,35,,
CBBL,5,1,50,,
NHPC,34,58,40,,
SBCF,38,58,100,,
NUBL,6,49,39,,
NUBL,1,49,20,,
NUBL,14,49,100,,
NUBL,45,49,24,,
NUBL,34,49,17,,
UMHL,38,42,100,,
SKBBL,17,17,2,,
CZBIL,21,28,10,,
BPCL,13,58,25,,
BPCL,4,58,25,,
KPCL,58,20,10,,
AIL,57,36,10,,
MLBS,34,58,10,,
BOKL,33,39,200,,
NIFRA,53,42,100,,
NIFRA,21,42,550,,
NIFRA,6,42,150,,
NIFRA,1,42,200,,
NIFRA,58,42,50,,
NIFRA,49,42,10,,
NIFRA,22,42,10,,
NIFRA,57,42,250,,
NIFRA,40,42,300,,
NIFRA,14,42,400,,
NIFRA,4,42,580,,
ULI,25,48,10,,
ULI,25,17,10,,
BPCL,4,41,50,,
RLFL,44,50,200,,
MERO,33,57,100,,
SHEL,32,54,10,,
SAHAS,22,58,10,,
NIFRA,4,8,50,,
API,22,38,200,,
NIFRA,4,16,50,,
PRIN,13,29,73,,
PRIN,32,29,42,,
PRIN,5,29,10,,
PRVU,49,1,10,,
NLG,40,56,20,,
SCB,17,49,25,,
GBBL,42,58,70,,
GBBL,18,58,50,,
GBBL,41,58,700,,
GBBL,54,58,50,,
GBBL,6,58,100,,
GBBL,59,58,300,,
GBBL,4,58,200,,
GBBL,48,58,30,,
GBBL,26,58,180,,
API,22,44,213,,
UMHL,14,42,50,,
UMHL,41,42,200,,
UMHL,45,42,250,,
UMHL,38,42,209,,
UMHL,57,42,25,,
NUBL,34,49,83,,
NUBL,52,49,30,,
NUBL,40,49,87,,
NUBL,49,49,300,,
SHPC,48,33,200,,
SHPC,25,33,75,,
JLI,48,20,10,,
PLI,54,46,50,,
ULI,36,58,10,,
SCB,1,40,21,,
MKLB,8,46,10,,
CZBIL,26,28,200,,
BFC,28,17,100,,
SCB,1,5,21,,
SCB,10,5,179,,
HDHPC,6,47,140,,
HDHPC,6,51,50,,
NABBC,51,6,40,,
LBBL,39,7,10,,
ADBL,36,14,50,,
AKPL,42,36,156,,
NRN,43,49,10,,
SHINE,51,34,307,,
SHINE,57,34,50,,
SHINE,17,34,300,,
SHINE,43,34,25,,
SHINE,36,34,1000,,
SWBBL,11,1,30,,
SWBBL,4,1,10,,
SWBBL,34,1,10,,
GIC,39,20,10,,
SAHAS,22,4,10,,
ULI,36,52,235,,
SHPC,25,34,325,,
SHPC,42,34,50,,
SHPC,16,34,125,,
NUBL,6,59,25,,
LBL,6,52,30,,
SHPC,16,51,75,,
SHPC,6,51,170,,
SHPC,25,51,10,,
SHPC,17,51,500,,
SHPC,6,51,150,,
GILB,47,52,100,,
CORBL,47,33,30,,
CORBL,47,43,10,,
CORBL,47,7,10,,
AIL,49,48,30,,
NRIC,17,49,50,,
EBL,41,28,100,,
GBIME,45,28,1000,,
TPC,22,25,30,,
NBL,58,42,10,,
MFIL,13,55,30,,
MFIL,1,55,50,,
MFIL,54,55,70,,
NMB,3,45,13,,
JBLB,28,34,10,,
SAHAS,22,58,10,,
HDHPC,37,47,60,,
API,22,6,10,,
LBBL,28,7,100,,
SAHAS,22,4,10,,
AKJCL,16,45,140,,
MLBS,34,21,10,,
SICL,59,46,10,,
SICL,34,46,14,,
SICL,11,46,100,,
SICL,26,46,10,,
SICL,58,46,20,,
SICL,14,46,10,,
SICL,14,46,27,,
SANIMA,34,42,100,,
NBL,55,42,100,,
MERO,21,44,35,,
MERO,47,44,50,,
MERO,47,44,100,,
MERO,54,44,30,,
AIL,38,20,10,,
NMBMF,55,13,360,,
NMBMF,22,13,50,,
RMDC,17,16,300,,
RMDC,54,16,100,,
RMDC,5,16,100,,
RMDC,25,16,200,,
RMDC,39,16,60,,
RMDC,43,16,25,,
RMDC,34,16,15,,
ADBL,52,42,11,,
GUFL,13,53,10,,
GUFL,6,53,30,,
SANIMA,34,41,100,,
SLI,51,5,10,,
JBLB,28,51,10,,
LBBL,42,7,10,,
BOKL,26,49,40,,
GRDBL,32,28,55,,
CBBL,22,34,35,,
GBIME,13,6,30,,
PLI,45,46,50,,
PLI,8,46,10,,
SABSL,14,56,10,,
CBL,34,11,50,,
GBIME,8,6,100,,
SANIMA,34,44,40,,
NHPC,34,34,5242,,
SANIMA,34,45,109,,
SINDU,34,42,23,,
API,22,44,487,,
API,22,49,10,,
API,22,13,50,,
API,22,16,16,,
API,22,14,27,,
API,22,58,410,,
NHPC,38,34,100,,
MEGA,28,56,269,,
MEGA,45,56,31,,
ACLBSL,42,20,10,,
JOSHI,7,52,50,,
JOSHI,45,52,200,,
ULI,36,38,10,,
UMHL,57,21,75,,
UMHL,34,21,500,,
UMHL,38,21,395,,
UMHL,58,21,130,,
SBCF,38,58,200,,
SAHAS,22,58,10,,
ALICL,46,58,11,,
ALICL,17,58,1000,,
ALICL,45,58,300,,
ALICL,6,58,100,,
ALICL,52,58,36,,
ALICL,43,58,25,,
ALICL,41,58,50,,
ALICL,40,58,100,,
ALICL,50,58,14,,
ALICL,57,58,20,,
ALICL,58,58,86,,
ALICL,50,58,200,,
ALICL,57,58,50,,
ALICL,19,58,100,,
ALICL,38,58,100,,
ALICL,55,58,112,,
ALICL,34,58,100,,
ALICL,39,58,20,,
ALICL,13,58,20,,
ALICL,43,58,50,,
ALICL,51,58,200,,
ALICL,49,58,60,,
ALICL,21,58,20,,
ALICL,26,58,100,,
ALICL,52,58,50,,
ALICL,49,58,16,,
ALICL,55,58,30,,
ALICL,14,58,30,,
SKBBL,6,28,35,,
NIFRA,4,45,220,,
NIFRA,16,45,200,,
NIFRA,58,45,50,,
NIFRA,58,45,80,,
LBBL,58,7,50,,
MMFDB,33,39,100,,
MMFDB,47,39,10,,
MMFDB,52,39,12,,
MMFDB,58,39,10,,
NCCB,28,52,30,,
HIDCL,54,17,100,,
HDHPC,59,34,50,,
NIFRA,58,33,30,,
NIFRA,8,33,30,,
UMHL,58,50,300,,
NBL,25,37,650,,
NBL,44,37,100,,
NBL,57,37,50,,
NBL,58,37,200,,
NBL,33,37,1000,,
CZBIL,46,28,30,,
TPC,22,47,10,,
GBIME,3,34,20,,
GBIME,19,34,18,,
GBIME,6,34,10,,
GBIME,25,34,20,,
GBIME,57,34,230,,
SJCL,7,38,20,,
UNHPL,14,45,160,,
RLI,49,46,90,,
RLI,36,46,10,,
NTC,19,34,15,,
ULI,36,13,10,,
SKBBL,58,28,150,,
SKBBL,13,28,30,,
SHPC,13,48,10,,
JBLB,28,54,10,,
MLBS,34,49,10,,
JLI,49,6,10,,
JLI,49,8,10,,
NBL,55,26,100,,
MLBL,45,43,50,,
NRIC,17,38,10,,
PLI,8,19,10,,
RHPL,25,38,10,,
RHPL,16,38,30,,
SHPC,58,48,30,,
SHPC,22,48,100,,
SHPC,16,48,60,,
SHPC,16,33,440,,
SHPC,48,33,14,,
SHPC,51,33,250,,
KBL,38,51,10,,
MEGA,45,26,29,,
MEGA,21,26,471,,
UPCL,56,14,10,,
NIL,51,13,10,,
NMB,29,49,565,,
NMB,33,49,25,,
NMB,14,49,64,,
GLH,21,16,10,,
SAHAS,22,58,10,,
NBB,D01,16,10,,
RURU,53,34,180,,
RURU,38,34,50,,
RURU,45,34,50,,
RURU,34,34,20,,
API,55,4,25,,
EBL,58,37,20,,
EBL,45,37,50,,
EBL,45,37,61,,
EBL,33,37,10,,
EBL,49,37,50,,
EBL,33,37,10,,
JBBL,52,3,95,,
JBBL,52,3,20,,
JBBL,44,3,85,,
PLI,8,38,10,,
ULI,36,48,10,,
JLI,48,34,10,,
SFCL,22,16,26,,
HPPL,39,34,20,,
SJCL,7,17,10,,
NIFRA,8,19,20,,
NIFRA,57,19,30,,
NRIC,26,38,20,,
SAHAS,22,52,10,,
SAHAS,22,8,10,,
SAHAS,22,41,10,,
SAHAS,22,58,10,,
NLIC,6,55,30,,
SHPC,41,47,60,,
SANIMA,1,45,280,,
SANIMA,1,33,20,,
NIFRA,57,25,60,,
UPCL,56,4,50,,
PFL,6,49,300,,
NIFRA,57,38,60,,
NHPC,44,34,1000,,
NHPC,29,34,55,,
NHPC,17,34,150,,
NHPC,21,34,95,,
NHPC,8,34,30,,
HDL,16,55,31,,
AKJCL,16,36,20,,
SAHAS,47,6,10,,
SABSL,58,33,279,,
NLIC,11,49,34,,
NLIC,1,49,50,,
BPCL,4,11,25,,
BFC,28,44,120,,
BFC,28,44,50,,
BFC,43,44,100,,
BFC,57,44,210,,
BFC,22,44,20,,
BOKL,11,49,100,,
BOKL,8,49,10,,
HDL,14,47,180,,
HDL,45,47,20,,
JBLB,28,11,10,,
LBBL,32,46,65,,
PLIC,32,34,24,,
PLIC,48,34,176,,
NICSF,11,45,500,,
NIFRA,25,25,40,,
NCCB,28,51,10,,
NCCB,54,51,40,,
TPC,35,43,30,,
TPC,35,55,10,,
AKPL,3,29,62,,
AKPL,46,29,200,,
AKPL,45,29,100,,
AKPL,56,29,38,,
API,55,38,12,,
SGI,45,46,91,,
NLIC,28,55,100,,
NLIC,28,55,101,,
BFC,51,45,15,,
LGIL,43,16,10,,
GBBL,26,49,70,,
GBBL,14,49,400,,
GBBL,57,49,30,,
STC,38,13,20,,
STC,6,13,10,,
STC,55,13,10,,
STC,58,13,12,,
STC,54,13,10,,
STC,32,13,10,,
STC,34,13,10,,
NGPL,54,36,190,,
UIC,5,49,100,,
API,55,38,88,,
NRIC,37,38,62,,
NRIC,37,56,28,,
NRIC,37,1,10,,
HIDCL,54,58,60,,
HIDCL,42,58,100,,
SCB,1,49,100,,
NIFRA,57,49,60,,
ADBL,25,19,40,,
JLI,48,38,10,,
MFIL,48,55,100,,
NLIC,7,17,11,,
NLIC,7,13,30,,
SLICL,7,51,30,,
API,45,58,50,,
API,45,48,300,,
API,45,47,100,,
API,45,29,200,,
API,45,36,19,,
MLBL,57,43,200,,
NHPC,8,16,20,,
NLIC,50,17,1,,
NUBL,33,48,10,,
NUBL,33,58,20,,
NUBL,33,16,170,,
CBBL,5,4,60,,
CBBL,36,4,200,,
SAEF,7,54,700,,
PCBL,6,43,20,,
PCBL,6,16,100,,
PCBL,6,19,84,,
AKJCL,17,36,10,,
NIL,58,55,17,,
NIL,32,37,17,,
NIL,16,37,25,,
AKPL,56,6,12,,
SAHAS,47,57,10,,
JFL,36,32,40,,
NICLBSL,59,49,10,,
SCB,10,7,21,,
CHDC,58,29,10,,
API,29,36,50,,
JBLB,28,38,10,,
SGI,45,46,99,,
ULI,36,8,10,,
JLI,48,5,10,,
NUBL,36,16,30,,
JBLB,28,40,10,,
API,55,16,12,,
MBL,1,53,30,,
MBL,51,53,10,,
MBL,4,53,60,,
HIDCL,42,51,98,,
HIDCL,47,51,10,,
HIDCL,35,51,10,,
HIDCL,22,51,75,,
HIDCL,57,51,77,,
HIDCL,22,51,10,,
HIDCL,46,51,38,,
HIDCL,4,51,452,,
HIDCL,4,51,100,,
KSBBL,51,52,50,,
KSBBL,46,52,140,,
KSBBL,41,52,100,,
KSBBL,29,52,210,,
JBBL,58,13,20,,
RLI,36,58,70,,
AKPL,58,11,100,,
RLI,51,58,40,,
MKJC,34,49,10,,
AHPC,45,44,100,,
GIC,39,20,10,,
EICPO,43,40,50,,
NBL,1,26,100,,
NBL,58,26,500,,
NBL,1,26,50,,
NBL,49,26,12,,
NBL,14,26,20,,
NBL,58,26,378,,
PLI,56,48,10,,
NFS,50,52,40,,
NFS,50,52,90,,
NFS,41,52,200,,
NFS,56,52,70,,
KSBBL,58,32,70,,
PCBL,43,46,200,,
JBBL,44,56,15,,
KMCDB,50,49,10,,
MLBL,59,43,100,,
MLBL,44,43,300,,
MLBL,3,43,350,,
HDL,13,55,10,,
GBBL,34,28,100,,
GBBL,52,28,150,,
GBBL,28,28,500,,
GBBL,48,28,100,,
GBBL,56,28,100,,
GBBL,34,28,100,,
GBBL,43,28,15,,
UPCL,42,38,150,,
MEGA,21,41,29,,
MEGA,57,41,221,,
NRIC,40,28,40,,
TPC,22,38,10,,
MMF1,33,45,500,,
MLBL,57,58,251,,
MLBL,57,33,49,,
MLBL,3,21,70,,
MLBL,56,21,100,,
MLBL,58,21,30,,
MFIL,58,55,50,,
GBIME,57,57,70,,
GBIME,58,57,100,,
GBIME,19,57,100,,
GBIME,1,57,10,,
AKJCL,44,36,500,,
HIDCL,4,28,548,,
HIDCL,39,28,112,,
NIFRA,51,25,10,,
SJCL,7,58,40,,
UMHL,42,42,50,,
UMHL,4,42,100,,
NRIC,19,16,100,,
JLI,48,41,50,,
ULI,36,59,10,,
NLG,40,13,54,,
EBL,58,28,10,,
ULI,47,56,10,,
ULI,47,8,10,,
PCBL,32,19,200,,
SRBL,41,16,100,,
CZBIL,58,20,11,,
SGI,16,49,10,,
SGI,16,41,10,,
SGI,16,52,10,,
TPC,22,4,770,,
TPC,3,4,20,,
TPC,3,4,10,,
NCCB,26,51,10,,
GBIME,1,7,90,,
PLI,56,16,10,,
GBIME,58,7,10,,
HIDCL,25,34,1,,
NGPL,43,36,10,,
KSBBL,43,32,20,,
NGPL,43,42,60,,
KSBBL,43,29,80,,
HIDCL,39,28,88,,
HIDCL,48,28,200,,
HIDCL,7,28,50,,
HIDCL,5,28,293,,
HIDCL,56,28,19,,
HIDCL,56,28,100,,
HIDCL,43,28,50,,
NABBC,48,39,30,,
PMHPL,44,13,15,,
KBL,10,51,900,,
HDL,38,26,29,,
NGPL,54,42,10,,
SGI,38,46,100,,
NLIC,34,13,10,,
NLIC,59,13,10,,
RLI,51,34,10,,
HPPL,44,49,10,,
KSBBL,29,41,90,,
KSBBL,58,41,10,,
RMDC,34,7,15,,
ICFC,28,58,10,,
ICFC,28,17,10,,
CBL,34,59,100,,
JBLB,28,43,10,,
MLBS,34,17,10,,
SCB,10,52,16,,
MFIL,35,55,20,,
JBLB,45,57,10,,
GIMES1,26,7,5000,,
GIMES1,49,7,500,,
GIMES1,33,7,5000,,
GIMES1,45,7,2000,,
SAHAS,21,42,10,,
GBBL,43,41,85,,
AIL,38,21,10,,
GBBL,14,41,15,,
PLI,1,16,20,,
MFIL,40,55,70,,
MFIL,54,55,10,,
MFIL,54,44,20,,
RBCL,59,33,30,,
AKJCL,58,36,60,,
UIC,5,52,300,,
SHEL,32,8,10,,
BOKL,57,40,435,,
BOKL,17,40,10,,
BOKL,53,40,10,,
BOKL,13,40,200,,
BOKL,44,40,10,,
BOKL,49,40,60,,
BOKL,48,40,50,,
BOKL,56,40,35,,
BOKL,45,40,200,,
BOKL,7,40,100,,
BOKL,53,40,59,,
BOKL,22,40,69,,
BOKL,41,40,50,,
BOKL,58,40,212,,
ICFC,58,55,39,,
SLI,51,38,10,,
NTC,13,26,145,,
NTC,45,26,55,,
KBL,49,49,30,,
FOWAD,34,41,10,,
NTC,53,41,100,,
FOWAD,34,41,14,,
FOWAD,34,57,24,,
NHPC,21,42,405,,
NHPC,47,42,95,,
NHPC,47,42,1000,,
NHPC,17,42,300,,
ULI,36,17,10,,
NIL,41,55,100,,
ILBS,58,48,12,,
HIDCL,5,49,301,,
HIDCL,7,49,24,,
NRIC,39,28,10,,
EDBL,56,8,50,,
PPCL,28,13,30,,
HDHPC,32,51,85,,
MFIL,48,44,30,,
CHDC,34,21,130,,
API,22,41,250,,
NRIC,19,54,55,,
NRIC,33,54,100,,
NRIC,56,54,50,,
SAPDBL,45,17,386,,
NMB,57,29,10,,
NRIC,3,35,10,,
JLI,48,47,10,,
GFCL,36,25,10,,
API,29,36,31,,
NMBMF,35,7,43,,
SLI,57,49,10,,
API,22,38,102,,
TRH,51,49,50,,
NBL,58,34,622,,
NBL,49,34,10,,
NBL,45,34,100,,
NBL,4,34,50,,
NBL,29,34,48,,
NBL,58,34,170,,
NLIC,6,19,19,,
NLIC,48,19,10,,
NUBL,14,59,20,,
SHIVM,17,48,20,,
JBBL,45,45,10,,
AKPL,58,41,100,,
RHPL,16,26,70,,
GIC,39,49,10,,
SADBL,58,32,100,,
SADBL,58,48,250,,
PLI,1,59,10,,
JOSHI,38,45,100,,
JBBL,1,56,50,,
HDHPC,46,51,115,,
NHPC,35,49,100,,
NBF2,17,42,250,,
LGIL,37,53,1,,
GBBL,41,58,600,,
CBL,34,21,200,,
NABBC,48,32,300,,
NLG,22,13,12,,
NLG,10,13,34,,
ALICL,49,45,30,,
RLFL,34,34,10,,
SHPC,48,6,86,,
SHPC,21,6,14,,
HIDCL,5,45,300,,
NIFRA,13,44,500,,
NLIC,58,13,20,,
MFIL,40,56,30,,
CHDC,34,48,10,,
CHDC,34,45,250,,
CHDC,34,49,10,,
HDL,39,26,10,,
HDL,50,26,10,,
HDL,58,26,10,,
HDL,28,26,20,,
HDL,28,26,21,,
PCBL,11,19,100,,
ULI,36,32,10,,
SHEL,7,33,500,,
BARUN,54,49,11,,
KRBL,25,41,60,,
AKJCL,58,8,45,,
RLI,45,59,10,,
GBBL,16,36,100,,
BOKL,55,45,100,,
MKJC,34,34,10,,
KPCL,38,5,78,,
NUBL,29,42,14,,
NUBL,52,42,30,,
NUBL,42,42,45,,
NUBL,43,42,25,,
LBBL,7,45,360,,
SPDL,36,47,210,,
NCCB,58,41,10,,
NIFRA,57,5,60,,
NIFRA,57,25,50,,
NBL,55,42,100,,
TPC,3,38,10,,
PLIC,48,57,324,,
PLIC,42,57,50,,
UMHL,41,57,20,,
PLIC,58,57,126,,
PRVU,42,41,100,,
MPFL,48,21,100,,
GBBL,41,7,100,,
GBBL,1,7,50,,
GBBL,41,7,50,,
RMDC,34,38,70,,
RMDC,26,38,20,,
SHPC,21,49,86,,
NEF,14,53,724,,
NEF,14,11,214,,
NBL,58,21,100,,
IGI,13,48,80,,
AKPL,58,49,61,,
AKPL,50,49,13,,
AKPL,51,49,50,,
HIDCL,5,53,106,,
HIDCL,49,53,25,,
JBBL,25,56,35,,
SADBL,34,46,75,,
SGI,45,59,10,,
JBBL,11,56,30,,
NABIL,57,58,264,,
NABIL,57,36,36,,
JOSHI,57,45,25,,
CCBL,14,58,90,,
CCBL,17,58,10,,
ULI,36,49,10,,
UPPER,45,42,38,,
UPPER,41,42,110,,
RADHI,39,42,18,,
RADHI,7,42,100,,
RADHI,26,42,20,,
RADHI,28,42,100,,
RADHI,1,42,50,,
SAHAS,57,48,10,,
SAHAS,57,49,10,,
SJCL,7,3,70,,
SJCL,13,3,130,,
GLH,49,34,10,,
IGI,13,28,100,,
PROFL,28,41,10,,
KPCL,34,5,100,,
GBBL,41,41,200,,
MERO,34,38,50,,
NMBMF,25,7,40,,
HIDCL,41,17,24,,
SLI,57,59,10,,
ICFC,58,55,50,,
JBBL,11,42,70,,
HDL,28,55,19,,
HDL,52,55,20,,
HDL,53,55,36,,
HDL,21,55,25,,
HDL,25,55,10,,
CBBL,53,4,100,,
CBBL,54,4,63,,
CBBL,14,4,10,,
CBBL,21,4,20,,
CBBL,41,4,20,,
CBBL,21,4,62,,
ADBL,58,19,10,,
NBL,1,42,30,,
NUBL,50,59,20,,
SLBBL,43,43,60,,
GBBL,41,52,100,,
UPPER,58,36,50,,
RADHI,22,42,50,,
LBBL,29,44,100,,
SAHAS,57,45,10,,
JBBL,44,45,400,,
GBIME,19,7,25,,
GBIME,19,42,18,,
RADHI,53,42,10,,
RADHI,44,42,479,,
RADHI,32,42,100,,
RADHI,45,42,50,,
RADHI,38,42,13,,
RADHI,58,42,10,,
MLBS,19,49,350,,
ILBS,58,39,11,,
NUBL,45,45,11,,
JFL,36,56,40,,
JFL,39,56,10,,
NBL,35,42,90,,
NBL,7,42,40,,
NBL,58,42,106,,
SFCL,59,16,100,,
SPDL,36,47,90,,
MLBS,19,56,10,,
CBBL,34,40,60,,
GBBL,36,36,50,,
JLI,49,48,10,,
ICFC,37,49,80,,
ICFC,37,45,20,,
AKPL,50,51,22,,
NRIC,48,1,10,,
ACLBSL,42,26,10,,
UNHPL,58,51,30,,
SIFC,22,50,100,,
JBBL,57,45,50,,
JBBL,29,45,50,,
NRIC,45,1,30,,
GBIME,7,42,100,,
NHPC,17,40,200,,
JBBL,29,42,450,,
JBBL,25,42,50,,
AKPL,58,47,50,,
MLBL,3,14,80,,
MLBL,46,14,50,,
SLI,57,45,10,,
NABIL,1,36,14,,
NABIL,1,44,86,,
ICFC,1,45,50,,
CHCL,17,49,100,,
GBIME,58,42,200,,
MKJC,34,44,10,,
NRIC,45,39,20,,
UPPER,41,49,40,,
HIDCL,58,17,65,,
CBBL,48,4,20,,
PLI,1,38,10,,
NABIL,7,44,20,,
CFCL,28,44,261,,
CFCL,45,44,100,,
CFCL,45,44,100,,
CFCL,34,44,39,,
TRH,51,19,50,,
HIDCL,51,17,11,,
NRIC,17,56,22,,
MLBS,19,13,10,,
PRVU,42,21,300,,
AKPL,58,17,180,,
AKPL,38,17,50,,
ACLBSL,57,6,20,,
MFIL,17,56,20,,
MFIL,20,56,30,,
MFIL,45,56,20,,
NIFRA,57,17,50,,
GIMES1,45,4,2000,,
GIMES1,48,4,2000,,
SAHAS,21,50,30,,
SAHAS,26,50,20,,
NLIC,29,13,40,,
NBB,36,28,200,,
GBIME,42,42,15,,
ULI,36,49,10,,
SANIMA,35,33,25,,
NICLBSL,59,47,10,,
LBBL,21,45,550,,
LBBL,21,45,590,,
NABIL,52,44,10,,
MNBBL,34,44,107,,
MNBBL,34,33,18,,
CZBIL,58,57,50,,
CBL,42,28,100,,
MEGA,57,56,79,,
MEGA,57,56,50,,
MEGA,16,56,76,,
SABSL,58,32,180,,
NMBMF,28,7,36,,
JBLB,28,58,10,,
SAPDBL,45,34,50,,
SAPDBL,45,17,64,,
SLI,57,8,10,,
SHEL,32,47,10,,
NLIC,50,45,10,,
UIC,5,34,485,,
UIC,48,34,15,,
BOKL,38,28,330,,
KBL,17,41,87,,
KBL,34,41,13,,
NCCB,6,41,15,,
NCCB,50,41,12,,
SHINE,45,48,300,,
SHINE,56,48,25,,
AIL,38,36,10,,
GBBL,41,42,200,,
JBBL,38,42,130,,
CHDC,17,1,10,,
JBBL,38,13,70,,
JBBL,56,13,80,,
RADHI,45,36,50,,
NBL,58,1,250,,
NBL,35,1,50,,
NICA,58,44,60,,
SMB,36,49,11,,
CIT,13,34,29,,
CIT,51,34,50,,
NICLBSL,6,28,10,,
NICLBSL,21,28,90,,
SABSL,58,38,20,,
MERO,21,57,10,,
MMF1,42,57,100,,
AKJCL,17,8,100,,
SMATA,17,51,14,,
SMATA,33,51,36,,
AKJCL,17,58,100,,
JLI,49,13,10,,
SHIVM,7,35,10,,
SPDL,51,47,110,,
SPDL,58,47,300,,
HIDCL,25,50,100,,
HIDCL,22,50,50,,
NABIL,56,44,31,,
SADBL,32,48,450,,
ICFC,49,45,30,,
NLIC,51,17,65,,
NCCB,50,41,100,,
NIFRA,57,58,10,,
AHPC,21,49,500,,
NABIL,14,44,25,,
NABIL,14,58,30,,
PPCL,33,1,34,,
PPCL,50,1,26,,
PPCL,28,1,440,,
SIL,36,59,10,,
SLI,57,49,10,,
GBLBS,49,41,50,,
SANIMA,32,33,55,,
SANIMA,32,48,55,,
NIFRA,57,38,60,,
ICFC,49,6,70,,
JFL,22,52,882,,
ALBSL,25,50,12,,
LEC,34,34,10,,
MLBS,19,29,10,,
MLBS,19,19,10,,
HIDCL,51,57,30,,
AKJCL,49,42,185,,
AKJCL,21,42,50,,
AKJCL,48,42,64,,
ICFC,19,6,30,,
SAPDBL,32,17,51,,
SAPDBL,32,17,470,,
NTC,38,14,40,,
HDHPC,46,10,185,,
GBIME,3,42,100,,
ULI,36,52,190,,
SDLBSL,57,6,11,,
ULI,38,52,40,,
SDLBSL,57,28,11,,
SDLBSL,57,16,11,,
BOKL,11,28,170,,
AHPC,45,49,500,,
AHPC,17,49,30,,
CBBL,45,40,30,,
UPPER,58,28,42,,
OHL,1,14,300,,
OHL,58,14,100,,
OHL,58,14,200,,
OHL,21,14,100,,
GLICL,59,52,50,,
UPPER,58,1,75,,
TPC,22,26,10,,
HDHPC,34,10,30,,
JLI,49,41,10,,
NTC,49,55,10,,
CHCL,17,51,50,,
JOSHI,57,6,15,,
NRIC,35,40,18,,
GIMES1,57,4,300,,
SLI,59,25,10,,
LBBL,21,7,50,,
NUBL,21,21,100,,
SLI,19,58,10,,
SLI,59,32,10,,
NBF3,49,41,300,,
SLI,59,8,10,,
GBLBS,45,41,50,,
SDLBSL,58,49,11,,
GFCL,36,10,30,,
PPCL,28,44,60,,
MLBS,19,42,10,,
NMB,14,7,36,,
NMB,26,7,90,,
JBLB,57,45,10,,
SAHAS,49,43,20,,
SAHAS,19,43,30,,
SAHAS,19,43,500,,
SAHAS,1,43,160,,
MNBBL,45,35,30,,
RHPL,52,49,160,,
RHPL,51,49,20,,
NBB,D01,39,200,,
NBB,D01,44,500,,
NBB,D01,34,159,,
NBB,D01,5,50,,
MKJC,34,14,170,,
MKJC,58,14,10,,
JBBL,21,50,50,,
KRBL,45,17,100,,
KRBL,20,17,300,,
KRBL,22,17,100,,
EIC,38,41,20,,
SAHAS,1,26,10,,
KSBBL,34,29,10,,
RLI,45,52,50,,
MLBS,19,26,10,,
RSDC,57,49,94,,
RSDC,38,49,10,,
GBIME,38,42,10,,
HDHPC,41,10,35,,
MPFL,3,52,194,,
MPFL,48,52,150,,
MPFL,36,52,100,,
AKPL,49,51,50,,
AKPL,16,51,200,,
AKPL,26,51,196,,
SAHAS,1,32,10,,
SIL,55,59,10,,
HIDCL,22,58,50,,
API,58,38,85,,
API,58,44,15,,
HIDCL,25,58,110,,
API,58,44,10,,
CBL,7,45,10,,
NIFRA,57,25,60,,
HIDCL,17,57,55,,
NTC,6,14,60,,
NABIL,34,35,100,,
HDHPC,57,10,500,,
HDHPC,28,10,100,,
HDHPC,34,10,150,,
HDHPC,56,10,100,,
HDHPC,39,10,100,,
HDHPC,22,10,50,,
HDHPC,22,10,200,,
RMDC,59,56,49,,
RMDC,22,56,45,,
RMDC,58,56,156,,
PRVU,42,56,200,,
SLI,59,51,10,,
NUBL,39,47,50,,
RLI,45,49,49,,
API,7,44,12,,
API,58,44,40,,
API,17,44,10,,
API,56,44,13,,
API,59,44,100,,
API,57,44,300,,
JBLB,57,41,10,,
NMB,11,7,100,,
CHDC,17,22,10,,
SAHAS,49,26,10,,
RLI,45,49,10,,
HIDCL,51,57,20,,
HIDCL,51,32,100,,
HIDCL,51,21,280,,
SAHAS,49,1,70,,
LEC,34,58,50,,
HIDCL,45,21,100,,
LBBL,21,44,50,,
HDHPC,57,10,50,,
MLBL,25,43,76,,
MLBS,19,14,10,,
NLIC,39,29,142,,
LBBL,21,55,10,,
HGI,13,42,100,,
BPCL,41,17,10,,
BPCL,13,17,260,,
BPCL,41,17,40,,
BPCL,4,17,190,,
SIFC,43,35,50,,
KKHC,57,17,50,,
NIFRA,51,10,99,,
HIDCL,46,21,80,,
HIDCL,46,45,20,,
SIL,58,59,20,,
SIL,5,59,10,,
NTC,6,22,25,,
JFL,11,52,50,,
ULI,38,58,10,,
AKPL,51,29,100,,
MHNL,34,3,40,,
MHNL,58,3,10,,
MHNL,6,3,50,,
SBL,43,52,90,,
SBL,43,57,16,,
NRIC,57,56,10,,
UIC,48,48,90,,
UIC,39,48,10,,
MMFDB,5,39,10,,
PPCL,53,44,20,,
RADHI,57,41,300,,
RADHI,57,19,500,,
RADHI,57,14,45,,
NIFRA,58,10,300,,
NIFRA,21,10,70,,
MPFL,36,52,100,,
MPFL,54,52,100,,
MPFL,45,52,110,,
MPFL,48,52,100,,
GBIME,51,42,22,,
GBIME,51,7,78,,
NABIL,34,58,60,,
NBB,41,52,30,,
JBLB,16,58,10,,
SAHAS,49,49,10,,
NMB,32,19,58,,
NMB,49,19,38,,
NMB,41,19,20,,
HIDCL,48,45,510,,
HIDCL,21,45,300,,
HIDCL,34,45,70,,
HIDCL,38,45,100,,
SHIVM,47,56,195,,
SHIVM,49,56,305,,
HIDCL,32,21,100,,
HDHPC,52,13,50,,
MEGA,50,41,400,,
HDHPC,52,13,50,,
API,45,38,100,,
CBL,58,58,40,,
CBL,54,58,20,,
SLI,59,28,10,,
MBL,17,49,100,,
IGI,13,53,20,,
IGI,38,53,11,,
SAHAS,49,7,380,,
SAHAS,34,7,20,,
JLI,49,36,20,,
HIDCL,42,21,40,,
NIFRA,21,52,60,,
BARUN,43,38,47,,
NABIL,34,47,550,,
NABIL,34,29,20,,
FOWAD,46,34,20,,
JOSHI,57,6,10,,
JOSHI,45,6,30,,
NABIL,48,29,60,,
NRIC,50,39,10,,
DDBL,33,56,10,,
NICLBSL,6,7,20,,
UMHL,51,51,25,,
NTC,6,35,15,,
NTC,51,35,10,,
NTC,58,35,25,,
NCCB,50,49,83,,
NCCB,42,49,30,,
MLBS,19,38,10,,
HDHPC,58,54,50,,
UPPER,45,58,20,,
TPC,8,43,40,,
SHIVM,13,49,49,,
TPC,45,43,50,,
TPC,19,43,430,,
MKJC,58,6,10,,
KSBBL,50,29,10,,
JBLB,26,50,10,,
NLG,22,40,88,,
NLG,32,40,46,,
NLG,43,40,50,,
NLG,42,40,30,,
NLG,58,40,30,,
NLG,5,40,25,,
NLG,38,40,10,,
NLG,59,40,10,,
NLG,21,40,211,,
TPC,19,58,10,,
GBBL,25,36,19,,
NUBL,39,59,100,,
CHCL,17,7,235,,
CHCL,42,7,20,,
CHCL,43,7,25,,
CHCL,45,7,20,,
UPPER,58,49,270,,
BOKL,58,26,88,,
BOKL,48,26,12,,
NRN,48,49,10,,
NHPC,47,56,185,,
NHPC,47,42,80,,
CBL,54,52,25,,
API,29,17,80,,
API,41,17,59,,
API,38,17,23,,
API,56,17,14,,
NIFRA,21,45,20,,
RLI,45,56,10,,
GBBL,41,56,150,,
GBBL,8,56,50,,
NABIL,48,44,40,,
NABIL,45,44,10,,
NABIL,8,44,50,,
JBBL,56,58,20,,
SFCL,59,57,14,,
SFCL,57,57,10,,
SFCL,21,57,100,,
SFCL,41,57,345,,
SFCL,57,57,20,,
SFCL,46,57,11,,
NTC,58,18,15,,
NTC,58,49,50,,
PFL,28,6,34,,
UPPER,58,58,499,,
NMB,34,57,41,,
FOWAD,58,34,10,,
FOWAD,13,34,100,,
FOWAD,26,34,10,,
FOWAD,58,34,10,,
FOWAD,26,34,100,,
FOWAD,35,34,200,,
FOWAD,34,34,20,,
NRIC,57,49,40,,
SANIMA,51,48,100,,
RLI,45,13,10,,
SHIVM,13,51,21,,
NIL,32,35,100,,
NMB,58,57,84,,
MLBSL,52,22,10,,
GIC,39,49,10,,
MLBS,19,50,10,,
NMB,33,57,25,,
HPPL,13,32,50,,
MLBS,19,38,10,,
KBL,38,26,50,,
SCB,10,38,84,,
GBIME,49,42,35,,
NMBMF,28,52,14,,
NMBMF,36,52,50,,
NMBMF,47,52,50,,
SADBL,32,34,450,,
NHPC,53,42,10,,
NIL,32,51,33,,
NABIL,16,47,10,,
HIDCL,57,51,100,,
CIT,6,57,75,,
CIT,13,57,50,,
CIT,47,57,100,,
CIT,55,57,10,,
CIT,42,57,10,,
CIT,58,57,10,,
CIT,19,57,35,,
CIT,56,57,10,,
UMHL,51,57,25,,
ICFC,45,10,50,,
HIDCL,34,59,20,,
SGI,58,45,40,,
TRH,22,42,65,,
SHPC,5,47,160,,
NUBL,42,36,20,,
NHPC,52,42,50,,
SAHAS,49,52,10,,
GIC,39,58,10,,
MLBL,28,43,424,,
MLBL,28,11,76,,
MFIL,45,19,80,,
HDHPC,52,54,100,,
PCBL,6,19,15,,
PCBL,6,45,85,,
BFC,51,14,10,,
SLI,59,50,10,,
SHIVM,49,51,100,,
SHIVM,4,51,79,,
MLBS,28,58,10,,
AKPL,50,43,12,,
AKPL,50,43,48,,
SADBL,32,14,100,,
NICL,58,17,10,,
SCB,53,38,10,,
SLI,59,44,10,,
KBL,17,41,700,,
KBL,17,25,1000,,
KBL,17,11,100,,
KBL,17,26,66,,
KBL,17,34,347,,
SWBBL,34,3,10,,
API,38,52,27,,
AKJCL,52,21,50,,
NABIL,55,47,64,,
NHPC,52,6,950,,
NHPC,25,6,50,,
NTC,42,17,3875,,
NTC,14,17,50,,
NTC,35,17,615,,
NTC,13,17,460,,
NTC,59,17,1000,,
SAHAS,49,59,10,,
SADBL,45,14,500,,
DDBL,11,56,50,,
PROFL,46,41,10,,
STC,45,13,25,,
STC,43,13,10,,
STC,7,13,10,,
STC,41,13,10,,
STC,38,13,11,,
AKPL,53,43,200,,
ACLBSL,42,16,20,,
MLBS,28,26,10,,
HIDCL,26,51,50,,
API,16,58,65,,
API,16,17,33,,
API,16,40,52,,
NLICL,39,22,110,,
GLH,49,34,830,,
API,41,36,441,,
API,48,36,20,,
API,47,36,40,,
API,4,36,100,,
API,52,36,150,,
API,22,36,100,,
API,45,36,150,,
API,11,36,100,,
API,56,36,100,,
API,36,36,10,,
API,48,36,50,,
API,25,36,20,,
API,34,36,14,,
API,35,36,55,,
NICA,22,7,19,,
JBLB,26,55,10,,
CBL,28,45,10,,
NHPC,25,51,50,,
HIDCL,42,51,30,,
JFL,22,58,118,,
DHPL,7,54,10,,
GLH,49,44,10,,
AIL,38,49,10,,
BPCL,4,53,10,,
BPCL,49,53,80,,
BPCL,5,53,10,,
MLBS,16,26,10,,
NRIC,47,28,100,,
NRIC,45,28,100,,
NRIC,33,28,150,,
SBL,28,56,75,,
ULI,1,34,10,,
HIDCL,34,58,10,,
UMHL,51,21,150,,
NIFRA,4,36,40,,
PFL,57,6,80,,
NHPC,25,51,400,,
TRH,25,42,35,,
NLIC,6,35,14,,
EDBL,56,58,40,,
EDBL,22,58,50,,
JBBL,38,35,300,,
SINDU,6,22,250,,
MLBS,28,26,10,,
SAHAS,49,46,10,,
SLI,59,21,10,,
ICFC,20,50,100,,
BOKL,48,6,20,,
BOKL,25,6,80,,
GBIME,1,49,461,,
GBIME,43,49,64,,
TRH,25,35,100,,
CCBL,17,19,90,,
NLIC,6,49,14,,
NLIC,14,49,10,,
NLIC,46,49,10,,
NLIC,25,49,50,,
API,49,17,10,,
GBIME,43,45,65,,
SAHAS,49,10,10,,
MEGA,16,55,102,,
JBLB,26,29,10,,
ILBS,34,36,30,,
MLBS,28,26,10,,
HDHPC,40,20,150,,
HDHPC,53,20,50,,
HDHPC,47,20,180,,
HDHPC,26,20,20,,
HDHPC,21,20,100,,
BOKL,25,29,20,,
BOKL,35,29,30,,
BOKL,35,42,20,,
CCBL,58,19,20,,
CCBL,34,19,40,,
CCBL,48,19,20,,
CCBL,48,19,10,,
CCBL,46,19,20,,
NABIL,58,47,10,,
SLBBL,55,38,15,,
SLBBL,6,38,15,,
GBBL,59,16,50,,
GLH,49,51,50,,
SRBL,22,28,80,,
HIDCL,25,58,50,,
HIDCL,38,58,100,,
NRIC,14,7,50,,
NRIC,14,42,40,,
NRIC,14,19,10,,
NUBL,17,16,50,,
BFC,4,17,50,,
JLI,11,36,20,,
MKJC,34,29,10,,
API,29,17,10,,
OHL,45,14,50,,
SHEL,32,21,10,,
PSF,49,58,400,,
NHDL,32,57,25,,
NTC,13,19,10,,
TPC,19,44,10,,
BOKL,21,45,75,,
BOKL,21,57,100,,
SFCL,46,42,39,,
SFCL,42,42,11,,
HIDCL,35,51,30,,
AKPL,59,43,100,,
NIFRA,32,49,50,,
AKJCL,41,21,20,,
OHL,45,57,30,,
AKJCL,48,58,50,,
RADHI,54,14,15,,
NRIC,17,20,16,,
NABIL,21,51,45,,
NABIL,58,10,90,,
NABIL,11,10,10,,
NTC,29,51,10,,
AKJCL,21,21,100,,
SHEL,32,26,10,,
JBLB,26,7,10,,
JLI,54,38,10,,
RMDC,58,45,44,,
RMDC,5,45,50,,
NIFRA,42,38,50,,
NHPC,4,46,100,,
NMB,58,29,11,,
SAHAS,3,1,410,,
RLFL,34,49,750,,
RLFL,5,49,300,,
NICLBSL,59,49,10,,
CGH,36,41,200,,
MBL,41,34,300,,
MBL,1,34,300,,
MBL,13,34,20,,
MBL,42,34,20,,
MBL,58,34,20,,
UMRH,28,19,10,,
RADHI,44,56,11,,
RADHI,7,56,50,,
RADHI,25,56,50,,
RADHI,45,56,15,,
RADHI,32,56,80,,
NRN,48,56,10,,
MNBBL,45,49,14,,
MNBBL,58,49,10,,
MNBBL,5,49,100,,
MNBBL,35,49,400,,
MNBBL,50,49,10,,
MNBBL,54,49,50,,
MNBBL,44,49,500,,
UPCL,21,43,125,,
MNBBL,44,49,126,,
MNBBL,41,49,40,,
CHDC,44,26,10,,
MERO,54,48,10,,
BOKL,38,1,50,,
NTC,53,39,29,,
NTC,49,39,21,,
SMFBS,55,20,14,,
SLI,59,58,10,,
MEGA,16,19,20,,
MKLB,34,57,10,,
JBLB,26,56,10,,
JBLB,58,13,10,,
SADBL,28,14,700,,
SFCL,58,49,25,,
CGH,18,41,100,,
CGH,17,41,20,,
CGH,45,41,10,,
UPCL,21,37,150,,
SCB,47,48,25,,
SCB,47,48,10,,
NUBL,34,16,50,,
SLI,38,44,10,,
NICA,43,44,200,,
RHPL,51,19,10,,
GBIME,33,7,175,,
NTC,49,19,20,,
UPPER,58,45,10,,
API,59,17,47,,
SIC,D01,44,200,,
SIC,55,44,100,,
SIC,25,44,100,,
GBIME,43,29,171,,
TPC,19,16,10,,
NICA,13,43,400,,
API,59,55,68,,
NHPC,34,29,500,,
EBL,32,33,250,,
EBL,16,33,50,,
GLICL,59,41,100,,
SAHAS,51,1,10,,
SAHAS,21,1,10,,
DDBL,44,56,40,,
ICFC,20,22,100,,
SMB,36,20,11,,
CBL,50,45,300,,
RHPL,58,14,25,,
NABIL,39,51,30,,
PLI,1,19,10,,
MBL,58,52,378,,
MLBL,28,10,400,,
CBBL,21,57,60,,
CBBL,56,57,40,,
CBBL,14,57,50,,
LBBL,28,39,100,,
SHINE,32,37,50,,
SHINE,36,37,750,,
NTC,59,45,1090,,
NTC,59,58,20,,
NTC,59,28,10,,
NTC,59,16,400,,
HPPL,38,49,10,,
SCB,49,48,50,,
JLI,54,1,10,,
NIFRA,42,29,110,,
HDHPC,34,20,250,,
HDHPC,37,20,100,,
HDHPC,55,20,100,,
HDHPC,45,20,100,,
HDHPC,52,20,100,,
HDHPC,58,20,15,,
HDHPC,55,20,100,,
HDHPC,42,20,115,,
HDHPC,22,20,100,,
HDHPC,38,20,200,,
HDHPC,20,20,500,,
HDHPC,22,20,30,,
HDHPC,7,20,200,,
HDHPC,25,20,250,,
HDHPC,26,20,100,,
HDHPC,34,20,50,,
HDHPC,34,20,2000,,
HDHPC,52,20,100,,
HDHPC,38,20,200,,
HDHPC,3,20,10,,
HDHPC,7,20,20,,
HDHPC,42,20,360,,
UPPER,58,38,104,,
UPPER,16,38,30,,
SAHAS,21,49,10,,
UPPER,16,38,66,,
SAHAS,21,7,10,,
SAHAS,21,49,10,,
MKJC,34,32,490,,
CGH,45,41,20,,
CGH,16,41,10,,
CGH,16,41,270,,
SSHL,57,41,50,,
AHPC,58,38,100,,
CBL,58,35,100,,
MKJC,58,48,10,,
HIDCL,57,7,123,,
NTC,29,28,10,,
HDHPC,48,56,180,,
NIFRA,32,58,40,,
MLBS,50,7,10,,
UIC,41,59,40,,
SAHAS,21,7,90,,
SAHAS,39,7,210,,
NICL,3,37,140,,
NICL,3,57,50,,
NICL,3,28,20,,
PRVU,41,32,40,,
CBBL,48,48,30,,
AKJCL,57,21,44,,
CBL,6,45,100,,
CBL,6,51,300,,
CBL,6,57,50,,
CBL,6,57,50,,
AIL,38,47,10,,
BOKL,38,45,30,,
NICA,13,43,1000,,
NICA,49,43,100,,
UNHPL,57,34,100,,
SAHAS,39,55,10,,
SHEL,32,56,10,,
SFCL,28,34,500,,
SFCL,28,34,500,,
HIDCL,22,49,325,,
NICLBSL,41,47,10,,
UPPER,16,57,55,,
UPPER,16,6,50,,
UPPER,16,54,129,,
ICFC,20,50,100,,
JLI,54,7,10,,
MNBBL,45,45,100,,
SPDL,34,51,150,,
RLFL,34,34,100,,
GLH,49,58,10,,
NICA,53,49,39,,
SLI,33,25,10,,
AHPC,42,44,20,,
HIDCL,49,51,20,,
HIDCL,35,51,100,,
MLBSL,52,57,10,,
MLBSL,6,57,10,,
SHINE,36,56,250,,
SLI,33,16,10,,
SRD80,28,52,13,,
SRD80,18,52,12,,
HDHPC,3,56,10,,
HDHPC,29,56,150,,
HDHPC,39,56,100,,
HDHPC,21,56,560,,
SAHAS,39,57,10,,
NABBC,48,45,80,,
NABBC,51,45,150,,
NABBC,45,45,20,,
NABBC,39,45,50,,
GBBL,25,17,11,,
SJCL,13,36,60,,
SJCL,55,36,40,,
SAHAS,39,44,50,,
UPPER,38,49,50,,
SAHAS,39,48,10,,
SAHAS,39,58,10,,
KBL,42,34,47,,
CHDC,44,38,10,,
CBBL,45,48,35,,
SAHAS,39,49,10,,
NIFRA,42,19,60,,
SHPC,51,33,80,,
GBIME,42,29,300,,
GBIME,35,29,218,,
GBIME,51,29,19,,
GBIME,38,29,30,,
GBIME,22,29,112,,
GBIME,41,29,100,,
GBIME,1,29,50,,
NHPC,6,56,50,,
SLI,33,58,30,,
AKPL,51,43,100,,
AKPL,57,43,200,,
AKPL,55,43,106,,
NTC,49,17,59,,
NTC,53,17,50,,
NTC,45,17,20,,
NTC,34,17,10,,
NTC,59,17,451,,
NHPC,52,50,500,,
NHPC,25,50,100,,
SAHAS,39,14,10,,
HIDCL,38,51,20,,
GLH,49,21,10,,
EIC,58,40,24,,
HIDCL,50,51,50,,
NTC,59,20,10,,
GIC,39,7,10,,
NTC,59,28,20,,
SRBL,33,28,25,,
NABIL,22,47,260,,
SLI,33,19,10,,
AKJCL,58,17,20,,
SANIMA,6,48,30,,
SANIMA,4,48,10,,
SANIMA,53,48,35,,
SHEL,32,16,10,,
UPPER,51,21,10,,
PPCL,13,44,20,,
SHPC,5,50,140,,
NCCB,42,47,20,,
HDHPC,21,32,40,,
HDHPC,38,32,200,,
HDHPC,45,32,30,,
HDHPC,29,32,100,,
HDHPC,55,32,100,,
HDHPC,7,32,180,,
HDHPC,33,32,50,,
NICLBSL,59,19,10,,
BOKL,48,57,18,,
BOKL,34,57,32,,
KBL,42,17,53,,
MEGA,16,56,52,,
MEGA,7,56,10,,
MEGA,19,56,200,,
MEGA,38,56,200,,
MEGA,28,56,380,,
MEGA,28,56,28,,
MEGA,1,56,115,,
MEGA,50,56,70,,
ADBL,36,46,11,,
NHPC,19,56,100,,
UNHPL,34,51,10,,
LEC,25,3,10,,
LEC,32,3,90,,
SHIVM,38,49,30,,
SHIVM,17,49,20,,
NHPC,38,56,100,,
SFCL,42,49,50,,
SFCL,4,49,20,,
SFCL,7,49,10,,
SFCL,58,49,501,,
CHL,48,42,205,,
JLI,54,25,10,,
HIDCL,22,43,100,,
HIDCL,6,43,30,,
HIDCL,21,43,50,,
HIDCL,58,43,20,,
HIDCL,32,43,200,,
HIDCL,50,43,50,,
HIDCL,26,43,50,,
NTC,47,47,100,,
GUFL,28,54,40,,
SANIMA,53,50,65,,
GUFL,36,54,10,,
SANIMA,43,50,35,,
MLBS,28,26,10,,
PCBL,21,19,10,,
ULI,21,58,10,,
NABIL,54,47,20,,
AKPL,53,40,20,,
SAHAS,39,16,10,,
NHDL,32,49,58,,
NHDL,42,49,88,,
NHDL,41,49,55,,
NHDL,5,49,50,,
HIDCL,59,51,30,,
API,54,58,20,,
HPPL,34,19,10,,
GBIME,58,29,47,,
GBIME,55,29,13,,
GBIME,59,29,70,,
SLI,33,58,10,,
SAHAS,39,58,10,,
SANIMA,43,58,485,,
SANIMA,38,58,15,,
KBL,10,17,50,,
MEGA,50,38,30,,
MEGA,41,38,60,,
MEGA,58,38,10,,
BARUN,54,49,11,,
LEC,32,56,10,,
API,59,7,39,,
NMFBS,42,49,27,,
NMFBS,6,49,10,,
GBIME,59,52,30,,
NIFRA,4,14,50,,
BOKL,38,6,100,,
AKJCL,57,42,17,,
HIDCL,49,51,100,,
JBBL,11,50,180,,
NRIC,45,42,10,,
NRIC,45,22,40,,
SAHAS,39,32,10,,
HIDCL,58,51,12,,
HIDCL,7,51,10,,
HIDCL,22,51,50,,
HIDCL,58,51,100,,
HIDCL,45,51,50,,
HIDCL,58,51,60,,
HIDCL,36,51,400,,
HIDCL,37,51,20,,
BFC,42,57,100,,
BFC,42,48,50,,
DHPL,4,54,61,,
DHPL,4,49,139,,
CHL,47,42,100,,
API,59,48,46,,
API,42,48,30,,
API,39,48,24,,
SLICL,41,50,200,,
SLICL,17,50,30,,
SLICL,6,50,89,,
SLICL,50,50,65,,
STC,44,5,10,,
SPDL,42,47,110,,
LBBL,28,49,100,,
AKPL,53,40,10,,
SFCL,58,38,90,,
UMRH,40,49,570,,
UMRH,35,49,90,,
AKPL,55,49,94,,
AKPL,50,49,15,,
AKPL,41,49,15,,
NICA,28,43,672,,
NICA,48,43,115,,
NICA,59,43,1000,,
NICA,28,43,1000,,
NICA,21,43,100,,
NICA,49,43,413,,
NICA,17,43,700,,
GBIME,43,7,106,,
BARUN,54,17,130,,
BARUN,58,17,20,,
BARUN,5,17,100,,
BARUN,6,17,50,,
NBB,7,11,200,,
ULI,1,58,10,,
SGI,58,58,10,,
SFCL,58,44,409,,
SHEL,55,49,10,,
SFCL,28,44,33,,
EIC,58,58,60,,
AHPC,42,44,35,,
AHPC,42,42,215,,
SDLBSL,58,38,11,,
SDLBSL,19,38,17,,
NBB,16,21,400,,
USLB,1,53,10,,
NABIL,41,56,20,,
SAHAS,39,34,10,,
HIDCL,34,4,175,,
GIC,5,21,30,,
SLI,33,28,10,,
MLBL,28,20,200,,
NUBL,45,36,26,,
NUBL,59,36,20,,
NUBL,50,36,12,,
NUBL,1,36,50,,
NUBL,29,36,85,,
SAHAS,39,46,10,,
NIFRA,4,25,10,,
NIFRA,52,25,40,,
GBLBS,58,7,28,,
GHL,1,21,10,,
SJCL,6,50,110,,
SJCL,6,34,40,,
SDLBSL,19,20,11,,
PMHPL,35,33,53,,
PMHPL,35,59,17,,
SLI,33,58,10,,
KSBBL,51,53,150,,
ICFC,50,50,75,,
NHPC,28,56,500,,
NHPC,25,56,55,,
NHPC,39,56,10,,
TRH,25,52,50,,
KKHC,50,58,10,,
NUBL,1,49,270,,
LBBL,58,55,20,,
LBBL,58,37,50,,
LBBL,58,54,20,,
CBBL,22,48,20,,
KSBBL,21,21,50,,
MLBS,28,34,10,,
NRIC,17,16,55,,
SFCL,28,42,200,,
MLBL,57,20,100,,
MLBL,52,20,400,,
NIL,42,55,25,,
ALICL,7,8,200,,
MLBS,28,32,10,,
MLBL,52,45,100,,
MLBL,52,45,250,,
MLBL,56,45,50,,
NUBL,48,49,30,,
NUBL,48,49,70,,
SPDL,42,42,183,,
CZBIL,13,57,300,,
CZBIL,13,48,346,,
MPFL,26,48,10,,
SHINE,32,28,208,,
SHINE,48,28,200,,
NIFRA,52,44,60,,
NIFRA,8,44,10,,
NIFRA,7,44,50,,
NIFRA,32,44,100,,
NIFRA,41,44,330,,
UPPER,51,36,50,,
NIFRA,21,25,265,,
HDL,28,55,50,,
NUBL,57,49,50,,
NUBL,57,21,50,,
HIDCL,37,34,64,,
MLBS,34,44,10,,
HIDCL,35,4,200,,
NIBLPF,14,58,645,,
NUBL,29,56,25,,
LEC,32,58,100,,
AKPL,43,40,251,,
AKPL,43,35,10,,
AKPL,43,57,105,,
AKPL,43,45,41,,
AKPL,43,49,93,,
ICFC,45,45,50,,
SABSL,58,20,12,,
HDHPC,7,51,220,,
NLIC,57,1,200,,
NLIC,44,1,100,,
UPPER,47,54,20,,
PCBL,51,19,10,,
SIFC,21,17,100,,
KSBBL,14,6,110,,
KSBBL,14,14,40,,
KSBBL,14,51,40,,
MKJC,34,51,10,,
HDL,26,57,20,,
HPPL,34,3,37,,
HPPL,52,3,63,,
HPPL,7,3,100,,
LLBS,17,35,11,,
ACLBSL,42,49,10,,
UPPER,50,54,500,,
NLICL,48,36,20,,
SFCL,28,42,267,,
SLI,33,42,10,,
SFCL,32,42,33,,
AHPC,21,42,40,,
NABIL,16,47,10,,
AKPL,43,45,500,,
RHPL,25,38,222,,
RHPL,45,38,200,,
RHPL,26,38,60,,
HDHPC,6,51,80,,
HDHPC,6,10,100,,
HDHPC,6,41,70,,
UNHPL,34,38,30,,
AKJCL,57,42,150,,
NIFRA,41,51,30,,
AKPL,41,19,35,,
AKPL,56,19,15,,
SANIMA,38,58,10,,
SPDL,20,47,552,,
BOKL,38,16,80,,
NUBL,29,36,90,,
NUBL,28,36,10,,
API,39,44,46,,
GBIME,58,46,20,,
MKJC,34,58,10,,
RLI,45,20,10,,
AKPL,43,45,350,,
AKPL,43,36,150,,
SAHAS,39,4,10,,
BNT,57,28,10,,
UPCL,18,33,71,,
HDHPC,16,41,30,,
NBL,53,50,36,,
NBL,53,45,10,,
NLBBL,36,44,87,,
NLBBL,54,44,15,,
NLBBL,19,44,51,,
NLBBL,17,44,30,,
SANIMA,39,58,84,,
SANIMA,39,28,316,,
HGI,48,14,15,,
HGI,48,29,15,,
HGI,48,43,20,,
UMHL,38,52,105,,
UMHL,21,52,120,,
UMHL,45,52,50,,
UMHL,21,52,50,,
UMHL,57,52,20,,
UMHL,44,52,500,,
UMHL,38,52,150,,
UMHL,38,52,209,,
UMHL,51,52,36,,
SANIMA,43,39,480,,
SANIMA,33,39,20,,
NICL,58,37,350,,
NICL,58,38,25,,
NICL,14,38,25,,
NIL,32,57,10,,
RSDC,57,22,100,,
RSDC,57,58,63,,
NIFRA,28,25,135,,
NIFRA,28,52,70,,
NIFRA,28,58,10,,
NIFRA,28,46,60,,
NIFRA,28,38,125,,
MLBSL,57,25,10,,
LLBS,47,35,11,,
RADHI,32,43,20,,
UPPER,19,54,100,,
NLIC,43,36,10,,
NLIC,39,36,10,,
SHINE,1,29,134,,
KSBBL,51,44,50,,
SMFDB,42,21,25,,
DHPL,49,49,293,,
DHPL,49,58,232,,
DDBL,42,47,20,,
AKJCL,57,47,100,,
CBL,47,45,500,,
CBL,40,45,131,,
PCBL,45,19,100,,
AKJCL,19,42,100,,
NTC,59,47,19,,
NIFRA,41,48,400,,
NUBL,28,21,30,,
NUBL,51,49,150,,
NRIC,35,29,16,,
NICA,49,42,567,,
MNBBL,44,49,374,,
NICA,38,42,100,,
MNBBL,28,49,200,,
NICA,34,42,500,,
MNBBL,21,49,37,,
NICA,21,42,30,,
MNBBL,57,49,500,,
NICA,42,42,10,,
MNBBL,50,49,89,,
NICA,26,42,200,,
MNBBL,35,49,100,,
NICA,57,42,10,,
MNBBL,45,49,50,,
NICA,11,42,15,,
MNBBL,1,49,50,,
NICA,17,42,45,,
NICA,58,42,10,,
NICA,49,42,13,,
UPPER,16,54,300,,
GBIME,58,29,30,,
GBIME,58,29,500,,
GBIME,35,29,50,,
GBIME,45,29,100,,
GBIME,28,29,10,,
GBIME,41,29,120,,
GBIME,35,29,50,,
GBIME,51,29,100,,
GBIME,13,29,50,,
GBIME,36,29,100,,
GBIME,37,29,100,,
GBIME,51,29,20,,
GBIME,58,29,250,,
GBIME,34,29,500,,
GBIME,42,29,20,,
SPDL,54,47,148,,
PFL,22,20,29,,
SAHAS,36,21,10,,
UPCL,21,41,55,,
BOKL,53,6,116,,
SLBSL,19,49,13,,
SLBSL,57,26,10,,
ADBL,58,57,20,,
PICLPO,4,28,80000,,
PMHPL,11,49,365,,
PMHPL,11,49,85,,
PMHPL,54,49,250,,
PMHPL,22,49,50,,
CHCL,7,1,33,,
CHCL,7,41,39,,
KBL,10,36,50,,
HIDCL,58,4,10,,
NABIL,8,47,50,,
SLI,58,58,10,,
MPFL,26,57,50,,
MPFL,26,58,20,,
MPFL,26,51,50,,
NBB,7,39,200,,
TPC,32,58,10,,
SLI,58,48,10,,
NICA,6,49,10,,
NBB,35,21,195,,
NUBL,34,32,1,,
MHNL,26,42,28,,
NABIL,58,47,200,,
SHEL,55,57,30,,
NICA,49,56,42,,
NICA,42,56,13,,
UPPER,52,54,225,,
UPPER,52,50,275,,
GBIME,7,7,30,,
API,39,48,30,,
NIFRA,45,38,50,,
NIFRA,46,38,100,,
NABBC,39,6,50,,
UPPER,51,6,34,,
SAHAS,36,38,70,,
HIDCL,38,4,700,,
NUBL,28,39,460,,
NUBL,28,39,40,,
PSF,49,58,100,,
HDHPC,16,7,70,,
SAHAS,36,58,10,,
SAHAS,36,58,10,,
UNHPL,34,41,60,,
PCBL,51,19,20,,
SHINE,51,29,666,,
MMFDB,47,38,50,,
CBBL,59,33,37,,
MMFDB,52,35,18,,
UPPER,19,38,30,,
NABIL,38,47,10,,
NIL,32,39,18,,
NIL,32,29,100,,
NIL,32,45,38,,
UPPER,19,49,40,,
NIFRA,43,38,100,,
NRIC,17,29,71,,
GBIME,4,7,20,,
NRN,48,20,10,,
NIFRA,41,38,50,,
UPPER,19,38,490,,
ULI,1,58,10,,
MBL,58,28,22,,
MHNL,34,42,5000,,
MHNL,38,42,50,,
MLBS,50,44,10,,
GBIME,54,7,50,,
GBIME,42,7,20,,
GBIME,52,7,50,,
GBIME,49,7,24,,
HIDCL,37,41,15,,
HIDCL,45,41,35,,
GBIME,45,25,20,,
GBIME,45,5,77,,
NBB,35,50,40,,
NBB,49,50,50,,
NBB,48,50,200,,
NBB,34,50,313,,
NBB,48,50,200,,
NBB,58,50,200,,
NLICL,37,6,50,,
NLICL,34,6,200,,
HIDCL,7,4,10,,
SSHL,57,58,100,,
DDBL,58,47,40,,
UNHPL,57,45,50,,
CFCL,45,33,300,,
JBLB,6,50,10,,
ICFC,50,35,75,,
NUBL,1,49,200,,
NUBL,58,49,20,,
NUBL,1,49,10,,
SAHAS,39,48,10,,
MBL,58,17,10,,
GFCL,49,44,200,,
GFCL,58,44,200,,
HIDCL,7,34,100,,
MBL,58,58,10,,
PROFL,34,47,186,,
PROFL,34,34,200,,
PROFL,34,43,84,,
PROFL,34,51,30,,
KKHC,57,58,100,,
KPCL,36,33,100,,
RHPL,26,29,70,,
SLI,58,17,10,,
SMFBS,55,42,201,,
SMFBS,55,42,49,,
NBB,58,8,200,,
HDHPC,51,20,100,,
HDHPC,55,20,100,,
HDHPC,54,20,100,,
HDHPC,29,20,100,,
HDHPC,22,20,50,,
HDHPC,57,20,50,,
HDHPC,3,20,10,,
HDHPC,26,20,100,,
HDHPC,21,20,85,,
HDHPC,33,20,300,,
ICFC,50,21,15,,
NUBL,1,49,140,,
NBL,58,4,100,,
PFL,22,54,50,,
MEGA,41,41,90,,
MEGA,41,14,10,,
KMCDB,42,38,10,,
CZBIL,58,50,178,,
CZBIL,47,50,200,,
UPPER,19,39,100,,
MHNL,33,42,100,,
MHNL,28,42,1500,,
MHNL,45,42,150,,
MHNL,44,42,100,,
MHNL,36,42,315,,
MHNL,34,42,200,,
MHNL,34,42,200,,
MHNL,44,42,100,,
MHNL,45,42,3000,,
MHNL,57,42,100,,
MHNL,25,42,100,,
MHNL,43,42,107,,
NHPC,38,5,100,,
NICGF,4,44,500,,
HIDCL,45,28,65,,
UMRH,49,49,80,,
NMB,58,20,17,,
NUBL,1,49,150,,
AKJCL,57,42,300,,
SHPC,4,33,15,,
SHPC,45,33,130,,
NUBL,7,59,95,,
NIFRA,41,38,25,,
UNHPL,34,41,200,,
FMDBL,46,35,36,,
PCBL,17,19,32,,
KBL,38,34,50,,
BOKL,53,36,25,,
JLI,44,36,10,,
BOKL,49,36,20,,
API,13,48,150,,
MBL,58,56,80,,
MBL,34,56,60,,
MLBS,50,49,10,,
SABSL,58,42,500,,
SAHAS,3,14,10,,
HDHPC,14,10,100,,
NABIL,21,47,100,,
HDHPC,21,7,340,,
HDHPC,44,7,100,,
HDHPC,33,7,100,,
HDHPC,6,7,100,,
HDHPC,3,7,10,,
HDHPC,40,7,250,,
HIDCL,6,4,50,,
HIDCL,58,4,400,,
HIDCL,36,4,50,,
EBL,53,33,50,,
NHPC,25,34,180,,
NHPC,34,34,100,,
NHPC,28,34,1935,,
NHPC,58,34,190,,
NHPC,39,34,10,,
NHPC,45,34,85,,
API,35,48,20,,
SAHAS,3,58,100,,
NRIC,37,41,100,,
MHNL,28,42,100,,
MHNL,26,42,100,,
MHNL,6,42,50,,
MHNL,48,42,2000,,
MHNL,35,42,200,,
MHNL,28,42,100,,
MHNL,36,42,40,,
MHNL,42,42,10,,
MHNL,38,42,100,,
MHNL,34,42,40,,
MHNL,32,42,100,,
MHNL,36,42,300,,
MHNL,6,42,150,,
MHNL,18,42,300,,
MHNL,6,42,10,,
MHNL,21,42,150,,
MHNL,50,42,500,,
MHNL,19,42,86,,
MHNL,7,42,1000,,
MHNL,41,42,250,,
MHNL,21,42,100,,
MHNL,21,42,100,,
AHPC,7,50,69,,
AHPC,11,50,10,,
AHPC,45,50,200,,
AHPC,38,50,50,,
AHPC,58,50,32,,
MHNL,43,42,193,,
MHNL,34,42,500,,
MHNL,56,42,200,,
MHNL,41,42,500,,
MHNL,20,42,600,,
MHNL,44,42,500,,
MHNL,14,42,500,,
MHNL,38,42,30,,
MHNL,45,42,500,,
MHNL,49,42,1000,,
MHNL,28,42,100,,
MHNL,26,42,100,,
MHNL,6,42,50,,
MHNL,57,42,200,,
MHNL,47,42,100,,
MHNL,35,42,500,,
MHNL,56,42,200,,
JFL,41,52,50,,
MHNL,1,42,3000,,
MHNL,37,42,120,,
MHNL,58,42,300,,
MHNL,45,42,100,,
MHNL,55,42,200,,
MHNL,57,42,2000,,
MHNL,39,42,25,,
MHNL,42,42,100,,
MHNL,58,42,100,,
MHNL,36,42,397,,
MHNL,52,42,50,,
MHNL,42,42,10,,
MHNL,34,42,100,,
MHNL,34,42,200,,
MHNL,38,42,10,,
MHNL,4,42,600,,
MHNL,34,42,200,,
MHNL,51,42,10,,
MHNL,46,42,100,,
MHNL,57,42,39,,
MHNL,35,42,30,,
MHNL,41,42,500,,
MHNL,1,42,50,,
MHNL,49,42,200,,
NIFRA,41,20,50,,
SICL,57,44,13,,
SICL,16,44,45,,
SICL,26,44,70,,
MMF1,33,58,100,,
MMF1,33,49,100,,
SCB,40,36,60,,
SCB,36,36,90,,
SCB,58,36,50,,
NUBL,47,59,20,,
NIFRA,47,38,50,,
PROFL,42,41,90,,
KBL,44,8,150,,
KBL,55,8,50,,
CBL,40,45,44,,
CBL,28,45,460,,
SFCL,32,50,100,,
NIFRA,41,48,50,,
BNT,59,21,100,,
NIFRA,8,38,10,,
SHINE,51,40,254,,
RADHI,14,54,21,,
KKHC,33,58,15,,
SAHAS,34,58,10,,
SABSL,34,50,10,,
NCCB,42,44,50,,
HIDCL,58,4,10,,
PLI,54,58,10,,
NIFRA,41,10,90,,
NBL,58,55,20,,
RLFL,34,34,20,,
LGIL,7,44,20,,
MLBSL,57,26,50,,
NICLBSL,59,20,10,,
AIL,28,50,560,,
NBB,48,36,200,,
NABIL,45,47,100,,
PCBL,42,19,29,,
PMHPL,22,21,100,,
MLBS,50,41,10,,
JFL,4,52,50,,
NABIL,28,47,25,,
SGI,50,45,10,,
SAHAS,3,49,10,,
CFCL,34,33,10,,
CFCL,34,57,70,,
TRH,25,58,15,,
CBBL,41,44,20,,
LBBL,43,54,10,,
LBBL,43,50,90,,
LBBL,28,20,171,,
LBBL,28,20,500,,
NBF2,21,32,500,,
MFIL,52,42,235,,
MFIL,39,42,100,,
MFIL,19,42,100,,
MFIL,49,42,50,,
MFIL,19,42,25,,
MFIL,45,42,200,,
MFIL,39,42,100,,
MFIL,28,42,100,,
MFIL,57,42,80,,
MFIL,48,42,100,,
MFIL,21,42,20,,
MFIL,38,42,50,,
MFIL,49,42,50,,
MFIL,39,42,10,,
MFIL,16,42,200,,
MFIL,35,42,20,,
MFIL,17,42,50,,
MFIL,54,42,50,,
MFIL,32,42,10,,
MFIL,21,42,50,,
MFIL,22,42,20,,
MFIL,55,42,300,,
MFIL,35,42,20,,
MFIL,35,42,20,,
MFIL,35,42,40,,
SCB,58,56,50,,
SLI,58,47,10,,
NIFRA,1,38,40,,
NUBL,51,59,40,,
NUBL,14,59,85,,
NUBL,36,59,10,,
PFL,41,49,100,,
CIT,25,36,20,,
SHEL,32,29,10,,
NIFRA,16,48,60,,
CBBL,41,50,10,,
NABIL,45,47,20,,
ADBL,36,50,15,,
ADBL,48,50,128,,
ADBL,58,50,30,,
SAHAS,3,7,10,,
NIL,22,29,200,,
MEN,49,20,10,,
ULI,13,56,10,,
API,35,44,20,,
SAHAS,21,42,10,,
SJCL,13,49,10,,
DHPL,4,49,10,,
RHPL,26,17,10,,
RHPL,26,58,160,,
NIBSF2,42,58,200,,
NGPL,44,42,31,,
SKBBL,46,43,30,,
NLIC,1,17,30,,
NLIC,1,16,40,,
FOWAD,58,42,30,,
FOWAD,13,42,20,,
FOWAD,39,42,10,,
FOWAD,45,42,20,,
FOWAD,55,42,30,,
FOWAD,55,42,100,,
FOWAD,41,42,100,,
FOWAD,58,42,20,,
FOWAD,35,42,50,,
FOWAD,21,42,50,,
FOWAD,4,42,50,,
FOWAD,34,42,20,,
BFC,16,45,25,,
NUBL,1,49,100,,
PRIN,13,53,297,,
PRIN,22,53,100,,
PRIN,45,53,103,,
SLI,58,10,10,,
HDHPC,40,20,100,,
HDHPC,58,20,100,,
HDHPC,32,20,300,,
NFS,56,55,20,,
RLI,45,28,10,,
GBIME,49,35,20,,
NUBL,19,49,10,,
CBL,28,13,40,,
HIDCL,26,4,100,,
UPPER,1,58,72,,
CBBL,4,50,20,,
MNBBL,50,44,10,,
MNBBL,25,44,10,,
LBBL,14,37,50,,
AKPL,50,45,85,,
SGI,50,49,10,,
UPPER,1,25,28,,
UPPER,19,25,22,,
DDBL,21,45,10,,
SAHAS,21,10,10,,
NIFRA,16,7,40,,
NIFRA,49,7,20,,
SAPDBL,32,54,30,,
SAPDBL,32,54,90,,
SAHAS,21,47,10,,
NIFRA,38,38,20,,
BOKL,16,16,20,,
BOKL,16,26,180,,
SHEL,32,58,10,,
UMHL,51,44,200,,
RHPL,57,58,40,,
RSDC,49,58,21,,
NUBL,59,49,100,,
KPCL,32,21,10,,
RMDC,10,52,50,,
RMDC,38,52,50,,
JBLB,34,45,10,,
AKPL,26,42,304,,
AKPL,52,42,20,,
AKPL,22,42,10,,
AKPL,3,42,20,,
AKPL,50,42,60,,
AKPL,55,42,86,,
HIDCL,49,4,63,,
SBL,19,57,184,,
SBL,19,21,316,,
SLI,58,48,10,,
NRN,48,53,10,,
UPPER,19,44,20,,
NIFRA,19,10,10,,
NBL,58,44,400,,
NBL,58,45,124,,
NHPC,45,52,200,,
NHPC,45,14,40,,
NHPC,45,34,575,,
SBI,58,49,25,,
RURU,25,49,10,,
NMFBS,42,33,20,,
CHDC,44,21,10,,
CHL,34,42,45,,
NABIL,55,47,50,,
NABIL,48,47,21,,
SHINE,51,42,80,,
EDBL,45,20,200,,
NUBL,40,38,26,,
AIL,21,53,10,,
AIL,55,53,50,,
ULI,13,47,10,,
BFC,53,45,10,,
NUBL,40,49,107,,
NUBL,14,51,15,,
RLFL,28,41,100,,
JBLB,34,10,10,,
HDL,53,56,14,,
CGH,16,56,100,,
SCB,42,48,100,,
NUBL,58,49,26,,
RSDC,57,49,94,,
NGPL,35,42,500,,
NGPL,37,42,500,,
NGPL,42,42,30,,
NGPL,33,42,10,,
NGPL,45,42,100,,
NGPL,47,42,50,,
NGPL,49,42,200,,
NGPL,43,42,100,,
NGPL,14,42,25,,
NGPL,57,42,20,,
NGPL,43,42,200,,
NGPL,55,42,200,,
NGPL,52,42,10,,
NGPL,51,42,24,,
UPPER,57,50,25,,
AKPL,55,55,20,,
RLI,45,53,10,,
API,1,58,20,,
SAHAS,3,44,10,,
SJCL,7,50,10,,
SJCL,26,50,20,,
SJCL,57,50,200,,
SAHAS,3,34,10,,
CBBL,58,50,20,,
LBBL,58,22,242,,
LBBL,58,11,28,,
ALBSL,25,47,75,,
CCBL,58,40,10,,
NBL,58,58,20,,
MNBBL,50,20,401,,
MNBBL,35,20,25,,
MNBBL,6,20,100,,
GLH,49,10,10,,
PPCL,13,21,80,,
PPCL,53,21,20,,
GBIME,58,35,95,,
NUBL,59,49,100,,
NTC,38,17,805,,
NTC,26,17,10,,
NTC,53,17,100,,
NTC,54,17,135,,
NTC,57,17,250,,
NTC,44,17,10,,
NTC,59,17,500,,
NTC,14,17,10,,
NTC,26,17,10,,
NTC,38,17,170,,
AKJCL,57,51,119,,
NGPL,51,42,76,,
NGPL,43,42,500,,
NGPL,38,42,440,,
NGPL,39,42,10,,
NGPL,34,42,26,,
NGPL,16,42,100,,
NGPL,28,42,48,,
NICLBSL,59,42,10,,
AHPC,6,42,60,,
RSDC,41,49,10,,
SBL,19,16,500,,
JLI,54,58,10,,
UPCL,56,7,100,,
GLH,49,53,10,,
NGPL,28,45,52,,
SFCL,32,42,250,,
MERO,49,6,90,,
MERO,45,6,10,,
NUBL,49,49,40,,
NIFRA,49,38,70,,
ULI,47,20,10,,
AKJCL,57,42,270,,
NLIC,46,17,10,,
CGH,16,56,600,,
NUBL,8,49,50,,
UMHL,44,44,100,,
AHPC,58,45,140,,
HIDCL,45,4,145,,
AHPC,21,45,50,,
SGI,50,6,10,,
API,28,58,200,,
TPC,32,22,10,,
RLI,45,49,10,,
NHPC,57,17,10,,
NHPC,57,50,190,,
MLBL,13,45,400,,
SRBL,51,44,34,,
NUBL,49,49,50,,
NUBL,38,49,10,,
NUBL,45,49,150,,
NUBL,7,49,10,,
NUBL,55,49,35,,
NUBL,57,49,10,,
NUBL,59,49,10,,
NUBL,29,49,100,,
NUBL,50,49,50,,
NUBL,28,49,50,,
NUBL,21,49,40,,
NUBL,49,49,50,,
NUBL,45,49,112,,
SAHAS,3,8,10,,
ULI,47,19,10,,
SHEL,48,20,10,,
SPDL,54,47,67,,
SPDL,58,47,50,,
SPDL,35,47,200,,
SPDL,57,47,83,,
SPDL,32,47,100,,
NMB,13,45,88,,
KPCL,26,21,39,,
GRDBL,4,28,10,,
UPPER,19,36,30,,
HIDCL,48,4,380,,
HIDCL,21,13,62,,
UPPER,59,36,300,,
HDHPC,21,55,40,,
TRH,43,45,200,,
TRH,29,45,50,,
RHPL,25,49,40,,
NGPL,29,42,30,,
GBBL,14,41,10,,
JFL,58,16,21,,
NUBL,28,49,16,,
API,35,58,50,,
API,28,58,200,,
RLFL,51,41,60,,
RLFL,51,11,10,,
RLFL,51,1,30,,
NLIC,45,17,10,,
NLG,21,21,100,,
ALICL,59,41,100,,
ALICL,13,41,10,,
CHDC,17,56,10,,
NGPL,45,42,100,,
NGPL,21,42,50,,
NGPL,6,42,100,,
NGPL,26,42,200,,
NGPL,47,42,120,,
NGPL,29,42,200,,
NGPL,14,42,200,,
NGPL,13,42,10,,
NGPL,41,42,100,,
NGPL,14,42,25,,
NGPL,28,42,288,,
NGPL,28,42,500,,
NGPL,48,42,100,,
NGPL,58,42,21,,
NGPL,59,42,10,,
NGPL,13,42,10,,
NGPL,28,42,346,,
NGPL,58,42,50,,
NGPL,59,42,100,,
NGPL,54,42,72,,
PLI,54,20,10,,
HIDCL,21,13,10,,
KKHC,57,8,100,,
SLI,58,19,10,,
HIDCL,21,38,491,,
HIDCL,39,38,10,,
MLBSL,57,1,30,,
MLBSL,6,1,10,,
NIFRA,22,38,10,,
IGI,38,25,39,,
AKJCL,41,42,200,,
AKJCL,57,42,30,,
AKJCL,36,42,500,,
SAHAS,3,17,10,,
NUBL,35,49,36,,
NUBL,41,49,50,,
NUBL,58,49,20,,
NUBL,42,49,102,,
NUBL,38,49,100,,
NUBL,58,49,2000,,
NUBL,58,49,100,,
NUBL,45,49,100,,
NUBL,49,49,155,,
NUBL,10,49,30,,
NUBL,36,49,10,,
NUBL,22,49,50,,
NUBL,6,49,50,,
NUBL,32,49,13,,
EIC,59,41,55,,
MDB,52,35,35,,
TPC,21,41,10,,
SLI,58,38,10,,
NRN,48,35,10,,
NABIL,48,55,10,,
NABIL,48,51,19,,
TPC,32,19,10,,
MLBSL,56,1,10,,
MLBSL,22,1,50,,
NIFRA,22,20,20,,
SAHAS,58,14,10,,
NIFRA,19,46,25,,
NIFRA,35,46,25,,
NIFRA,4,46,100,,
NIFRA,4,46,60,,
NIFRA,57,46,10,,
NIFRA,14,46,200,,
PLI,54,19,10,,
MFIL,10,38,10,,
SCB,47,35,50,,
GLH,49,35,10,,
SCB,47,47,30,,
SPDL,57,42,17,,
SPDL,58,42,183,,
SAHAS,58,48,10,,
SAHAS,58,58,10,,
NIFRA,38,20,10,,
NIFRA,45,20,30,,
MLBS,28,41,10,,
MDB,58,42,50,,
NIFRA,49,45,20,,
NIFRA,49,25,10,,
SBI,38,14,1907,,
SBI,38,21,155,,
SBI,38,3,10,,
SBI,38,35,212,,
SBI,38,8,116,,
HIDCL,38,21,100,,
SFCL,32,16,75,,
JBLB,17,25,10,,
CBBL,42,38,40,,
CGH,16,48,30,,
API,35,42,25,,
API,57,42,30,,
API,45,42,360,,
GBIME,22,35,106,,
HDL,11,45,10,,
HDL,21,45,20,,
HDL,21,45,10,,
NLIC,58,17,250,,
AKJCL,57,42,400,,
SAHAS,58,16,10,,
ULI,47,38,10,,
NLIC,58,17,124,,
NICLBSL,59,20,10,,
MMF1,16,6,500,,
MMF1,50,6,1000,,
EIC,49,41,105,,
EIC,41,41,40,,
NABIL,35,51,50,,
NABIL,44,51,31,,
NLIC,28,21,50,,
CBBL,56,55,10,,
NBL,58,45,100,,
MLBSL,16,6,10,,
ULI,47,56,10,,
NTC,53,45,60,,
NTC,53,14,40,,
SBI,38,8,884,,
SBI,38,45,500,,
SBI,38,8,1000,,
SBI,38,41,200,,
SBI,38,43,264,,
SBI,38,21,117,,
SBI,38,36,35,,
MFIL,42,34,50,,
MFIL,43,34,23,,
MFIL,54,34,35,,
CHDC,45,34,10,,
AHPC,58,42,328,,
AHPC,14,42,2000,,
AHPC,33,42,900,,
AHPC,22,42,50,,
AHPC,18,42,200,,
AHPC,43,42,50,,
AHPC,25,42,100,,
AHPC,17,42,20,,
AHPC,49,42,352,,
CGH,29,48,20,,
SADBL,8,59,50,,
NLIC,58,21,20,,
NLIC,58,59,106,,
ICFC,5,41,31,,
SLI,58,35,10,,
SLI,58,8,10,,
NRIC,17,29,13,,
NRIC,17,7,10,,
SAHAS,58,53,10,,
SFCL,58,16,25,,
NRN,48,13,10,,
LEC,17,20,10,,
SLI,59,38,10,,
PRVU,20,49,190,,
PRVU,43,49,20,,
RLI,45,53,10,,
RLI,45,47,10,,
NICL,32,55,20,,
LBBL,28,49,10,,
UMHL,51,44,14,,
KBL,29,34,500,,
JBBL,38,32,27,,
GBIME,58,35,10,,
NABIL,48,58,20,,
NABIL,48,58,10,,
NABIL,48,45,20,,
NBF3,32,6,1205,,
NBF3,58,6,595,,
NBF3,29,6,700,,
NTC,38,49,30,,
NTC,45,49,10,,
PFL,8,49,20,,
SADBL,43,59,50,,
TPC,32,49,10,,
RADHI,14,41,14,,
RADHI,14,48,436,,
MLBS,28,21,10,,
BARUN,55,42,200,,
NIFRA,58,25,40,,
NHPC,28,39,65,,
NHPC,50,39,35,,
NIFRA,58,19,60,,
JBLB,40,14,10,,
GIC,39,20,10,,
NEF,1,11,1586,,
SGI,16,10,10,,
NMB,49,51,50,,
GBIME,58,35,30,,
GBIME,34,35,30,,
NICA,36,44,10,,
NMB,33,45,82,,
NRIC,17,49,77,,
UPCL,56,36,20,,
HDHPC,21,20,535,,
HDHPC,28,20,100,,
HDHPC,36,20,400,,
HDHPC,57,20,150,,
HDHPC,34,20,150,,
HDHPC,34,20,10,,
HDHPC,28,20,455,,
HDHPC,32,20,200,,
NABIL,35,45,30,,
SLICL,50,21,35,,
JLI,44,7,10,,
LEC,45,36,100,,
LEC,57,36,50,,
LEC,1,36,100,,
LEC,45,36,80,,
SAHAS,3,35,10,,
CBBL,21,35,60,,
CBBL,6,35,20,,
HIDCL,7,58,50,,
PLI,56,10,10,,
NHPC,50,55,100,,
NHPC,50,53,365,,
NICLBSL,59,19,10,,
NRIC,41,49,190,,
NRIC,41,43,10,,
SHEL,55,21,20,,
UPCL,17,33,260,,
SHINE,57,45,80,,
KPCL,29,21,200,,
KPCL,44,21,50,,
KPCL,49,21,11,,
SJCL,57,21,20,,
SCB,53,47,70,,
SCB,53,17,150,,
SFCL,42,49,50,,
NIFRA,58,38,50,,
PRVU,51,38,300,,
PLI,56,49,10,,
LBBL,28,47,20,,
PLI,56,47,10,,
MMF1,47,6,500,,
MMF1,47,6,500,,
ALICL,42,32,120,,
AHPC,21,46,100,,
NIFRA,58,10,50,,
NUBL,32,45,37,,
PROFL,42,32,10,,
PROFL,42,32,100,,
NIFRA,58,58,50,,
TPC,32,35,10,,
CGH,29,20,10,,
AKJCL,57,58,20,,
HDHPC,28,20,4545,,
HDHPC,58,20,115,,
HDHPC,38,20,10,,
HDHPC,6,20,500,,
HDHPC,5,20,50,,
HDHPC,55,20,50,,
HDHPC,58,20,30,,
HDHPC,3,20,100,,
HDHPC,49,20,200,,
HDHPC,55,20,100,,
HDHPC,17,20,300,,
MKJC,10,28,50,,
SADBL,43,59,50,,
FOWAD,35,8,31,,
BOKL,4,38,100,,
RBCLPO,58,45,130,,
NIFRA,58,56,50,,
NIFRA,21,56,50,,
NIFRA,49,56,50,,
NICSF,11,56,100,,
SAHAS,48,16,10,,
HDL,38,55,10,,
NABIL,41,6,1,,
NABIL,21,6,16,,
NABIL,35,6,25,,
NABIL,49,6,15,,
NABIL,59,6,60,,
NABIL,59,6,26,,
NABIL,44,6,57,,
UPPER,42,36,50,,
NIFRA,7,52,44,,
PICL,55,45,30,,
GLH,49,38,10,,
ULI,17,50,10,,
MBL,34,59,30,,
MLBL,13,56,100,,
CBBL,35,35,20,,
NTC,48,14,60,,
HDL,6,55,10,,
HDL,45,55,20,,
SRBL,51,58,50,,
NBL,58,1,10,,
NBL,33,1,90,,
GBIME,33,14,100,,
NIL,49,29,10,,
JBBL,6,21,10,,
JBBL,57,21,10,,
AKJCL,57,42,50,,
JBBL,38,55,10,,
SHPC,45,59,100,,
PCBL,45,17,10,,
JLI,57,36,10,,
PRVU,43,35,80,,
PRVU,48,35,20,,
PLI,38,53,10,,
SLI,22,19,200,,
SLI,38,19,50,,
UPPER,38,36,20,,
MKLB,42,43,10,,
SHPC,45,50,70,,
HIDCL,21,58,312,,
JLI,51,56,10,,
NTC,48,8,10,,
UPPER,38,50,30,,
UPPER,44,50,20,,
CIT,35,42,35,,
CIT,3,42,10,,
CIT,40,42,47,,
CIT,37,42,10,,
CIT,45,42,20,,
CIT,25,42,30,,
CIT,47,42,18,,
CIT,35,42,10,,
CIT,13,42,10,,
CIT,47,42,24,,
CIT,52,42,100,,
CIT,21,42,10,,
CIT,35,42,50,,
CIT,47,42,10,,
CIT,17,42,200,,
CIT,58,42,10,,
CIT,1,42,10,,
CIT,19,42,100,,
CIT,22,42,10,,
CIT,3,42,100,,
CIT,22,42,10,,
CIT,54,42,20,,
CIT,49,42,30,,
CIT,6,42,100,,
CIT,25,42,50,,
CIT,42,42,10,,
CIT,58,42,10,,
CIT,3,42,40,,
CIT,3,42,100,,
CIT,17,42,110,,
CIT,41,42,20,,
CIT,32,42,10,,
CIT,1,42,50,,
CIT,14,42,10,,
CIT,11,42,10,,
CIT,11,42,10,,
CIT,16,42,50,,
CIT,14,42,10,,
CIT,28,42,20,,
CIT,8,42,16,,
SAHAS,19,16,50,,
SAHAS,41,16,40,,
HIDCL,58,58,26,,
SFCL,32,42,117,,
SFCL,46,42,500,,
SFCL,36,42,300,,
SFCL,28,42,300,,
SFCL,48,42,500,,
SFCL,41,42,50,,
SFCL,58,42,35,,
NFS,51,51,10,,
NFS,51,51,10,,
LBBL,28,25,200,,
AKJCL,56,42,33,,
NGPL,54,51,28,,
GHL,25,35,10,,
GHL,25,51,10,,
API,45,29,140,,
SAHAS,22,51,10,,
NICLBSL,59,17,45,,
NIFRA,7,56,20,,
HIDCL,48,46,620,,
HIDCL,58,46,20,,
HIDCL,40,46,300,,
HIDCL,29,46,150,,
HIDCL,44,46,50,,
HIDCL,47,46,60,,
SFCL,58,17,10,,
SFCL,58,49,30,,
EIC,43,33,50,,
AKPL,21,32,25,,
NUBL,48,45,20,,
NUBL,42,45,23,,
NUBL,41,45,20,,
MEGA,41,42,120,,
NLIC,5,59,80,,
NLIC,57,59,100,,
NLIC,36,59,214,,
EICPO,52,46,108,,
EICPO,4,46,15,,
EICPO,43,46,50,,
SGI,57,26,10,,
NRN,48,44,10,,
SLI,38,17,10,,
SRBL,41,16,40,,
SRBL,41,42,150,,
SRBL,41,17,10,,
SLI,38,14,10,,
AKPL,21,32,50,,
API,13,29,10,,
API,32,29,10,,
GHL,17,16,120,,
ULI,17,17,10,,
SSHL,57,58,150,,
SSHL,57,45,50,,
HIDCL,58,58,30,,
CHCL,28,17,10,,
MLBS,19,45,10,,
PLIC,58,35,18,,
GBIME,49,14,270,,
NIFRA,38,25,20,,
ULI,17,36,10,,
CFCL,14,51,150,,
PRIN,45,48,97,,
HDL,49,55,50,,
HDL,7,55,200,,
HDL,11,55,10,,
HDL,21,55,20,,
HDL,38,55,20,,
HDL,32,55,50,,
HDL,58,55,250,,
HDL,8,55,10,,
GLH,49,10,10,,
ULI,17,38,10,,
SWBBL,41,36,41,,
SWBBL,19,36,20,,
SWBBL,14,36,100,,
SWBBL,43,36,25,,
SWBBL,38,36,50,,
SWBBL,48,36,20,,
SWBBL,50,36,50,,
SWBBL,51,36,50,,
SWBBL,45,36,25,,
SWBBL,53,36,50,,
SWBBL,58,36,25,,
SWBBL,26,36,44,,
MKLB,42,43,10,,
GLH,49,48,10,,
GLH,49,58,10,,
RLI,29,26,10,,
NIFRA,7,56,10,,
HIDCL,58,58,32,,
HIDCL,58,42,268,,
PLIC,58,50,196,,
PLIC,16,50,30,,
PLIC,28,50,1000,,
PLIC,58,50,236,,
PLIC,47,50,100,,
HIDCL,14,42,50,,
API,19,29,554,,
NRIC,57,49,115,,
ADBL,48,50,50,,
GBBL,14,45,75,,
GBBL,28,45,50,,
GBBL,8,45,50,,
NLIC,36,18,722,,
NLIC,28,18,50,,
NLIC,21,18,150,,
NLIC,39,18,100,,
NLIC,32,18,400,,
LBBL,38,17,100,,
PMHPL,22,21,100,,
MEGA,34,28,500,,
HIDCL,47,51,40,,
HIDCL,51,51,10,,
UPCL,50,33,250,,
UPCL,58,33,490,,
SLI,38,56,10,,
SAHAS,22,28,10,,
LGIL,7,46,278,,
LGIL,57,46,50,,
LGIL,45,46,10,,
LGIL,45,46,50,,
LGIL,58,46,12,,
LGIL,45,46,20,,
SLI,38,58,10,,
NABIL,58,50,200,,
NABIL,58,49,100,,
NBB,34,49,50,,
NBB,34,5,50,,
NBB,34,42,87,,
SHIVM,4,29,21,,
AKPL,55,34,94,,
AKPL,59,34,15,,
AKPL,41,34,50,,
AKPL,38,34,58,,
NICLBSL,59,20,10,,
NFS,56,38,10,,
NUBL,42,45,11,,
JLI,43,34,10,,
NFS,51,39,85,,
JBBL,38,16,10,,
LBBL,50,11,60,,
MEGA,14,49,51,,
MEGA,14,13,349,,
MEGA,14,51,100,,
NUBL,6,45,25,,
NUBL,52,45,175,,
NUBL,29,45,100,,
NGPL,45,51,50,,
SGI,57,36,10,,
MLBL,35,55,500,,
KSBBL,3,52,500,,
GBBL,25,45,100,,
GIMES1,20,4,3060,,
MKLB,42,47,10,,
PLI,38,52,10,,
CFCL,45,51,300,,
UMHL,17,6,200,,
NGPL,34,51,50,,
KSBBL,32,52,200,,
JLI,43,26,10,,
CZBIL,58,57,110,,
RURU,45,22,10,,
NMB,49,17,10,,
GBIME,57,6,100,,
NABIL,44,35,23,,
NMB,49,1,34,,
CGH,29,49,10,,
NMB,49,20,68,,
PCBL,45,50,211,,
SLCF,25,58,100,,
KSBBL,19,52,200,,
AKPL,38,3,10,,
UPCL,39,3,70,,
SJCL,57,26,20,,
NABIL,44,21,20,,
MKJC,28,38,10,,
MKJC,28,3,10,,
MKJC,28,56,10,,
MKJC,28,7,10,,
MKJC,28,28,20,,
MKJC,28,42,10,,
MKJC,28,38,10,,
MKJC,28,53,10,,
MKJC,28,29,10,,
SBI,58,21,100,,
NHPC,32,53,100,,
NMFBS,40,33,10,,
HIDCL,29,42,400,,
PRVU,56,21,40,,
CBBL,35,52,80,,
SAHAS,22,38,10,,
CBBL,45,52,20,,
GIMES1,48,33,3000,,
GIMES1,20,33,2000,,
KSBBL,5,52,140,,
SLI,38,21,10,,
NIFRA,7,48,50,,
ICFC,5,28,10,,
ICFC,28,28,10,,
SAHAS,39,40,10,,
SAHAS,39,56,10,,
SAHAS,39,58,10,,
AKJCL,48,42,36,,
AKJCL,22,42,100,,
AKJCL,34,42,150,,
AKJCL,58,42,14,,
KPCL,57,35,200,,
KPCL,16,35,50,,
DHPL,41,28,100,,
DHPL,46,28,100,,
KSBBL,10,52,200,,
DDBL,14,45,30,,
UIC,48,59,95,,
MLBS,35,46,10,,
NMFBS,45,49,10,,
NMFBS,21,49,10,,
SLICL,5,38,10,,
NLIC,54,29,70,,
HIDCL,35,42,50,,
MLBS,35,50,10,,
ALBSL,25,58,25,,
RLI,29,44,10,,
AKPL,21,32,10,,
AKPL,43,32,15,,
SRBL,6,36,1286,,
API,17,29,400,,
HIDCL,38,42,100,,
NBF2,21,52,1000,,
NRN,48,36,50,,
NIFRA,7,38,50,,
API,19,21,38,,
API,19,54,45,,
HDHPC,59,20,1000,,
SLI,38,43,10,,
KSBBL,11,52,150,,
HIDCL,16,42,18,,
SLI,38,56,10,,
CZBIL,58,28,252,,
SAHAS,22,49,10,,
SAHAS,22,18,10,,
SLI,38,20,10,,
PROFL,20,45,20,,
RLI,29,36,10,,
SHEL,55,46,10,,
HDL,40,44,10,,
HIDCL,16,42,25,,
HIDCL,33,42,100,,
HIDCL,39,42,100,,
HIDCL,6,42,200,,
HIDCL,29,42,10,,
HIDCL,48,42,10,,
HIDCL,35,42,65,,
HIDCL,26,42,100,,
HIDCL,49,42,47,,
GBBL,54,45,75,,
GBBL,14,45,10,,
NICL,32,38,10,,
RURU,58,38,10,,
GIC,39,7,90,,
GIC,22,7,270,,
GIC,19,7,40,,
SWBBL,26,6,21,,
BFC,28,54,100,,
AKPL,21,40,90,,
BFC,35,54,50,,
AKPL,3,40,10,,
NMBMF,54,13,200,,
NMBMF,48,13,10,,
NMBMF,40,13,10,,
SCB,47,17,100,,
SCB,57,17,50,,
GBIME,21,28,68,,
GBIME,11,28,100,,
GBIME,58,28,617,,
GBIME,41,28,210,,
UPCL,39,49,50,,
HDHPC,49,20,100,,
HDHPC,14,20,100,,
HDHPC,45,20,1000,,
HDHPC,50,20,960,,
HDHPC,7,20,120,,
HDHPC,47,20,200,,
HDHPC,57,20,135,,
HDHPC,57,20,250,,
HDHPC,6,20,500,,
HDHPC,28,20,1000,,
HDHPC,58,20,100,,
HDHPC,6,20,400,,
HDHPC,53,20,100,,
HDHPC,4,20,100,,
HDHPC,22,20,150,,
HDHPC,34,20,100,,
HDHPC,28,20,500,,
HDHPC,3,20,20,,
HDHPC,21,20,1000,,
HDHPC,17,20,30,,
HDHPC,58,20,100,,
HDHPC,58,20,35,,
GBBL,43,28,50,,
GBBL,43,34,100,,
GBBL,43,39,50,,
API,50,54,20,,
MFIL,54,51,65,,
RSDC,41,42,30,,
NIFRA,7,58,60,,
LBBL,35,57,100,,
PLI,38,36,10,,
PCBL,45,56,300,,
NRIC,11,49,300,,
NRIC,3,49,10,,
NRIC,13,49,50,,
NRIC,57,49,50,,
NRIC,10,49,300,,
NRIC,41,49,13,,
NRIC,3,49,10,,
CORBL,47,38,50,,
NBB,59,36,25,,
LBBL,57,42,70,,
LBBL,26,42,100,,
LBBL,39,42,10,,
LBBL,25,42,20,,
SAHAS,54,50,10,,
PCBL,45,52,50,,
AKPL,25,45,109,,
AKPL,25,29,15,,
AKPL,25,56,48,,
AKPL,25,4,38,,
CFCL,41,51,50,,
SAHAS,19,18,10,,
MLBS,35,46,30,,
HIDCL,26,4,50,,
NICLBSL,17,42,20,,
NICL,32,37,900,,
SLICL,6,59,111,,
BPCL,4,48,11,,
NICLBSL,17,53,10,,
RHPL,25,41,30,,
BFC,4,54,450,,
BFC,19,54,400,,
MLBS,35,49,10,,
GLICL,45,38,10,,
GLICL,37,38,10,,
HDHPC,58,20,65,,
HDHPC,21,20,500,,
HDHPC,20,20,1000,,
HDHPC,3,20,20,,
HDHPC,28,20,415,,
NRN,48,36,10,,
SHINE,57,57,100,,
SHINE,57,58,320,,
KSBBL,58,52,10,,
AKPL,58,4,32,,
MKLB,39,17,10,,
SJCL,57,21,30,,
BBC,46,45,10,,
BBC,57,45,40,,
BPCL,4,43,100,,
BPCL,4,53,35,,
ULI,17,58,10,,
MDB,49,42,20,,
MDB,57,42,200,,
MDB,59,42,50,,
MDB,26,42,250,,
MDB,47,42,500,,
NTC,57,40,40,,
NTC,57,38,10,,
AHPC,49,45,62,,
NLIC,36,49,64,,
NLIC,41,49,30,,
NLIC,40,49,40,,
NLIC,43,49,100,,
NLIC,43,49,15,,
NLIC,3,49,10,,
NLIC,46,49,10,,
NLIC,57,49,15,,
UPPER,44,58,150,,
UPPER,44,17,330,,
SLI,38,10,10,,
MLBSL,16,49,10,,
CFCL,41,49,50,,
SSHL,25,45,150,,
HDHPC,42,25,48,,
NGPL,10,51,50,,
NIFRA,7,38,10,,
NIFRA,41,38,40,,
AHPC,49,13,86,,
NICA,43,44,10,,
NRN,48,53,10,,
SRBL,6,28,300,,
JLI,43,1,10,,
JBLB,57,28,10,,
NLBBL,54,13,160,,
NLBBL,52,13,10,,
NLBBL,28,13,200,,
NLBBL,36,13,30,,
JBLB,40,54,10,,
SLI,38,49,10,,
SLI,38,45,10,,
SLI,38,34,10,,
SLI,38,58,10,,
SLI,38,50,10,,
SLI,38,44,10,,
RADHI,19,48,64,,
NRIC,3,36,10,,
NRIC,28,36,10,,
NRIC,57,36,10,,
RURU,45,10,10,,
SHINE,7,28,190,,
SHINE,42,28,10,,
SHINE,58,28,100,,
ALICL,42,32,130,,
NTC,48,8,90,,
NTC,45,8,10,,
SLI,59,25,10,,
PFL,43,16,500,,
PFL,14,16,100,,
PFL,45,16,500,,
PFL,4,16,100,,
SAHAS,19,56,10,,
API,56,21,242,,
NABBC,32,55,85,,
HIDCL,44,4,300,,
KSBBL,46,52,100,,
EIC,5,33,100,,
EIC,14,33,65,,
EIC,10,33,500,,
EIC,32,33,1000,,
EIC,57,33,30,,
EIC,29,33,100,,
EIC,58,33,50,,
EIC,52,33,10,,
EIC,45,33,60,,
EIC,17,33,15,,
EIC,38,33,65,,
KKHC,6,8,50,,
KKHC,28,8,50,,
KKHC,57,8,100,,
SLI,59,44,10,,
PRIN,13,16,302,,
IGI,38,25,11,,
SAHAS,19,45,10,,
CGH,18,56,100,,
CGH,36,56,100,,
MDB,36,42,197,,
MDB,59,42,50,,
MDB,57,42,200,,
MDB,26,42,100,,
MDB,45,42,293,,
MDB,45,42,50,,
MDB,34,42,200,,
MDB,32,42,500,,
MDB,42,42,10,,
MDB,4,42,200,,
CFCL,14,38,90,,
CFCL,14,50,10,,
UMHL,44,45,104,,
RLI,29,53,10,,
JLI,43,38,10,,
NIFRA,41,20,20,,
NIFRA,22,20,30,,
RHPL,51,40,20,,
RHPL,47,40,60,,
NIFRA,22,49,50,,
MNBBL,35,20,20,,
NIFRA,22,10,20,,
NIFRA,45,10,40,,
HIDCL,58,4,10,,
PMHPL,22,33,500,,
HIDCL,49,11,53,,
HIDCL,44,11,100,,
HIDCL,33,11,647,,
HIDCL,38,11,200,,
CHDC,45,48,10,,
CGH,36,4,100,,
CGH,21,4,20,,
CGH,47,4,30,,
CGH,45,4,50,,
PROFL,22,26,99,,
MNBBL,45,49,960,,
MNBBL,39,49,100,,
MNBBL,21,49,50,,
MNBBL,39,49,400,,
MNBBL,32,49,10,,
MNBBL,58,49,500,,
MNBBL,42,49,20,,
MNBBL,45,49,300,,
ULI,17,58,10,,
MNBBL,38,49,500,,
MNBBL,53,49,10,,
MNBBL,57,49,250,,
SJCL,57,22,40,,
NIFRA,45,44,50,,
AHPC,49,35,15,,
SAHAS,19,32,10,,
SLI,59,58,10,,
SPDL,17,4,72,,
SBL,8,38,27,,
UMRH,49,53,10,,
IGI,38,37,39,,
CHDC,45,38,10,,
IGI,39,37,60,,
PCBL,47,19,100,,
GBBL,14,13,20,,
MLBL,35,20,300,,
MLBL,35,43,650,,
MLBL,35,17,50,,
AKPL,43,45,10,,
NHPC,42,53,35,,
NHPC,42,50,15,,
GBIME,57,14,120,,
GBIME,18,14,125,,
NBB,56,42,100,,
NUBL,6,45,100,,
MLBL,52,37,10,,
HDHPC,28,50,85,,
HDHPC,58,50,100,,
HDHPC,58,50,70,,
NIFRA,45,36,50,,
NICLBSL,17,49,10,,
JBLB,7,37,10,,
JSLBB,20,35,45,,
JLI,43,44,10,,
HIDCL,57,4,205,,
GIC,19,52,10,,
SWBBL,26,36,135,,
SWBBL,53,36,25,,
SWBBL,38,36,50,,
SWBBL,21,36,10,,
SWBBL,34,36,80,,
SWBBL,43,36,25,,
SWBBL,48,36,100,,
SWBBL,42,36,50,,
SWBBL,50,36,25,,
ICFC,25,28,100,,
ULI,17,22,10,,
RLI,18,42,10,,
JFL,46,16,20,,
JFL,25,16,100,,
MLBS,35,42,10,,
HIDCL,33,19,953,,
HIDCL,47,19,100,,
HIDCL,34,19,100,,
HIDCL,35,19,235,,
HIDCL,43,19,12,,
HIDCL,32,19,200,,
PLI,38,53,10,,
RADHI,44,21,10,,
UPPER,16,19,20,,
SPDL,38,4,40,,
SPDL,47,4,50,,
SPDL,8,4,50,,
SPDL,59,4,18,,
SPDL,28,4,30,,
SPDL,22,4,50,,
SPDL,38,4,100,,
SPDL,58,4,50,,
SPDL,25,4,50,,
SPDL,57,4,50,,
SPDL,54,4,400,,
SPDL,25,4,50,,
AHPC,21,35,100,,
AHPC,38,35,50,,
NIFRA,45,1,60,,
SBLD84,45,35,25,,
NUBL,52,45,50,,
NBB,59,39,16,,
ULI,47,47,10,,
AKPL,43,8,15,,
PROFL,20,16,500,,
CORBL,47,29,30,,
CORBL,47,17,20,,
CORBL,47,49,10,,
CORBL,47,34,50,,
CGH,47,44,10,,
NICL,11,37,100,,
MNBBL,57,20,25,,
NIFRA,49,25,227,,
NFS,50,11,10,,
NABBC,33,55,115,,
JBBL,36,42,649,,
JBBL,42,42,50,,
JBBL,37,42,100,,
JBBL,52,42,500,,
JBBL,6,42,50,,
JBBL,45,42,100,,
JBBL,17,42,50,,
JBBL,56,42,50,,
JBBL,35,42,10,,
JBBL,22,42,100,,
JBBL,38,42,96,,
JBBL,55,42,100,,
JBBL,35,42,100,,
JBBL,49,42,1000,,
JBBL,1,42,200,,
JBBL,22,42,500,,
JBBL,17,42,1000,,
JBBL,28,42,10,,
JBBL,32,42,103,,
JBBL,5,42,100,,
JBBL,57,42,50,,
JBBL,32,42,1000,,
JBBL,35,42,1000,,
JBBL,38,42,500,,
JBBL,50,42,50,,
JBBL,21,42,100,,
JBBL,51,42,120,,
JBBL,47,42,25,,
JBBL,21,42,100,,
JBBL,42,42,100,,
JBBL,38,42,100,,
JBBL,6,42,200,,
JBBL,14,42,100,,
JBBL,5,42,10,,
JBBL,39,42,100,,
JBBL,22,42,125,,
JBBL,43,42,100,,
JBBL,13,42,500,,
JBBL,14,42,50,,
JBBL,38,42,20,,
JBBL,47,42,50,,
JBBL,49,42,60,,
JBBL,17,42,50,,
JBBL,11,42,40,,
JBBL,42,42,300,,
JBBL,32,42,45,,
JBBL,5,42,500,,
JBBL,1,42,30,,
JBBL,4,42,80,,
JBBL,35,42,10,,
JBBL,22,42,900,,
JBBL,57,42,100,,
JBBL,21,42,200,,
JBBL,29,42,100,,
JBBL,35,42,500,,
JBBL,14,42,300,,
JBBL,34,42,200,,
JBBL,1,42,18,,
JBBL,20,42,20,,
JBBL,13,42,20,,
JBBL,41,42,50,,
JBBL,58,42,100,,
JBBL,20,42,600,,
JBBL,8,42,10,,
JBBL,56,42,10,,
JBBL,22,42,50,,
JBBL,4,42,10,,
JBBL,43,42,395,,
JBBL,22,42,361,,
JBBL,48,42,500,,
JBBL,48,42,200,,
JBBL,49,42,100,,
JBBL,48,42,200,,
NLG,49,29,40,,
JBBL,21,42,50,,
JBBL,38,42,25,,
JBBL,18,42,40,,
JBBL,47,42,700,,
JBBL,49,42,24,,
JBBL,28,42,200,,
NICLBSL,17,36,10,,
SDLBSL,19,1,10,,
JBBL,41,34,100,,
JBBL,58,42,50,,
JBBL,1,42,200,,
JBBL,14,42,40,,
ALICL,42,32,50,,
NMB,26,25,10,,
TPC,32,22,10,,
NGPL,58,51,10,,
JBBL,40,33,50,,
JBBL,11,33,50,,
NMB,14,51,17,,
NMB,14,29,289,,
TPC,32,57,10,,
SAHAS,39,21,10,,
HDL,6,38,200,,
HDL,50,38,10,,
HDL,26,38,10,,
HDL,48,38,10,,
SLI,59,51,10,,
UPPER,6,17,60,,
UPPER,6,50,40,,
CGH,47,48,10,,
SBI,58,28,114,,
SBI,4,28,300,,
ULI,17,38,10,,
SLICL,5,38,10,,
NUBL,42,58,25,,
MMF1,47,56,100,,
API,34,8,86,,
API,41,8,14,,
GIMES1,57,4,1000,,
NIFRA,45,38,50,,
GBIME,58,35,214,,
GBIME,34,35,42,,
MNBBL,19,20,50,,
SHPC,45,42,200,,
HIDCL,58,4,10,,
NCCB,50,32,10,,
SFCL,54,49,50,,
SAHAS,39,35,10,,
PIC,13,33,10,,
JFL,32,16,220,,
SJCL,57,14,40,,
SJCL,57,49,20,,
SJCL,57,58,20,,
SJCL,57,6,40,,
SJCL,57,29,40,,
SJCL,57,51,30,,
KBL,53,34,230,,
KSBBL,3,42,20,,
KSBBL,49,42,100,,
KSBBL,43,42,100,,
KSBBL,D01,42,1000,,
KSBBL,D01,42,769,,
KSBBL,59,42,50,,
NIFRA,46,25,40,,
JLI,48,58,11,,
RMDC,10,56,50,,
PROFL,20,45,387,,
PROFL,39,45,18,,
SHINE,28,34,570,,
CGH,51,38,10,,
NLG,49,59,50,,
PRVU,20,56,10,,
PRVU,42,56,240,,
PRVU,53,56,150,,
SPDL,25,42,17,,
HIDCL,43,48,12,,
ULI,17,45,10,,
HIDCL,42,4,20,,
NFS,50,41,100,,
NUBL,58,45,11,,
JLI,44,26,10,,
MLBSL,52,38,10,,
MLBSL,1,38,56,,
CGH,34,53,20,,
RLI,6,50,10,,
NBB,59,28,267,,
NUBL,42,21,80,,
SHPC,54,35,50,,
SHPC,54,43,150,,
SPDL,25,54,50,,
AHPC,20,50,50,,
ICFC,51,21,30,,
API,6,21,170,,
NLIC,57,48,85,,
GBIME,58,14,80,,
SHINE,28,34,430,,
SHINE,28,58,20,,
SHINE,28,5,50,,
SLI,59,38,10,,
SHPC,54,42,200,,
SHPC,57,42,100,,
RHPL,13,49,70,,
KKHC,44,58,200,,
KKHC,50,58,10,,
KKHC,50,58,10,,
KKHC,50,58,10,,
KKHC,22,58,44,,
KSBBL,43,42,100,,
KSBBL,33,42,50,,
KSBBL,45,42,500,,
KSBBL,14,42,40,,
KSBBL,45,42,200,,
KSBBL,4,42,20,,
KSBBL,6,42,100,,
KSBBL,49,42,30,,
KSBBL,36,42,500,,
KSBBL,7,42,20,,
KSBBL,14,42,40,,
KSBBL,45,42,50,,
KSBBL,51,42,250,,
KSBBL,45,42,50,,
KSBBL,32,42,60,,
KSBBL,11,42,50,,
KSBBL,34,42,50,,
KSBBL,36,42,50,,
KSBBL,34,42,25,,
KSBBL,55,42,200,,
KSBBL,58,42,50,,
KSBBL,1,42,3000,,
UMHL,14,45,1000,,
SHPC,34,34,60,,
HIDCL,43,35,26,,
KSBBL,D01,42,231,,
KSBBL,49,42,100,,
KSBBL,36,42,200,,
KSBBL,4,42,200,,
KSBBL,49,42,100,,
KSBBL,37,42,20,,
KSBBL,39,42,50,,
KSBBL,50,42,50,,
KSBBL,45,42,245,,
KSBBL,46,42,20,,
KSBBL,18,42,140,,
KSBBL,35,42,100,,
KSBBL,45,42,50,,
KSBBL,34,42,100,,
KSBBL,11,42,50,,
KSBBL,57,42,100,,
KSBBL,58,42,50,,
KSBBL,38,42,50,,
KSBBL,34,42,50,,
KSBBL,5,42,500,,
KSBBL,45,42,50,,
KSBBL,42,42,300,,
KSBBL,34,42,100,,
KSBBL,19,42,20,,
KSBBL,49,42,350,,
KSBBL,14,42,250,,
KSBBL,34,42,100,,
KSBBL,37,42,100,,
KSBBL,19,42,10,,
KSBBL,34,42,20,,
KSBBL,22,42,25,,
KSBBL,54,42,100,,
KSBBL,6,42,200,,
KSBBL,53,42,240,,
KSBBL,28,42,100,,
KSBBL,1,42,340,,
KSBBL,29,42,100,,
KSBBL,22,42,20,,
KSBBL,43,42,500,,
KSBBL,56,42,100,,
KSBBL,32,42,120,,
KSBBL,35,42,50,,
KSBBL,34,42,100,,
KSBBL,1,42,50,,
KSBBL,14,42,200,,
KSBBL,43,42,100,,
KSBBL,57,42,50,,
KSBBL,57,42,150,,
KSBBL,42,42,100,,
KSBBL,34,42,300,,
KSBBL,21,42,450,,
KSBBL,49,42,400,,
KSBBL,20,42,50,,
KSBBL,4,42,150,,
KSBBL,54,42,100,,
KSBBL,17,42,200,,
KSBBL,29,42,50,,
KSBBL,45,42,1000,,
KSBBL,49,42,500,,
KSBBL,29,42,50,,
KSBBL,28,42,100,,
KSBBL,20,42,1000,,
KSBBL,34,42,30,,
KSBBL,57,42,100,,
KSBBL,37,42,10,,
KSBBL,36,42,46,,
KSBBL,21,42,100,,
KSBBL,11,42,100,,
KSBBL,5,42,200,,
KSBBL,34,42,100,,
KSBBL,38,42,200,,
KSBBL,1,42,50,,
KSBBL,34,42,50,,
KSBBL,53,42,50,,
KSBBL,34,42,100,,
KSBBL,13,42,50,,
KSBBL,39,42,100,,
KSBBL,34,42,100,,
KSBBL,57,42,30,,
KSBBL,42,42,50,,
KSBBL,58,42,50,,
KSBBL,14,42,1000,,
KSBBL,1,42,141,,
KSBBL,38,42,50,,
KSBBL,49,42,50,,
KSBBL,41,42,100,,
KSBBL,59,42,20,,
KSBBL,22,42,10,,
KSBBL,41,42,15,,
KSBBL,42,42,10,,
KSBBL,28,42,300,,
KSBBL,58,42,20,,
KSBBL,7,42,200,,
KSBBL,52,42,32,,
KSBBL,45,42,100,,
KSBBL,32,42,300,,
NIFRA,45,44,250,,
ULI,17,44,10,,
KBL,55,49,50,,
KBL,17,49,200,,
GIC,22,36,10,,
SLI,59,6,10,,
CCBL,16,20,15,,
MLBL,48,43,350,,
NABIL,59,49,34,,
NABIL,49,49,49,,
NABIL,22,49,37,,
NABIL,25,49,45,,
API,6,34,34,,
API,32,34,16,,
AKPL,28,8,95,,
ILBS,16,49,18,,
NIBSF2,49,17,200,,
API,21,29,941,,
API,21,29,50,,
UMRH,49,10,10,,
NICGF,4,52,1500,,
PRVU,53,56,10,,
NIFRA,14,44,250,,
NIFRA,14,32,50,,
ULI,17,51,10,,
NMB,56,45,200,,
SADBL,3,42,335,,
SADBL,42,42,500,,
SADBL,1,42,100,,
SADBL,32,42,100,,
SADBL,17,42,1000,,
SADBL,34,42,20,,
SADBL,45,42,2000,,
SADBL,48,42,1000,,
SADBL,58,42,150,,
SADBL,28,42,500,,
SADBL,53,42,100,,
SADBL,20,42,500,,
SADBL,52,42,10,,
SJCL,26,42,40,,
SADBL,38,42,185,,
NIL,22,55,68,,
NICL,33,38,10,,
NIFRA,13,38,55,,
HIDCL,35,52,765,,
HIDCL,34,52,25,,
HIDCL,57,52,200,,
HIDCL,35,52,10,,
UMHL,14,45,386,,
UMHL,14,32,614,,
GBIME,42,14,30,,
NUBL,6,21,20,,
HIDCL,53,4,100,,
GBIME,49,41,10,,
ULI,17,10,10,,
HDL,45,55,15,,
HDL,13,55,10,,
HDL,34,55,10,,
HDL,52,55,100,,
HDL,45,55,10,,
HDL,21,55,50,,
HDL,58,55,17,,
HDL,33,55,10,,
HDL,14,55,50,,
HDL,14,55,50,,
HDL,55,55,20,,
GBLBS,52,10,40,,
CIT,56,56,10,,
SAHAS,19,45,10,,
CZBIL,58,44,200,,
PLI,32,44,10,,
CCBL,58,41,41,,
CHCL,28,35,45,,
NIFRA,13,25,50,,
KMCDB,10,49,10,,
GBIME,49,14,10,,
HIDCL,21,4,815,,
HIDCL,21,11,170,,
HIDCL,21,7,15,,
MLBS,35,55,10,,
TPC,32,10,10,,
MLBL,39,39,43,,
MLBL,39,45,50,,
MLBL,39,34,20,,
MLBL,39,48,87,,
RADHI,25,58,10,,
NIFRA,19,32,50,,
NRIC,40,38,20,,
NRIC,40,57,20,,
NIFRA,13,58,50,,
NIFRA,47,58,10,,
ALBSL,10,8,12,,
NGPL,58,16,40,,
NGPL,43,16,20,,
MERO,38,42,40,,
MERO,38,34,10,,
ICFC,22,21,320,,
NIFRA,47,44,50,,
JBLB,45,44,10,,
UMHL,42,50,50,,
GLH,25,38,10,,
HDHPC,58,41,30,,
HDHPC,3,41,10,,
HDHPC,14,41,20,,
API,21,4,59,,
SADBL,38,42,315,,
SADBL,6,42,300,,
SADBL,45,42,50,,
SADBL,57,42,500,,
SADBL,34,42,300,,
SADBL,25,42,40,,
SADBL,22,42,50,,
SADBL,1,42,50,,
SADBL,58,42,515,,
SADBL,49,42,20,,
SADBL,28,42,10,,
SADBL,32,42,500,,
SADBL,42,42,50,,
SADBL,32,42,500,,
SADBL,32,42,500,,
SADBL,14,42,300,,
ULI,17,28,10,,
TPC,32,53,10,,
SHPC,34,29,40,,
NUBL,6,45,20,,
GIC,22,38,20,,
ULI,17,57,30,,
ULI,45,57,450,,
ADBL,48,58,10,,
NRN,33,16,10,,
HPPL,52,49,10,,
API,21,21,100,,
NHPC,32,34,1000,,
SJCL,26,25,40,,
LBBL,25,39,30,,
HIDCL,21,7,145,,
PSF,49,17,200,,
EBL,54,33,50,,
JBLB,33,7,10,,
CGH,51,44,10,,
NIFRA,47,10,10,,
NIBSF1,25,21,4500,,
MLBL,58,48,100,,
NICLBSL,59,28,10,,
HIDCL,21,3,30,,
SAHAS,39,58,10,,
ICFC,22,49,45,,
NRIC,40,25,10,,
GBIME,42,14,150,,
SLI,3,35,10,,
MLBS,35,35,10,,
SAHAS,33,33,10,,
SAHAS,33,57,10,,
SAHAS,33,34,10,,
SAHAS,33,57,10,,
SAHAS,33,54,10,,
NIFRA,47,48,30,,
HIDCL,34,11,50,,
GILB,34,37,70,,
ULI,45,47,10,,
ULI,45,1,10,,
ULI,45,46,10,,
ULI,45,49,10,,
ULI,45,38,10,,
GIMES1,34,4,940,,
UPPER,10,33,392,,
UPPER,50,33,150,,
UPPER,51,33,111,,
UPPER,11,33,30,,
UPPER,57,33,200,,
UPPER,35,33,100,,
UPPER,58,33,232,,
UPPER,34,33,200,,
UPPER,36,33,80,,
UPPER,3,33,20,,
UPPER,44,33,50,,
UPPER,45,33,10,,
UPCL,58,57,188,,
EIC,38,49,100,,
KBL,53,34,134,,
KBL,53,33,420,,
KBL,53,48,350,,
KBL,53,1,40,,
SADBL,57,42,500,,
SADBL,32,42,1000,,
SADBL,32,42,500,,
SADBL,57,42,400,,
SADBL,32,42,300,,
SADBL,59,42,100,,
SADBL,48,42,100,,
AKPL,8,39,50,,
NCCB,26,38,50,,
HIDCL,58,11,170,,
SAHAS,39,37,40,,
FOWAD,34,38,30,,
LEC,34,26,50,,
NLIC,22,29,50,,
HIDCL,21,49,125,,
HIDCL,41,49,200,,
SPDL,25,58,33,,
HIDCL,58,11,10,,
KEF,11,46,2000,,
JLI,11,10,10,,
NUBL,41,45,300,,
HIDCL,46,11,600,,
SANIMA,56,58,200,,
ULI,17,6,10,,
GBIME,16,14,500,,
CHDC,45,52,10,,
PFL,56,49,50,,
UPPER,45,8,40,,
NHPC,59,34,1000,,
NHPC,19,34,200,,
NHPC,52,34,10,,
NHPC,18,34,100,,
NHPC,38,34,50,,
NHPC,59,34,65,,
API,32,21,34,,
API,53,21,316,,
SADBL,32,59,198,,
SADBL,32,21,775,,
SADBL,32,40,700,,
SADBL,32,34,27,,
BPCL,28,53,35,,
BPCL,28,21,15,,
NUBL,47,45,10,,
RHPL,50,42,70,,
CHL,3,52,90,,
NIFRA,13,10,100,,
LBBL,38,38,170,,
SAHAS,39,17,10,,
KSBBL,51,51,10,,
JBBL,44,32,10,,
CBBL,56,38,10,,
CBBL,56,3,40,,
NLIC,58,34,15,,
SHEL,55,38,10,,
ULI,17,44,10,,
GBIME,35,14,28,,
JLI,58,25,10,,
NABIL,37,37,150,,
NABIL,56,37,50,,
NABIL,43,37,55,,
KEF,48,49,500,,
NABIL,58,37,38,,
NABIL,45,37,65,,
NABIL,48,37,15,,
NABIL,48,37,50,,
NABIL,45,37,20,,
NABIL,22,37,40,,
NLG,49,52,10,,
GIC,22,49,10,,
CBL,58,50,204,,
CBL,7,50,200,,
MLBS,35,21,10,,
TRH,43,42,200,,
UNHPL,14,41,340,,
SHL,57,1,100,,
SHL,41,26,340,,
GBIME,21,14,13,,
JLI,58,17,10,,
CZBIL,26,48,200,,
HDL,14,55,50,,
HDL,41,55,10,,
HDL,21,55,70,,
HDL,58,55,30,,
HDL,20,55,10,,
HDL,36,55,40,,
HDL,14,55,50,,
HDL,38,55,50,,
HDL,44,55,20,,
ULI,17,45,10,,
UIC,18,38,80,,
SCB,11,42,42,,
SCB,40,42,10,,
SCB,59,42,200,,
SCB,13,42,100,,
SCB,25,42,500,,
SCB,36,42,200,,
SCB,17,42,290,,
SCB,19,42,10,,
SCB,52,42,20,,
SCB,16,42,50,,
SCB,25,42,20,,
SCB,49,42,40,,
SCB,49,42,1000,,
SCB,44,42,100,,
SCB,34,42,40,,
SCB,7,42,10,,
SCB,49,42,10,,
SCB,36,42,100,,
SCB,42,42,20,,
SCB,42,42,10,,
SCB,45,42,20,,
SCB,19,42,50,,
SCB,53,42,33,,
SCB,58,42,20,,
SCB,11,42,50,,
SCB,16,42,15,,
SCB,14,42,100,,
HDHPC,14,45,480,,
HDHPC,3,45,20,,
NRIC,45,25,75,,
HDHPC,14,45,200,,
MLBSL,45,58,10,,
TPC,32,58,10,,
HDHPC,25,45,10,,
MLBSL,21,58,10,,
SCB,14,34,500,,
NUBL,47,38,40,,
MKJC,10,41,10,,
NIFRA,13,21,60,,
CHL,42,25,100,,
MLBBL,14,32,86,,
NIFRA,13,38,25,,
NIFRA,48,38,25,,
MLBS,21,17,10,,
PLI,32,44,10,,
SAHAS,58,16,10,,
NTC,38,21,20,,
NTC,38,38,10,,
MEGA,28,28,121,,
MEGA,28,1,100,,
MLBL,58,48,13,,
PFL,48,49,200,,
CZBIL,46,44,100,,
CBBL,22,3,10,,
NHPC,25,49,265,,
MLBS,21,56,10,,
GHL,17,32,130,,
KSBBL,57,48,70,,
GLICL,37,36,190,,
ICFC,22,55,35,,
ICFC,22,51,100,,
KBL,17,34,300,,
KBL,38,34,200,,
NTC,48,38,40,,
SLI,17,19,30,,
SLI,42,19,50,,
SLI,45,19,100,,
SLI,55,19,70,,
SBLD84,45,35,25,,
NIFRA,13,44,50,,
GBIME,32,14,100,,
MLBBL,14,36,14,,
GUFL,36,53,180,,
GUFL,8,53,20,,
NABIL,45,49,125,,
JLI,58,38,10,,
MNBBL,7,49,64,,
MNBBL,8,49,100,,
MNBBL,4,49,40,,
MNBBL,59,49,60,,
MNBBL,35,49,50,,
MNBBL,25,49,500,,
MNBBL,19,49,10,,
MNBBL,49,49,100,,
MNBBL,53,49,20,,
MNBBL,53,49,100,,
MNBBL,38,49,100,,
MNBBL,14,49,142,,
MNBBL,40,49,300,,
MNBBL,49,49,101,,
MNBBL,36,49,100,,
MNBBL,35,49,100,,
MNBBL,38,49,180,,
MNBBL,58,49,100,,
MNBBL,34,49,518,,
MNBBL,57,49,15,,
SLI,55,6,10,,
SCB,14,17,150,,
API,53,28,105,,
API,53,58,79,,
SHEL,55,21,10,,
CCBL,16,44,100,,
PROFL,10,26,200,,
SLI,14,38,10,,
SCB,16,42,85,,
SCB,51,42,100,,
SCB,14,42,10,,
SCB,58,42,10,,
SCB,32,42,250,,
SCB,16,42,100,,
SCB,17,42,55,,
SCB,34,42,100,,
SCB,44,42,50,,
SCB,22,42,50,,
SCB,6,42,490,,
SCB,58,42,300,,
SCB,58,42,300,,
JLI,58,44,10,,
NHPC,50,49,235,,
SRBL,6,28,150,,
BARUN,10,39,100,,
SRBL,41,28,50,,
SAHAS,39,6,10,,
ILBS,36,44,12,,
SAHAS,39,8,10,,
ULI,17,47,10,,
NBL,D01,45,76,,
NBL,D01,53,74,,
NBL,D01,46,10,,
NBL,D01,16,2000,,
NBL,D01,51,20,,
NBL,D01,5,120,,
NBL,D01,33,875,,
NBL,D01,25,100,,
NBL,D01,21,225,,
GLH,49,16,10,,
SAHAS,54,39,10,,
SAHAS,54,32,10,,
SAHAS,54,4,103,,
SAHAS,54,54,10,,
SAHAS,54,16,10,,
SAHAS,54,46,10,,
SAHAS,54,34,10,,
ADBL,48,50,12,,
VLBS,38,57,40,,
VLBS,57,57,50,,
VLBS,43,57,50,,
VLBS,58,57,50,,
VLBS,46,57,10,,
SCB,51,17,100,,
PIC,39,46,29,,
SLI,14,46,10,,
NLIC,58,38,10,,
SIFC,3,34,200,,
NLICL,49,49,5000,,
NIFRA,50,48,30,,
NIFRA,50,35,20,,
LBBL,49,38,10,,
LBBL,32,38,500,,
MEGA,1,38,20,,
LBBL,32,38,65,,
NUBL,36,45,10,,
SPDL,59,58,367,,
CHCL,28,49,250,,
MEGA,28,44,21,,
SAHAS,39,34,10,,
SLI,14,38,10,,
AKJCL,58,29,10,,
AKJCL,51,29,90,,
NRIC,41,25,15,,
NICA,14,43,461,,
NICA,45,43,30,,
NICA,3,43,500,,
NICA,38,43,50,,
NICA,26,43,50,,
NICA,42,43,90,,
NICA,57,43,100,,
NICA,45,43,20,,
NICA,21,43,50,,
NICA,3,43,20,,
NICA,43,43,200,,
NICA,43,43,50,,
NICA,53,43,50,,
NICA,43,43,25,,
NICA,8,43,400,,
NICA,11,43,100,,
NICA,13,43,50,,
NICA,57,43,200,,
NICA,39,43,20,,
NICA,49,43,50,,
NICA,22,43,100,,
NICA,21,43,35,,
NICA,29,43,80,,
NICA,45,43,200,,
NICA,40,43,100,,
NICA,58,43,200,,
NICA,56,43,150,,
NICA,36,43,219,,
HDHPC,39,45,190,,
NICA,41,43,100,,
NICA,7,43,1000,,
NICA,43,43,200,,
NICA,39,43,50,,
NICA,48,43,50,,
CGH,21,40,20,,
SAHAS,39,16,10,,
EBL,41,33,50,,
HIDCL,34,4,20,,
API,21,58,73,,
API,21,29,127,,
LBBL,32,36,180,,
CZBIL,54,48,80,,
AKPL,50,41,46,,
NICL,49,44,74,,
AKJCL,49,42,100,,
ULI,47,21,10,,
SLI,14,58,10,,
NICA,28,17,393,,
NICA,28,58,20,,
NIFRA,58,35,40,,
SAHAS,38,41,10,,
JBLB,40,13,10,,
GBIME,58,14,30,,
DDBL,38,56,10,,
NIFRA,45,25,200,,
SADBL,45,34,100,,
API,49,29,10,,
NIFRA,58,38,60,,
API,38,29,25,,
HIDCL,7,4,10,,
HIDCL,46,4,15,,
HIDCL,29,4,52,,
HIDCL,57,4,200,,
HIDCL,49,4,300,,
HIDCL,54,4,70,,
HIDCL,34,4,10,,
HIDCL,18,4,50,,
HIDCL,25,4,10,,
HIDCL,44,4,100,,
HIDCL,14,4,1200,,
HIDCL,19,4,100,,
HIDCL,51,4,80,,
HIDCL,6,4,15,,
HIDCL,56,4,100,,
HIDCL,29,4,100,,
HIDCL,35,4,50,,
HIDCL,35,4,10,,
HIDCL,50,4,208,,
CGH,21,35,20,,
NLIC,6,29,100,,
NLIC,42,29,20,,
NBB,32,42,140,,
NBB,47,42,500,,
NBB,42,42,50,,
NBB,34,42,20,,
BPCL,45,21,10,,
NBB,32,42,300,,
NBB,5,42,100,,
NBB,49,42,250,,
NBB,55,42,1000,,
NBB,6,42,100,,
NBB,11,42,200,,
NBB,32,42,10,,
NBB,33,42,330,,
NCCB,55,38,40,,
SPDL,17,32,10,,
UPPER,45,33,150,,
AKPL,50,39,100,,
CGH,29,49,10,,
NICL,33,38,42,,
RSDC,42,58,20,,
API,58,29,50,,
SAHAS,38,49,10,,
BFC,19,38,100,,
HIDCL,32,48,300,,
PPCL,6,29,20,,
SHL,26,26,200,,
RADHI,25,58,40,,
CFCL,54,41,300,,
API,36,29,2000,,
MEN,49,42,10,,
AHPC,20,16,450,,
AHPC,6,16,50,,
CHDC,45,38,10,,
SHEL,21,57,10,,
SHEL,21,49,10,,
AKPL,50,49,124,,
LBL,6,36,53,,
LBL,1,36,57,,
NIL,22,6,32,,
SPDL,59,34,300,,
MFIL,35,34,10,,
EIC,38,56,35,,
NBB,33,42,1670,,
NBB,8,42,200,,
NBB,21,42,20,,
NBB,39,42,500,,
NBB,1,42,800,,
NBB,5,42,10,,
NBB,34,42,50,,
NBB,36,42,1000,,
NBB,16,42,200,,
NBB,46,42,100,,
NBB,14,42,500,,
NBB,51,42,900,,
NBB,6,42,500,,
NBB,38,42,50,,
NUBL,48,49,30,,
SJCL,34,44,40,,
ULI,47,51,10,,
UMHL,38,42,350,,
UMHL,43,42,50,,
GBIME,34,38,112,,
GBIME,59,38,100,,
SAHAS,39,46,10,,
PLIC,45,47,313,,
PLIC,45,45,455,,
PLIC,45,49,132,,
PLIC,45,21,100,,
NUBL,45,49,20,,
HIDCL,50,43,42,,
HIDCL,39,43,100,,
HIDCL,41,43,100,,
HIDCL,1,43,100,,
HIDCL,41,43,658,,
API,45,29,200,,
HIDCL,41,44,100,,
SLI,14,58,10,,
NRIC,28,13,80,,
NRIC,3,13,10,,
UMHL,41,45,60,,
LBL,1,1,1000,,
NMFBS,57,34,10,,
MLBL,38,25,191,,
GIC,22,45,10,,
SAHAS,39,35,10,,
RHPL,47,44,70,,
SAHAS,39,58,10,,
GBIME,59,43,50,,
API,21,29,35,,
HDL,14,55,50,,
HDL,14,55,50,,
HDL,41,55,10,,
HDL,29,55,10,,
NRIC,3,58,10,,
SICL,7,18,136,,
SICL,7,45,20,,
SICL,7,48,19,,
SICL,7,36,25,,
NICLBSL,47,8,10,,
LBBL,32,50,20,,
CFCL,33,11,90,,
CBBL,25,3,30,,
NRIC,58,44,50,,
KEF,11,46,2000,,
GFCL,45,45,260,,
NRIC,45,58,10,,
NBB,41,42,100,,
NBB,45,42,200,,
NBB,58,42,75,,
NBB,8,42,200,,
NBB,34,42,100,,
NBB,3,42,50,,
NBB,6,42,3000,,
NBB,7,42,1000,,
NBB,49,42,88,,
KKHC,22,6,13,,
KKHC,5,6,12,,
UPPER,36,25,60,,
SAHAS,58,25,10,,
SAHAS,58,58,10,,
SHEL,55,38,10,,
MLBS,21,10,10,,
AIL,1,49,10,,
TRH,49,43,50,,
MEGA,39,44,50,,
MEGA,55,44,50,,
MEGA,19,44,50,,
MEGA,57,44,67,,
MEGA,49,44,10,,
MEGA,57,44,202,,
MEGA,7,44,50,,
SHPC,34,29,10,,
CZBIL,54,49,10,,
UPCL,58,29,50,,
SLBBL,6,42,125,,
PCBL,42,58,21,,
ULI,44,6,10,,
RLFL,34,11,10,,
HIDCL,41,50,11,,
NIFRA,58,44,50,,
CFCL,45,41,10,,
GILB,34,44,50,,
TPC,32,8,100,,
NLIC,39,45,20,,
SAHAS,39,6,10,,
MKJC,25,19,10,,
NABIL,45,52,50,,
NIFRA,13,38,60,,
API,21,43,15,,
SICL,26,38,30,,
SICL,36,38,30,,
SICL,22,38,30,,
SICL,22,38,40,,
SICL,58,38,20,,
NUBL,47,45,30,,
JLI,58,49,10,,
NLG,21,33,39,,
NLG,21,33,30,,
NLG,44,33,50,,
NLG,38,33,13,,
NLG,38,33,20,,
CGH,45,21,50,,
GBBL,14,53,10,,
GBBL,14,17,60,,
NBB,49,42,912,,
NBB,58,42,100,,
NBB,49,42,10,,
NBB,57,42,100,,
NBB,21,42,200,,
NBB,16,42,5000,,
NBB,51,42,500,,
NBB,58,42,10,,
VLBS,6,57,14,,
NBB,33,42,758,,
VLBS,38,57,30,,
NBB,39,42,290,,
VLBS,49,57,200,,
NBB,56,42,100,,
VLBS,41,57,30,,
NBB,5,42,20,,
VLBS,26,57,26,,
HIDCL,41,21,231,,
HIDCL,45,21,50,,
HIDCL,16,21,100,,
GBIME,34,34,100,,
HIDCL,42,21,20,,
HIDCL,26,21,399,,
OHL,3,44,10,,
SLI,47,49,10,,
EBL,58,33,10,,
NIFRA,54,25,300,,
SAHAS,39,4,10,,
SPDL,59,21,255,,
NICL,33,52,50,,
NICL,42,52,50,,
GLH,49,38,10,,
UPCL,58,16,798,,
RBCLPO,58,38,103,,
SPDL,59,45,10,,
JOSHI,45,42,20,,
ULI,44,14,10,,
NIFRA,13,35,40,,
SIFC,56,41,10,,
NUBL,47,5,70,,
ULI,44,41,10,,
ILBS,36,58,12,,
SPDL,17,54,10,,
UPCL,58,1,200,,
NHPC,3,33,500,,
SBL,54,36,23,,
SBL,6,36,20,,
SBL,35,36,244,,
SBL,20,36,1000,,
SBL,57,36,120,,
NICLBSL,59,36,10,,
NICLBSL,59,22,10,,
RLFL,3,41,10,,
JBLB,51,41,10,,
MLBL,38,37,91,,
MLBL,4,37,17,,
MLBL,14,37,50,,
MLBL,46,37,10,,
MLBL,1,37,50,,
MLBL,45,37,772,,
MLBL,34,37,10,,
NABIL,52,43,25,,
NRIC,59,26,20,,
API,19,34,171,,
SHPC,21,21,2,,
NBL,33,17,10,,
HIDCL,26,46,10,,
NLIC,39,42,39,,
NLIC,43,42,20,,
NRIC,28,49,900,,
NRIC,35,49,100,,
UMHL,42,45,50,,
UMHL,42,42,150,,
SAHAS,39,6,10,,
AKPL,50,4,20,,
RADHI,6,43,48,,
RADHI,4,43,62,,
RADHI,42,43,90,,
NIFRA,13,52,10,,
NIFRA,44,52,10,,
MLBSL,21,51,10,,
MLBSL,42,51,20,,
ULI,47,34,10,,
CGH,33,21,37,,
MEN,47,42,500,,
MEN,32,42,400,,
MEN,7,42,50,,
MEN,56,42,30,,
MEN,37,42,10,,
UPCL,58,17,20,,
UPCL,58,45,20,,
UPCL,58,56,1669,,
UPCL,58,34,500,,
UPCL,58,45,65,,
ULI,47,14,10,,
LEC,34,1,50,,
AKJCL,51,45,10,,
HIDCL,26,35,150,,
UPCL,7,45,935,,
UPCL,7,51,65,,
MNBBL,38,38,135,,
MNBBL,43,38,75,,
MNBBL,26,38,30,,
MNBBL,5,38,110,,
MNBBL,35,38,100,,
MNBBL,58,38,50,,
NIL,D01,6,35,,
NIL,D01,54,50,,
NIL,D01,19,115,,
GLH,49,49,10,,
AKPL,50,21,58,,
HIDCL,1,48,1000,,
HIDCL,25,48,129,,
CHL,50,8,120,,
CHL,50,58,30,,
CHL,50,39,200,,
NRIC,45,26,30,,
BPCL,28,39,10,,
CBBL,52,3,20,,
NUBL,44,5,30,,
MLBS,21,51,10,,
RADHI,42,52,200,,
NIFRA,41,35,20,,
SMATA,33,56,64,,
SMATA,17,56,100,,
SMATA,49,56,21,,
SMATA,33,56,60,,
SMATA,42,56,100,,
SMATA,17,56,50,,
SMATA,52,56,50,,
AHPC,38,35,30,,
STC,25,5,20,,
STC,56,5,20,,
SLI,41,10,30,,
SLI,38,10,60,,
SHL,47,26,250,,
CZBIL,26,44,101,,
SHL,16,26,230,,
PCBL,51,19,20,,
PCBL,39,19,100,,
PCBL,50,19,380,,
NABIL,45,50,200,,
RLI,18,13,20,,
NICLBSL,59,54,10,,
SAHAS,39,6,10,,
SLI,38,38,10,,
NBL,42,4,225,,
NBL,58,4,274,,
CFCL,4,51,132,,
SFCL,42,16,10,,
RLI,18,38,10,,
MLBS,21,26,10,,
NUBL,45,19,38,,
MLBS,21,58,10,,
GBIME,34,21,20,,
GBIME,34,7,74,,
GBIME,34,58,52,,
CZBIL,28,44,92,,
MEN,25,42,1000,,
MEN,14,42,100,,
MEN,6,42,180,,
MEN,26,42,180,,
MEN,52,42,10,,
SCB,57,17,50,,
MEN,38,42,40,,
CHL,42,58,791,,
NCCB,56,33,10,,
LBBL,32,51,235,,
LBBL,56,51,75,,
LBBL,7,51,20,,
LBBL,34,51,70,,
API,48,34,500,,
SAHAS,39,34,10,,
UIC,17,38,200,,
LBBL,34,19,10,,
API,41,34,90,,
SMATA,52,51,50,,
NTC,32,21,170,,
HIDCL,25,48,100,,
NTC,53,40,220,,
SHEL,21,38,10,,
SHPC,6,35,230,,
SHPC,59,35,150,,
SHPC,25,35,20,,
SHPC,48,35,100,,
NICL,33,56,75,,
NABIL,14,41,4,,
CZBIL,58,44,50,,
HIDCL,26,28,441,,
HIDCL,34,28,200,,
HIDCL,22,28,20,,
HIDCL,39,28,200,,
HIDCL,55,28,50,,
HIDCL,14,28,116,,
API,56,28,12,,
API,56,21,27,,
AKPL,50,46,120,,
CGH,19,21,10,,
EIC,17,38,485,,
EIC,21,38,15,,
PMHPL,45,49,500,,
KBL,34,33,80,,
UMHL,57,4,100,,
ULI,47,58,10,,
NIFRA,44,38,10,,
NIFRA,34,38,50,,
MLBL,45,20,228,,
MLBL,28,20,222,,
MLBL,52,20,50,,
NABIL,45,38,100,,
NABIL,45,42,25,,
GBIME,42,32,15,,
KSBBL,17,32,100,,
TPC,41,38,10,,
LBL,1,34,100,,
NABIL,19,42,20,,
NBF3,42,42,100,,
MLBSL,42,42,50,,
SAHAS,39,25,10,,
ULI,47,6,10,,
HIDCL,50,48,120,,
NRIC,28,17,10,,
API,56,34,19,,
API,19,34,30,,
API,59,34,10,,
MKJC,10,48,10,,
SAHAS,39,41,10,,
MFIL,35,34,10,,
CGH,19,21,190,,
CGH,16,21,10,,
BOKL,41,49,10,,
HIDCL,25,48,200,,
HIDCL,29,48,10,,
HIDCL,35,48,10,,
HIDCL,25,48,14,,
AKJCL,57,45,440,,
NBL,58,42,56,,
UIC,52,38,50,,
UIC,7,38,97,,
AHPC,32,44,200,,
NRIC,26,17,10,,
NGPL,43,49,35,,
MBL,1,52,100,,
HPPL,52,4,10,,
API,34,49,18,,
SCB,6,48,10,,
SLI,38,37,40,,
SLI,38,28,10,,
UPCL,38,51,20,,
SHEL,21,13,10,,
RLFL,42,41,150,,
MFIL,7,42,198,,
GBBL,49,17,20,,
HIDCL,25,28,186,,
HIDCL,52,28,100,,
HIDCL,3,28,3014,,
HIDCL,19,28,200,,
AKPL,50,57,24,,
RHPL,49,34,40,,
RHPL,49,41,120,,
HIDCL,21,46,90,,
HIDCL,21,46,20,,
MLBS,21,41,10,,
NIFRA,44,43,80,,
NIFRA,58,43,20,,
PLI,38,38,50,,
JLI,58,38,10,,
NLBBL,54,36,25,,
NLICL,57,49,241,,
NLICL,14,49,130,,
SHINE,57,41,40,,
KBL,43,33,500,,
AIL,58,8,10,,
CFCL,41,51,58,,
NIL,44,6,33,,
NIL,44,42,17,,
NTC,50,21,185,,
NTC,38,21,200,,
NTC,48,21,110,,
NTC,35,21,150,,
NTC,59,21,100,,
NTC,58,21,10,,
NTC,51,21,50,,
NTC,3,21,25,,
UMHL,57,41,80,,
AKPL,28,45,34,,
GMFIL,28,22,60,,
AKPL,48,57,76,,
AKPL,48,25,250,,
AKPL,48,58,119,,
AKPL,48,41,15,,
AKPL,48,45,40,,
NRIC,16,46,10,,
NUBL,50,41,50,,
ULI,47,52,10,,
LBBL,34,21,20,,
LBBL,53,21,200,,
LBBL,58,21,50,,
LBBL,14,21,20,,
LBBL,38,21,10,,
CGH,41,21,40,,
LBBL,48,21,100,,
CGH,26,21,15,,
LBBL,35,21,500,,
ULI,21,56,10,,
SAHAS,39,48,10,,
NUBL,6,19,12,,
CFCL,36,51,20,,
CFCL,48,51,100,,
CFCL,25,51,20,,
CFCL,32,51,20,,
CFCL,34,51,150,,
MLBS,21,56,10,,
NIFRA,49,25,92,,
NIFRA,49,57,60,,
NIFRA,49,4,60,,
NIFRA,49,16,698,,
NIFRA,49,59,90,,
KSBBL,17,33,177,,
KSBBL,48,33,100,,
KSBBL,58,33,10,,
KSBBL,38,33,50,,
KSBBL,42,33,100,,
KSBBL,1,33,100,,
KSBBL,41,33,100,,
ICFC,17,45,10,,
NRIC,45,28,50,,
NRIC,49,28,100,,
NRIC,49,28,50,,
RLFL,3,3,1,,
NUBL,6,29,18,,
GUFL,36,49,10,,
GBIME,49,58,10,,
MNBBL,17,35,10,,
SBL,35,41,100,,
CFCL,34,25,50,,
CFCL,47,11,500,,
PLIC,58,33,214,,
GIC,22,38,50,,
NABIL,53,42,25,,
PLI,38,52,10,,
UIC,7,38,10,,
JBLB,39,34,10,,
SAHAS,47,6,10,,
JLI,58,59,10,,
MKJC,25,49,40,,
SLI,41,56,10,,
NLICL,25,8,10,,
MLBL,28,54,10,,
MLBL,25,54,40,,
SAHAS,48,47,10,,
NRIC,13,46,40,,
JFL,32,58,15,,
JFL,50,58,25,,
MFIL,7,42,52,,
MFIL,7,29,10,,
MFIL,7,21,238,,
SHEL,29,21,20,,
JLI,58,58,10,,
RADHI,4,21,18,,
KBL,17,1,300,,
KBL,55,34,30,,
KBL,55,36,20,,
NIFRA,46,38,10,,
NIFRA,42,38,50,,
MEGA,14,14,2,,
MFIL,49,21,10,,
JLI,58,49,10,,
SANIMA,26,58,102,,
API,21,34,10,,
MLBL,28,20,185,,
MLBL,25,20,100,,
MLBL,22,20,100,,
MLBL,33,20,400,,
MLBL,22,20,125,,
MLBL,42,20,90,,
MLBL,33,20,500,,
CBL,50,57,100,,
CBL,50,41,100,,
CBL,50,6,500,,
PLI,34,45,10,,
PLI,34,17,10,,
NUBL,59,28,90,,
NUBL,58,28,25,,
NUBL,57,28,200,,
NUBL,48,28,25,,
NUBL,33,28,110,,
NUBL,48,28,10,,
NUBL,22,28,20,,
NUBL,57,28,20,,
BARUN,25,57,14,,
ULI,6,58,10,,
EIC,21,8,285,,
EIC,17,8,415,,
MFIL,45,21,10,,
CCBL,32,36,633,,
CCBL,45,36,1500,,
CCBL,16,36,1000,,
JLI,11,38,10,,
NABIL,22,51,10,,
JBLB,26,38,10,,
NIFRA,42,35,50,,
NIFRA,10,35,10,,
CFCL,59,11,100,,
CFCL,59,11,100,,
CFCL,32,11,10,,
CGH,41,56,10,,
CGH,33,56,40,,
API,34,34,29,,
NHPC,50,58,115,,
NHPC,50,56,150,,
MFIL,35,38,50,,
SAHAS,1,41,10,,
SAHAS,1,58,10,,
JBLB,58,19,10,,
SBI,42,16,381,,
SKBBL,46,22,30,,
NICA,28,42,150,,
JSLBB,34,51,10,,
GBIME,59,52,100,,
GBIME,35,52,200,,
MLBS,21,34,10,,
SAHAS,4,45,10,,
GLH,22,38,10,,
ADBL,34,4,100,,
CFCL,44,50,100,,
CBL,4,1,50,,
MLBS,21,58,10,,
NIFRA,58,16,200,,
ULI,6,49,10,,
SLICL,5,38,30,,
SLICL,29,38,20,,
HDHPC,58,33,50,,
HDHPC,58,29,50,,
SAHAS,4,59,10,,
HDHPC,25,45,990,,
HDHPC,16,45,10,,
UMHL,38,35,100,,
SJCL,6,38,100,,
SJCL,6,38,900,,
KSBBL,6,16,30,,
KSBBL,28,16,20,,
KSBBL,5,16,50,,
KSBBL,5,16,400,,
PMHPL,51,49,100,,
NTC,3,35,50,,
NBL,35,21,100,,
GRDBL,1,50,30,,
PROFL,22,1,10,,
PROFL,22,1,10,,
AKJCL,46,25,100,,
NIL,56,45,50,,
PRIN,14,33,28,,
PRIN,58,33,150,,
PRIN,47,33,10,,
UPCL,50,51,250,,
AKPL,28,45,40,,
SFCL,28,41,50,,
UPPER,59,21,50,,
PCBL,50,48,100,,
PFL,47,57,105,,
SAHAS,54,57,10,,
SAHAS,54,58,10,,
SAHAS,54,16,10,,
SAHAS,54,38,10,,
SAHAS,54,32,10,,
UPPER,45,17,100,,
JBBL,43,32,110,,
GBBL,28,17,20,,
AKPL,58,45,10,,
BFC,42,16,270,,
BFC,20,16,425,,
BFC,16,16,50,,
SPDL,29,17,10,,
HIDCL,3,48,50,,
NLIC,39,50,41,,
NLIC,8,50,10,,
NLIC,34,50,80,,
SHEL,29,52,10,,
LGIL,43,38,25,,
NUBL,34,45,20,,
NBL,26,21,75,,
SHL,16,54,270,,
JLI,58,38,10,,
NMB,22,29,11,,
AKPL,38,49,182,,
AKPL,36,49,23,,
AKPL,56,49,105,,
AKPL,58,49,100,,
NRIC,13,7,10,,
API,57,34,200,,
SLI,41,38,10,,
SINDU,8,53,45,,
SIFC,45,41,23,,
NHPC,59,33,191,,
NHPC,59,4,3444,,
NHPC,59,33,300,,
JBBL,49,32,60,,
SAHAS,4,13,10,,
CZBIL,13,44,20,,
NLIC,34,47,20,,
UIC,7,52,219,,
NLIC,8,47,50,,
UIC,56,52,100,,
UIC,56,52,100,,
UMHL,46,35,100,,
NHPC,34,33,100,,
CHCL,28,42,190,,
CHCL,21,42,10,,
MLBS,19,49,10,,
MNBBL,11,54,10,,
GLH,1,48,10,,
FMDBL,56,35,200,,
FMDBL,56,58,70,,
AIL,58,42,10,,
SJCL,6,39,140,,
GUFL,36,14,100,,
GUFL,57,14,100,,
NLIC,50,38,10,,
GBIME,42,58,100,,
SLICL,43,4,100,,
NLIC,50,45,13,,
NLIC,1,45,40,,
NLIC,1,17,10,,
SHEL,29,38,10,,
UMHL,21,42,50,,
NRIC,26,55,100,,
SAHAS,4,42,10,,
ULI,6,34,10,,
JBLB,26,51,10,,
NHPC,34,33,100,,
NHPC,34,33,100,,
JBLB,26,43,10,,
SAHAS,4,21,60,,
SAHAS,57,21,30,,
HIDCL,56,46,10,,
ULI,6,38,10,,
SLI,41,56,10,,
NBL,26,49,125,,
NBL,17,49,25,,
PCBL,50,53,20,,
TRH,55,21,42,,
TRH,55,25,20,,
NRIC,45,55,20,,
CZBIL,58,44,20,,
SAHAS,54,57,10,,
SAHAS,54,48,10,,
SAHAS,54,34,30,,
SAHAS,54,38,10,,
SAHAS,54,45,10,,
SAHAS,54,6,10,,
SAHAS,54,34,10,,
SAHAS,54,49,10,,
SLICL,43,25,180,,
NIFRA,10,48,10,,
NIFRA,42,48,40,,
CZBIL,22,28,12,,
NIBSF1,48,57,1000,,
MDB,45,44,275,,
MDB,44,44,180,,
NIFRA,42,38,60,,
HIDCL,6,46,20,,
SIL,44,14,50,,
GBIME,19,14,30,,
GBIME,19,43,50,,
GBIME,19,59,400,,
GBIME,19,32,20,,
NMB,50,32,50,,
NMB,50,28,390,,
NMB,50,28,60,,
ULI,47,49,10,,
ULI,47,52,25,,
NUBL,55,29,22,,
NHPC,4,33,200,,
SLI,38,37,60,,
SLI,38,45,10,,
SLI,38,8,10,,
SLI,38,14,10,,
SLI,38,59,10,,
AKPL,56,19,100,,
AKPL,56,6,795,,
RLFL,34,51,20,,
NMFBS,17,33,79,,
AHPC,33,40,1000,,
SAHAS,26,48,10,,
CFCL,32,14,490,,
BARUN,7,25,59,,
AKJCL,57,14,60,,
SFCL,52,16,19,,
SDLBSL,25,48,11,,
GBIME,35,25,400,,
GBIME,57,25,10,,
GBIME,45,25,90,,
CCBL,16,36,1000,,
CCBL,16,36,900,,
ULI,47,52,10,,
GIC,22,38,10,,
MNBBL,5,46,90,,
MDB,44,44,120,,
MDB,53,44,300,,
MDB,25,44,30,,
MDB,54,44,50,,
NICLBSL,47,58,10,,
TRH,51,45,200,,
JLI,11,38,10,,
MLBL,42,28,10,,
SADBL,58,40,50,,
GBBL,45,52,90,,
CHDC,57,51,10,,
MLBL,56,28,30,,
SLI,41,57,10,,
NHPC,14,33,100,,
CFCL,42,14,10,,
NRIC,13,49,940,,
NRIC,13,26,50,,
NRIC,13,29,10,,
NBL,17,45,75,,
MLBL,36,28,460,,
MLBL,36,20,540,,
MLBL,17,20,100,,
MLBL,56,20,50,,
MLBL,53,20,180,,
MLBL,58,20,30,,
MLBL,57,20,100,,
NRIC,36,29,40,,
NRIC,36,58,20,,
SADBL,32,40,500,,
PLIC,58,21,10,,
SCB,49,48,15,,
GBIME,45,41,100,,
PLI,38,48,10,,
NUBL,55,45,13,,
NTC,59,43,625,,
NTC,59,49,100,,
SIFC,28,41,27,,
UPPER,59,36,200,,
SLI,41,25,10,,
MERO,42,45,100,,
UPPER,21,17,10,,
CGH,33,10,10,,
SANIMA,1,37,75,,
PPCL,28,21,26,,
PPCL,50,21,74,,
HDHPC,32,43,40,,
HDHPC,32,56,90,,
MNBBL,41,49,10,,
NUBL,29,52,20,,
SAHAS,26,25,10,,
CFCL,58,45,50,,
SHEL,29,16,60,,
ULI,35,52,300,,
ULI,10,52,100,,
ULI,1,52,55,,
ULI,22,52,10,,
JBLB,59,56,10,,
NIL,35,42,40,,
NHPC,45,46,50,,
ADBL,29,45,75,,
MDB,53,44,500,,
CFCL,7,45,101,,
AHPC,49,55,100,,
AHPC,49,46,100,,
LBBL,38,49,10,,
SCB,6,42,10,,
SCB,58,42,500,,
SCB,41,42,10,,
SCB,28,42,30,,
SCB,6,42,50,,
NIFRA,49,38,20,,
NIFRA,7,38,30,,
PLI,38,29,10,,
BFC,20,42,65,,
BFC,45,42,100,,
BFC,34,42,35,,
BFC,41,42,200,,
MNBBL,21,49,100,,
IGI,32,5,2000,,
IGI,10,5,50,,
IGI,22,5,50,,
IGI,3,5,300,,
MNBBL,14,49,50,,
MNBBL,48,49,100,,
MNBBL,14,49,470,,
MNBBL,56,49,50,,
MNBBL,42,49,100,,
MNBBL,51,49,100,,
MNBBL,38,49,316,,
SHPC,32,43,50,,
NHPC,58,33,100,,
MNBBL,38,4,184,,
MNBBL,45,4,290,,
MNBBL,11,4,26,,
UPCL,21,59,170,,
SADBL,59,40,100,,
SJCL,6,22,40,,
KBLD86,53,16,25,,
ULI,22,58,10,,
JOSHI,45,59,30,,
JFL,25,38,100,,
MKJC,28,49,10,,
API,3,3,2,,
NLIC,57,11,10,,
SAHAS,26,3,10,,
LBL,1,18,50,,
AKPL,43,6,105,,
AKPL,43,19,395,,
MLBSL,32,10,10,,
RLFL,34,51,10,,
NMB,19,28,10,,
AKJCL,58,14,40,,
AKJCL,58,46,10,,
PMHPL,7,49,50,,
EBL,45,48,39,,
EBL,57,48,11,,
EBL,59,48,50,,
EBL,49,48,10,,
NHPC,25,4,1000,,
MKJC,28,38,10,,
JBBL,45,32,95,,
PROFL,45,1,10,,
HIDCL,49,46,100,,
HIDCL,34,46,50,,
SHEL,21,43,10,,
KPCL,36,33,40,,
KPCL,34,33,500,,
PPCL,28,21,74,,
PPCL,33,21,26,,
API,54,29,553,,
API,54,34,327,,
API,54,21,120,,
UPPER,58,32,300,,
JBLB,34,21,10,,
NICA,45,21,20,,
SBI,58,34,400,,
ULI,22,58,10,,
NRIC,36,58,100,,
NRIC,36,49,10,,
NRIC,36,32,60,,
UMHL,21,42,50,,
NHPC,45,22,50,,
NABIL,41,42,10,,
NHPC,14,4,208,,
NHPC,37,4,100,,
NHPC,37,14,100,,
API,6,21,10,,
TRH,43,50,1000,,
NMFBS,17,19,21,,
NIFRA,58,16,15,,
TPC,48,58,10,,
UPPER,58,59,48,,
API,57,21,50,,
GBBL,45,16,100,,
GBBL,45,58,10,,
GBBL,45,17,300,,
CFCL,58,45,50,,
CHDC,51,38,10,,
NHPC,41,45,40,,
SKBBL,17,35,11,,
AIL,34,54,10,,
SIL,48,14,100,,
AKPL,50,56,40,,
SADBL,6,21,300,,
GIMES1,35,7,1600,,
GIMES1,13,7,2500,,
GIMES1,21,7,1000,,
GIMES1,49,7,14800,,
API,21,51,297,,
API,14,51,140,,
API,34,51,100,,
API,43,51,50,,
API,42,51,100,,
API,42,51,50,,
API,51,51,100,,
API,11,51,163,,
CCBL,16,35,100,,
NIFRA,45,16,42,,
NHPC,22,34,179,,
MLBL,58,25,470,,
MLBL,35,25,30,,
CBL,44,17,10,,
ILBS,22,58,43,,
HIDCL,3,32,620,,
HDHPC,16,34,90,,
HIDCL,22,56,100,,
HIDCL,57,56,100,,
UPPER,58,59,48,,
PLI,38,38,80,,
PLI,56,38,20,,
PRVU,53,52,20,,
MNBBL,45,10,210,,
PROFL,22,34,30,,
UPPER,58,49,200,,
UPPER,58,40,172,,
NIFRA,11,16,45,,
NHPC,44,34,1000,,
AKPL,25,16,25,,
AKPL,21,16,100,,
AKPL,44,16,50,,
AKPL,16,16,500,,
AKPL,26,16,300,,
AKPL,58,16,40,,
AKPL,56,16,1000,,
AKPL,38,16,50,,
AKPL,26,16,118,,
AKPL,34,16,10,,
AKPL,41,16,50,,
AKPL,3,16,100,,
AKPL,20,16,100,,
AKPL,58,16,10,,
AKPL,53,16,50,,
AKPL,3,16,20,,
AKPL,36,16,100,,
AKPL,26,16,58,,
AKPL,28,16,500,,
AKPL,59,16,100,,
AKPL,28,16,435,,
HDHPC,38,34,300,,
AKPL,36,16,58,,
MLBL,38,10,180,,
NABIL,58,42,20,,
BFC,34,42,60,,
BFC,57,42,10,,
BFC,42,42,30,,
AKJCL,58,49,36,,
ADBL,29,3,227,,
ADBL,54,3,100,,
ADBL,5,3,10,,
ADBL,16,3,200,,
ADBL,13,3,200,,
ADBL,54,3,63,,
ADBL,28,3,200,,
MLBL,17,42,200,,
SFCL,50,16,10,,
NRIC,57,59,50,,
JBBL,49,45,60,,
JBBL,22,45,15,,
SFCL,52,51,10,,
NLIC,1,29,11,,
NLIC,1,28,79,,
SAHAS,53,56,10,,
SFCL,52,21,11,,
SAHAS,54,34,30,,
BFC,42,29,20,,
SAHAS,54,21,10,,
SAHAS,54,38,10,,
SAHAS,54,49,10,,
SAHAS,54,6,10,,
SAHAS,54,49,10,,
SAHAS,54,7,10,,
SAHAS,54,34,10,,
SAHAS,54,14,10,,
SAHAS,54,42,10,,
SAHAS,54,36,90,,
SAHAS,54,7,10,,
SAHAS,54,49,10,,
SAHAS,54,34,10,,
SAHAS,54,57,10,,
SAHAS,54,35,10,,
SAHAS,54,48,10,,
SAHAS,54,54,10,,
MLBS,19,21,10,,
CFCL,45,45,90,,
AKPL,54,52,43,,
JBBL,57,57,13,,
HIDCL,57,46,100,,
NLIC,45,11,20,,
NLIC,54,11,25,,
NLIC,39,11,25,,
MNBBL,38,10,30,,
UPPER,45,59,48,,
DDBL,58,58,50,,
HIDCL,3,58,535,,
HIDCL,41,58,20,,
HIDCL,34,58,50,,
PFL,22,57,40,,
AIL,34,14,15,,
AKPL,59,38,100,,
NUBL,58,8,75,,
NUBL,1,8,50,,
NUBL,43,8,150,,
NUBL,45,8,10,,
NUBL,29,8,50,,
NUBL,38,8,50,,
NUBL,57,8,30,,
NUBL,22,8,50,,
NUBL,49,8,20,,
NUBL,16,8,15,,
SADBL,52,21,50,,
API,26,21,10,,
ADBL,28,3,800,,
ADBL,58,3,200,,
NHPC,25,34,1000,,
KBL,55,34,50,,
SHIVM,13,28,30,,
CCBL,35,48,12,,
CCBL,33,48,50,,
MLBL,52,25,50,,
RLFL,47,42,40,,
MLBSL,32,6,20,,
NHPC,49,34,100,,
GFCL,38,35,200,,
GFCL,38,54,10,,
HDHPC,32,46,20,,
GFCL,38,56,100,,
HDHPC,55,46,80,,
SHPC,36,34,30,,
UPPER,45,33,3008,,
UPPER,26,33,10,,
UPPER,13,33,50,,
UPPER,26,33,50,,
UPPER,41,33,100,,
UPPER,56,33,500,,
UPPER,38,33,50,,
UPPER,49,33,4000,,
UPPER,33,33,500,,
UPPER,38,33,100,,
UPPER,59,33,500,,
UPPER,38,33,50,,
CBL,38,17,90,,
SHPC,36,56,200,,
NMFBS,58,19,10,,
SGI,57,52,10,,
SHPC,33,43,50,,
DHPL,34,28,100,,
DHPL,22,28,200,,
DHPL,50,28,10,,
HDHPC,19,34,140,,
HDHPC,19,51,60,,
NBF3,29,16,100,,
NRN,11,16,15,,
CBBL,52,48,10,,
CIT,36,55,48,,
CIT,29,55,10,,
CIT,43,55,10,,
CIT,25,55,30,,
CIT,1,55,10,,
NBL,29,33,85,,
AKJCL,49,49,14,,
MLBS,19,6,10,,
MLBS,19,44,10,,
GBIME,45,49,10,,
GBIME,49,49,20,,
MERO,36,33,50,,
NICA,56,21,30,,
PLIC,58,32,40,,
NGPL,55,45,100,,
ULI,35,49,10,,
NBL,21,33,20,,
ULI,35,42,30,,
SLI,41,45,10,,
KKHC,5,36,38,,
HURJA,57,50,20,,
HURJA,57,57,180,,
HDHPC,55,17,20,,
NUBL,48,47,20,,
HDHPC,32,45,50,,
SANIMA,49,58,20,,
NUBL,38,47,92,,
BFC,42,1,20,,
TRH,43,16,1500,,
CBBL,56,48,50,,
CBBL,58,48,68,,
GBBL,44,17,200,,
KSBBL,5,4,50,,
SHL,53,42,100,,
API,42,21,10,,
NHPC,46,34,200,,
KSBBL,50,47,10,,
PMHPL,32,11,385,,
NUBL,22,47,40,,
AHPC,38,57,40,,
NHPC,41,34,200,,
AKPL,34,19,50,,
MNBBL,53,10,20,,
MLBL,52,25,133,,
MLBL,7,25,50,,
AKPL,28,19,55,,
AKPL,28,10,10,,
AKJCL,51,51,876,,
GBIME,22,58,15,,
CZBIL,13,48,40,,
SSHL,25,49,50,,
SLI,38,44,170,,
SLI,38,49,10,,
SCB,25,48,10,,
SLI,41,45,10,,
NRN,38,16,300,,
ULI,22,35,10,,
CCBL,49,36,424,,
MLBS,21,52,10,,
SAHAS,59,41,10,,
SHPC,36,42,170,,
JBBL,49,38,16,,
BARUN,25,45,20,,
UPCL,18,50,29,,
PIC,46,28,322,,
PIC,38,28,28,,
PIC,28,28,490,,
PIC,45,28,80,,
PIC,44,28,80,,
SANIMA,32,58,200,,
SANIMA,32,48,50,,
GBIME,41,1,40,,
CCBL,49,17,100,,
FMDBL,11,35,50,,
SHEL,21,16,10,,
MFIL,16,21,200,,
ULI,21,58,152,,
PMHPL,11,11,55,,
HPPL,26,4,10,,
GLH,42,42,31,,
GLH,35,42,100,,
GLH,47,42,100,,
GLH,44,42,200,,
GLH,1,42,100,,
GLH,37,42,100,,
GLH,53,42,10,,
GLH,25,42,50,,
GLH,57,42,100,,
GLH,53,42,40,,
GLH,45,42,10,,
GLH,25,42,114,,
GLH,34,42,1000,,
GLH,43,42,50,,
GLH,57,42,80,,
GLH,51,42,50,,
GLH,18,42,60,,
GLH,52,42,400,,
GLH,58,42,20,,
GLH,41,42,100,,
GLH,34,42,100,,
GLH,6,42,100,,
GLH,59,42,200,,
GLH,21,42,10,,
GLH,50,42,180,,
GLH,41,42,25,,
GLH,45,42,60,,
GLH,43,42,90,,
GLH,22,42,100,,
GLH,39,42,200,,
GLH,57,42,200,,
GLH,34,42,10,,
GLH,34,42,10,,
MLBBL,49,42,10,,
GLH,1,42,200,,
GLH,32,42,500,,
GLH,39,42,300,,
UPPER,48,40,50,,
API,1,37,100,,
SANIMA,49,48,50,,
BOKL,57,47,107,,
BOKL,42,47,20,,
BOKL,58,47,73,,
MLBL,52,20,317,,
MLBL,52,20,500,,
MLBL,45,20,3000,,
MLBL,39,20,83,,
MLBL,10,20,100,,
MLBL,34,20,100,,
MLBL,42,20,200,,
MLBL,28,20,100,,
MLBL,39,20,100,,
NLICL,14,52,30,,
UPPER,22,40,100,,
MNBBL,1,28,200,,
CBL,38,48,110,,
CBL,5,48,200,,
CBL,40,48,90,,
NLIC,28,21,20,,
MLBL,28,25,87,,
MLBL,58,25,100,,
ULI,1,38,10,,
NRIC,29,10,50,,
MNBBL,41,28,100,,
SHEL,21,35,10,,
NHPC,39,34,149,,
NHPC,39,4,851,,
CIT,3,55,33,,
CIT,25,55,10,,
SAHAS,19,4,490,,
SAHAS,19,58,10,,
NBL,25,33,10,,
CFCL,55,44,90,,
UPPER,45,40,100,,
UPPER,57,40,200,,
UPPER,22,40,100,,
UPPER,56,40,78,,
UPPER,38,40,200,,
PRVU,53,58,20,,
MLBS,10,58,10,,
CFCL,7,28,99,,
CFCL,35,28,25,,
CFCL,57,28,10,,
CFCL,3,28,10,,
UPCL,49,50,21,,
UPCL,58,50,100,,
UPCL,34,50,350,,
SIFC,28,17,73,,
PRVU,44,58,20,,
PRVU,21,58,10,,
CZBIL,58,48,10,,
HPPL,52,57,127,,
HPPL,58,57,10,,
HPPL,35,57,100,,
HPPL,17,57,200,,
HPPL,6,57,100,,
HPPL,35,57,40,,
HPPL,35,57,20,,
HPPL,59,57,100,,
HPPL,57,57,10,,
HPPL,28,57,93,,
HPPL,48,57,200,,
MKLB,34,35,40,,
HIDCL,46,14,90,,
SANIMA,49,58,35,,
SWBBL,54,41,10,,
ICFC,41,45,20,,
MLBS,21,35,10,,
UMHL,46,42,200,,
NRIC,41,41,50,,
AHPC,35,57,50,,
AHPC,22,57,100,,
NHPC,41,56,100,,
AKJCL,41,44,200,,
HDHPC,51,42,515,,
HPPL,26,4,10,,
JLI,58,35,10,,
RADHI,4,38,20,,
RADHI,32,38,50,,
RADHI,42,38,30,,
SHEL,21,21,10,,
KSBBL,34,47,70,,
NGPL,34,58,17,,
NGPL,34,10,183,,
AKPL,26,37,82,,
AKPL,32,37,100,,
AKPL,54,37,20,,
AKPL,44,37,181,,
AKPL,48,37,500,,
AKPL,44,37,107,,
AKPL,57,37,10,,
CCBL,49,13,476,,
API,28,22,44,,
API,33,22,56,,
HPPL,28,5,107,,
HPPL,14,5,170,,
HPPL,35,5,50,,
HPPL,3,5,1000,,
HPPL,58,5,10,,
HPPL,37,5,663,,
PRVU,53,45,97,,
PRVU,16,45,100,,
PRVU,42,45,50,,
PRVU,16,45,100,,
PRVU,56,45,100,,
PRVU,11,45,200,,
PRVU,57,45,27,,
PRVU,58,45,30,,
PRVU,35,45,40,,
PRVU,38,45,25,,
PRVU,52,45,50,,
PRVU,5,45,10,,
PRVU,6,45,71,,
PRVU,46,45,100,,
NHPC,49,4,1000,,
NBB,44,29,121,,
KBL,55,26,270,,
KBL,55,49,230,,
TRH,43,43,200,,
NLIC,28,49,15,,
SMATA,14,16,32,,
HDL,41,50,10,,
SICL,22,16,10,,
GFCL,49,56,100,,
NIFRA,11,56,50,,
PLIC,25,45,45,,
SGI,57,35,10,,
SAHAS,59,45,10,,
LEC,11,36,20,,
LEC,45,36,250,,
CFCL,44,44,110,,
PICL,42,45,100,,
SAHAS,59,53,10,,
GBIME,19,1,10,,
NGPL,28,59,28,,
GBIME,49,29,50,,
SADBL,58,55,50,,
NLG,57,49,10,,
NLG,5,49,10,,
NUBL,34,54,100,,
AKJCL,41,38,100,,
AKJCL,21,38,100,,
NIBSF1,19,21,500,,
NBB,33,58,42,,
SLI,48,54,10,,
API,33,58,44,,
CHDC,51,16,10,,
NICA,28,11,40,,
NIFRA,11,35,50,,
NICA,13,16,100,,
HPPL,34,25,160,,
SINDU,45,26,190,,
CCBL,35,13,25,,
SIFC,41,41,150,,
SIFC,41,41,150,,
PICL,29,45,80,,
SIL,51,51,10,,
TPC,48,4,10,,
NRIC,41,45,237,,
API,11,34,1837,,
API,52,34,1000,,
API,22,34,25,,
API,43,34,500,,
API,50,34,1000,,
API,11,34,50,,
API,42,34,100,,
API,58,34,10,,
API,28,34,478,,
MEGA,57,13,228,,
RADHI,42,51,25,,
NCCB,50,42,150,,
SICL,42,50,23,,
SICL,17,50,17,,
SICL,7,50,50,,
SICL,14,50,10,,
HDHPC,38,42,150,,
NHPC,4,14,100,,
DDBL,29,58,100,,
DDBL,21,58,370,,
AKPL,56,45,1,,
AKPL,51,45,59,,
MLBS,53,58,10,,
MBL,3,57,10,,
SAHAS,59,58,10,,
CMF1,17,49,100,,
NRIC,6,45,40,,
MDB,58,42,100,,
MEGA,58,56,20,,
NRIC,35,45,100,,
SIFC,56,41,100,,
HPPL,37,33,337,,
KBL,55,49,230,,
KBL,55,40,270,,
MNBBL,14,50,30,,
MNBBL,11,36,74,,
UPCL,34,42,50,,
UPCL,18,42,50,,
TPC,19,58,10,,
PMHPL,11,1,445,,
IGI,29,58,45,,
IGI,40,58,200,,
IGI,49,58,10,,
IGI,6,58,150,,
IGI,22,58,50,,
IGI,22,58,45,,
UPPER,56,45,70,,
NBB,34,29,879,,
NBB,34,16,121,,
KSBBL,41,47,20,,
SANIMA,41,58,20,,
MKLB,34,48,10,,
NUBL,41,54,100,,
LBBL,38,57,700,,
ULI,1,58,20,,
ULI,1,58,10,,
ULI,1,32,10,,
ULI,1,47,10,,
PIC,44,54,20,,
SCB,58,35,21,,
NLIC,28,45,15,,
NLIC,57,45,25,,
SHEL,22,7,10,,
UMRH,32,58,150,,
BOKL,58,49,227,,
SAHAS,59,35,10,,
UPPER,56,58,52,,
NRIC,45,45,500,,
SLI,14,38,10,,
GMFIL,49,17,130,,
GMFIL,49,11,80,,
GMFIL,49,54,90,,
SHPC,41,58,510,,
GRDBL,14,50,200,,
MKJC,32,58,250,,
NLIC,25,29,10,,
JBLB,34,49,10,,
SWBBL,58,41,10,,
HIDCL,6,14,20,,
NGPL,51,10,17,,
NGPL,51,7,60,,
SPDL,3,42,178,,
SPDL,7,42,500,,
SPDL,29,42,20,,
SPDL,59,42,250,,
SPDL,34,42,50,,
SPDL,19,42,100,,
SPDL,50,42,200,,
SPDL,50,42,1000,,
SPDL,41,42,300,,
SPDL,32,42,15,,
SPDL,21,42,50,,
SPDL,34,42,20,,
SPDL,39,42,425,,
SPDL,22,42,100,,
SPDL,6,42,100,,
SPDL,18,42,100,,
SPDL,16,42,92,,
SPDL,35,42,1000,,
SPDL,35,42,500,,
SAHAS,59,4,10,,
PICL,29,43,20,,
BBC,21,42,10,,
BBC,21,35,10,,
CZBIL,25,21,26,,
NRIC,28,45,393,,
NRIC,28,14,107,,
HIDCL,6,14,10,,
GBBL,14,44,100,,
HIDCL,33,14,100,,
HIDCL,58,14,80,,
ILBS,56,58,12,,
GMFIL,51,57,200,,
NHPC,22,42,821,,
NHPC,39,42,100,,
NHPC,22,42,779,,
NUBL,57,38,100,,
NUBL,6,38,50,,
NHPC,22,58,80,,
NHPC,22,34,141,,
MLBL,28,28,813,,
MLBL,41,28,27,,
MLBL,52,28,60,,
API,56,58,50,,
KBL,44,59,350,,
KBL,47,59,100,,
KBL,55,59,50,,
UIC,7,45,174,,
UIC,58,45,150,,
UIC,17,45,50,,
UIC,35,45,100,,
UIC,32,45,26,,
CBL,40,16,190,,
SHINE,50,44,50,,
SHINE,4,44,10,,
SHINE,52,44,10,,
SHINE,58,44,10,,
SHINE,48,44,68,,
MNBBL,10,28,100,,
GLH,22,48,10,,
API,28,58,50,,
NLICL,14,32,40,,
NLICL,25,32,100,,
NLICL,22,32,10,,
NLICL,39,32,50,,
MDB,21,21,100,,
LEC,45,56,200,,
AKPL,58,10,50,,
AKPL,58,49,50,,
AKPL,58,58,22,,
AKPL,58,57,17,,
AKPL,58,34,100,,
AKPL,58,38,166,,
AKPL,58,29,595,,
BOKL,57,49,25,,
SADBL,45,53,100,,
AIL,35,14,50,,
MLBSL,49,49,10,,
HURJA,57,57,20,,
AHPC,8,57,175,,
FMDBL,43,35,100,,
RHPL,34,39,240,,
RHPL,17,39,300,,
RHPL,21,39,230,,
TRH,43,55,210,,
NRIC,3,14,93,,
NRIC,3,26,30,,
NRIC,3,49,27,,
NRIC,3,43,450,,
NHPC,42,34,200,,
CFCL,45,51,10,,
API,28,7,22,,
NICA,25,18,175,,
UMHL,57,42,50,,
MNBBL,42,10,50,,
RADHI,32,4,25,,
RADHI,44,4,10,,
RADHI,22,4,100,,
RADHI,17,4,20,,
RADHI,41,4,50,,
RADHI,59,4,200,,
AKPL,51,13,48,,
BOKL,6,49,35,,
BOKL,38,49,10,,
SHPC,41,45,35,,
MHNL,48,28,1000,,
MHNL,6,28,500,,
VLBS,56,19,10,,
MKLB,34,29,40,,
UMHL,57,42,100,,
SAHAS,59,35,10,,
AKPL,49,13,10,,
NABBC,58,33,35,,
SHPC,58,45,100,,
SHPC,39,45,100,,
SHPC,51,45,50,,
NABIL,35,34,34,,
SHPC,42,45,100,,
NABIL,35,38,40,,
SHPC,51,45,15,,
NABIL,35,45,25,,
SHPC,22,45,100,,
NABIL,35,16,26,,
PROFL,48,36,200,,
SJCL,6,52,100,,
KKHC,50,35,65,,
KKHC,50,33,135,,
MNBBL,50,10,10,,
NUBL,49,47,100,,
BARUN,6,25,81,,
SPDL,16,42,208,,
SPDL,33,42,150,,
SPDL,45,42,1000,,
SPDL,42,42,15,,
SPDL,43,42,50,,
SPDL,28,42,100,,
SPDL,45,42,50,,
SPDL,28,42,50,,
SPDL,58,42,100,,
SPDL,49,42,50,,
SPDL,46,42,152,,
SPDL,57,42,100,,
SPDL,53,42,400,,
SPDL,42,42,900,,
SPDL,57,42,1000,,
SPDL,57,42,500,,
SPDL,48,42,50,,
SPDL,45,42,100,,
SPDL,14,42,30,,
SPDL,6,42,100,,
SPDL,5,42,10,,
SPDL,34,42,300,,
SPDL,56,42,300,,
SPDL,33,42,25,,
SPDL,13,42,500,,
SPDL,38,42,500,,
SPDL,57,42,300,,
SPDL,37,42,50,,
SPDL,38,42,50,,
SPDL,32,42,100,,
SPDL,44,42,1000,,
SPDL,3,42,50,,
SPDL,44,42,250,,
SPDL,14,42,100,,
SPDL,28,42,1000,,
SPDL,42,42,10,,
SPDL,47,42,230,,
SPDL,42,42,100,,
SPDL,51,42,20,,
BOKL,25,42,19,,
NABIL,42,16,39,,
NABIL,42,39,61,,
MDB,45,21,100,,
SAHAS,59,7,200,,
NCCB,50,8,100,,
NCCB,50,58,30,,
CZBIL,13,21,373,,
TPC,19,53,10,,
PCBL,17,16,25,,
PCBL,17,42,38,,
PCBL,17,3,29,,
PCBL,17,45,80,,
PCBL,17,51,20,,
TRH,43,55,40,,
MLBS,58,28,10,,
AKPL,56,33,49,,
CZBIL,17,21,990,,
CZBIL,49,21,110,,
CZBIL,25,21,150,,
CZBIL,3,21,100,,
CZBIL,25,21,527,,
CZBIL,13,21,724,,
RBCL,49,33,10,,
SANIMA,53,28,50,,
PRVU,6,28,229,,
PRVU,13,28,200,,
PRVU,57,28,60,,
PRVU,32,28,182,,
PRVU,36,28,37,,
HDHPC,6,16,200,,
NUBL,57,34,70,,
NUBL,34,34,90,,
NUBL,34,34,100,,
SPDL,59,46,650,,
AKPL,44,37,19,,
NRIC,22,43,50,,
SPDL,59,34,200,,
DHPL,50,16,90,,
DHPL,53,16,250,,
DHPL,49,16,20,,
DHPL,58,16,100,,
DHPL,50,16,40,,
GLICL,34,36,100,,
GLICL,52,36,10,,
RADHI,45,51,25,,
SAHAS,59,58,10,,
GIMES1,20,4,2000,,
API,41,58,50,,
SCB,58,35,21,,
API,13,58,500,,
SCB,58,35,63,,
API,28,58,100,,
SCB,58,49,387,,
API,47,58,1473,,
TRH,43,39,926,,
TRH,43,25,40,,
UMHL,45,16,317,,
UMHL,58,16,530,,
UMHL,56,16,150,,
UMHL,43,16,86,,
UMHL,58,16,100,,
UMHL,51,16,50,,
UMHL,56,16,97,,
UMHL,34,16,70,,
UMHL,1,16,200,,
UMHL,44,16,400,,
NIFRA,11,48,60,,
MFIL,16,16,200,,
MFIL,13,16,150,,
MFIL,6,16,50,,
MNBBL,51,10,100,,
KRBL,47,52,20,,
KRBL,56,52,100,,
KRBL,35,52,60,,
KRBL,34,52,300,,
KRBL,19,52,20,,
UPPER,11,54,500,,
UPPER,59,54,1077,,
UPPER,44,54,25,,
NCCB,17,42,50,,
UPPER,52,54,500,,
UPPER,38,54,100,,
UPPER,57,54,40,,
UPPER,54,54,100,,
UPPER,26,54,100,,
UPPER,26,54,100,,
UPPER,49,54,320,,
PLI,56,17,40,,
PLI,4,17,60,,
NUBL,57,45,100,,
NUBL,10,45,20,,
SCB,6,35,50,,
SPDL,59,58,50,,
NICA,13,29,25,,
SAHAS,59,36,10,,
SAHAS,59,34,10,,
SAHAS,59,14,10,,
AKJCL,35,6,100,,
AKJCL,48,6,100,,
NGPL,28,38,126,,
NGPL,3,38,78,,
NGPL,28,38,186,,
NGPL,58,38,10,,
AKPL,39,33,75,,
NIFRA,11,45,50,,
NABIL,48,49,10,,
HIDCL,58,37,200,,
KSBBL,32,47,100,,
MLBSL,49,25,10,,
MLBSL,7,25,10,,
MLBSL,34,25,20,,
HDL,25,50,80,,
MLBSL,58,25,10,,
TRH,43,53,30,,
NUBL,10,59,480,,
IGI,3,10,150,,
AHPC,42,5,2175,,
AHPC,38,5,500,,
AHPC,16,5,950,,
AHPC,36,5,2000,,
AHPC,58,5,500,,
AHPC,4,5,100,,
AHPC,6,5,50,,
AHPC,34,5,200,,
AHPC,18,5,100,,
AHPC,49,5,50,,
AHPC,45,5,1000,,
AHPC,32,5,300,,
AHPC,26,5,200,,
AHPC,26,5,900,,
AHPC,26,5,900,,
AHPC,49,5,75,,
MKJC,32,48,10,,
MLBL,52,49,15,,
NUBL,13,59,20,,
AKPL,49,33,70,,
UPPER,49,50,500,,
SGI,57,29,10,,
SGI,57,57,10,,
NIFRA,11,34,50,,
PFL,22,57,55,,
PFL,22,38,45,,
NGPL,54,59,30,,
MNBBL,11,10,100,,
NICL,58,35,200,,
KBL,46,40,20,,
NIFRA,17,36,100,,
AKPL,49,33,31,,
MKJC,28,58,50,,
HIDCL,35,51,80,,
AHPC,49,29,100,,
AHPC,35,29,100,,
MBL,29,57,150,,
MKJC,28,28,50,,
IGI,3,25,100,,
IGI,3,57,74,,
SLI,14,34,10,,
HDL,58,42,33,,
HDL,38,42,20,,
HDL,19,42,15,,
HDL,35,42,42,,
HDL,26,42,50,,
HDL,45,42,40,,
PFL,33,38,25,,
PPCL,33,28,74,,
PPCL,33,28,1000,,
PPCL,28,28,926,,
CHL,59,58,450,,
CHL,59,44,350,,
CHCL,21,49,90,,
CHCL,42,49,10,,
SLI,47,32,10,,
SLI,47,50,10,,
NABIL,48,58,45,,
JOSHI,5,8,25,,
TPC,26,47,10,,
CBBL,58,49,20,,
SAHAS,59,49,10,,
JBLB,48,22,10,,
UNHPL,6,51,187,,
IGI,22,57,50,,
IGI,22,57,50,,
SPDL,59,34,500,,
CHDC,51,48,10,,
SHPC,51,35,20,,
SHPC,58,35,80,,
NUBL,58,59,300,,
NUBL,57,59,100,,
NUBL,57,59,20,,
NUBL,58,59,25,,
NUBL,52,59,50,,
NUBL,3,59,10,,
NUBL,34,59,50,,
NUBL,39,59,100,,
NUBL,8,59,100,,
NUBL,13,59,100,,
NUBL,58,59,10,,
NUBL,49,59,10,,
NUBL,22,59,50,,
NUBL,55,59,20,,
NUBL,45,59,40,,
NUBL,21,59,100,,
NUBL,59,59,40,,
NUBL,16,59,15,,
NUBL,43,59,10,,
NUBL,21,59,50,,
NUBL,25,59,100,,
NUBL,34,59,20,,
NUBL,42,59,100,,
NUBL,39,59,150,,
NEF,1,59,914,,
NUBL,45,59,40,,
NUBL,34,59,100,,
NEF,37,59,1000,,
SAHAS,59,51,10,,
NTC,38,44,20,,
SLI,14,7,10,,
LEC,45,58,50,,
UPPER,49,49,10,,
UPPER,57,49,100,,
UPPER,1,49,100,,
UPPER,33,49,40,,
SAHAS,3,4,17,,
SAHAS,3,58,10,,
LBBL,38,18,100,,
LBBL,38,21,230,,
UMHL,44,38,100,,
NRIC,6,34,50,,
NRIC,6,35,10,,
SLI,14,34,10,,
HDHPC,3,16,100,,
SLICL,38,25,80,,
LBL,44,33,20,,
CBBL,32,51,10,,
SHEL,7,21,10,,
CIT,3,49,67,,
CIT,25,49,33,,
NLIC,45,29,35,,
SAHAS,59,46,10,,
JOSHI,35,42,3980,,
NICL,58,42,100,,
BFC,4,51,90,,
CIT,19,55,30,,
GBIME,52,1,93,,
NIFRA,58,36,10,,
AKPL,57,33,25,,
NIL,14,41,50,,
HDL,25,50,10,,
GBIME,21,29,50,,
PCBL,4,51,700,,
HDHPC,50,42,100,,
GBIME,57,29,100,,
PRVU,36,7,13,,
PRVU,44,7,19,,
API,18,25,371,,
CIT,19,19,50,,
AHPC,49,13,25,,
ADBL,54,54,37,,
ADBL,1,54,50,,
ADBL,41,54,15,,
NMB,29,52,300,,
NMB,49,52,200,,
PROFL,45,33,490,,
SGI,57,49,10,,
SLICL,38,53,20,,
UPPER,14,45,40,,
AHPC,13,57,30,,
NRN,41,5,100,,
PROFL,34,33,10,,
GRDBL,48,50,20,,
CZBIL,13,21,276,,
CZBIL,16,21,224,,
SLI,14,21,10,,
MNBBL,49,10,480,,
ILBS,34,59,30,,
ILBS,17,59,50,,
ILBS,41,59,46,,
ILBS,1,59,10,,
SIFC,38,47,100,,
LBBL,58,21,40,,
IGI,39,57,15,,
IGI,45,57,11,,
PRIN,57,33,20,,
AKPL,19,33,150,,
AKJCL,41,1,297,,
AKJCL,28,1,303,,
AKJCL,43,1,200,,
AKJCL,41,1,200,,
PPCL,28,49,74,,
PPCL,28,49,30,,
HDHPC,3,46,100,,
NUBL,55,47,400,,
NUBL,21,47,125,,
NUBL,37,47,20,,
NUBL,22,47,70,,
NUBL,25,47,100,,
NUBL,58,47,25,,
HIDCL,3,7,600,,
HIDCL,39,7,10,,
HIDCL,25,7,190,,
NIFRA,45,36,10,,
UNHPL,50,51,100,,
JBLB,35,25,10,,
HIDCL,25,41,10,,
BPCL,13,51,40,,
SKBBL,17,35,10,,
AKPL,25,33,50,,
MNBBL,49,16,20,,
MLBL,52,55,25,,
MLBL,45,55,50,,
SJCL,6,34,50,,
SHPC,51,42,15,,
JBLB,41,48,10,,
SHPC,6,42,100,,
SHPC,57,42,1000,,
SHPC,34,42,200,,
SHPC,25,42,1000,,
SHPC,18,42,15,,
SHPC,56,42,200,,
SHPC,6,42,50,,
SHPC,41,42,10,,
SHPC,58,42,500,,
SHPC,25,42,250,,
SHPC,11,42,200,,
SHPC,28,42,100,,
SHPC,45,42,500,,
SHPC,49,42,40,,
SHPC,51,42,320,,
NHPC,54,16,200,,
SLI,14,29,10,,
CHDC,51,21,10,,
NRIC,38,16,68,,
NRIC,47,16,12,,
NRIC,47,16,20,,
NMFBS,14,33,49,,
PFL,22,49,25,,
RLI,26,51,10,,
RLI,26,29,10,,
SAHAS,59,49,10,,
UNHPL,6,51,200,,
UNHPL,21,51,20,,
UNHPL,45,51,10,,
UNHPL,49,51,100,,
UNHPL,51,51,60,,
NGPL,7,45,500,,
NGPL,42,45,11,,
NGPL,54,45,10,,
NGPL,1,45,30,,
NGPL,43,45,200,,
NLIC,45,50,20,,
NGPL,52,45,25,,
NABIL,56,39,300,,
HIDCL,3,14,100,,
SBL,13,41,450,,
NIFRA,11,4,95,,
SHINE,48,53,30,,
SHINE,32,53,20,,
NLIC,39,38,15,,
NIFRA,57,4,190,,
NIFRA,11,4,100,,
NIFRA,21,4,250,,
PMHPL,32,49,670,,
PMHPL,51,49,100,,
AKPL,58,33,20,,
SANIMA,49,58,100,,
SPDL,59,58,100,,
SHPC,51,56,180,,
SHPC,13,56,20,,
VLBS,6,36,10,,
CHL,33,44,50,,
MLBS,38,58,10,,
KPCL,58,59,40,,
GBIME,6,29,50,,
KPCL,32,59,10,,
KPCL,34,59,100,,
KPCL,43,59,120,,
KPCL,17,59,30,,
KBL,14,40,10,,
HDHPC,20,35,163,,
HDHPC,38,35,162,,
HDHPC,47,35,50,,
HDHPC,19,35,25,,
HDHPC,43,35,100,,
AHPC,49,42,300,,
SFCL,43,38,100,,
SFMF,4,59,10000,,
SLI,14,49,10,,
AKPL,53,33,200,,
AKPL,42,33,10,,
NUBL,58,45,15,,
NUBL,57,45,27,,
NUBL,45,45,50,,
NUBL,17,45,30,,
NUBL,58,45,35,,
NUBL,17,45,100,,
NUBL,55,45,400,,
NUBL,17,45,50,,
MEGA,45,13,10,,
CCBL,57,13,20,,
NABIL,17,39,20,,
NABIL,8,39,15,,
NABIL,44,39,32,,
NABIL,49,39,60,,
NABIL,25,39,50,,
NABIL,58,39,50,,
NABIL,21,39,20,,
NABIL,22,39,10,,
NABIL,22,39,10,,
NABIL,54,39,10,,
NABIL,58,39,10,,
NABIL,4,39,11,,
NABIL,53,39,20,,
NABIL,13,39,271,,
PCBL,58,51,30,,
AHPC,32,42,200,,
API,58,25,100,,
AKPL,42,50,10,,
SGI,49,49,40,,
CCBL,6,13,200,,
CCBL,28,13,100,,
CCBL,38,13,100,,
CCBL,42,13,59,,
GBLBS,3,44,205,,
AKPL,58,38,134,,
AKPL,58,39,100,,
AKPL,58,33,852,,
AKPL,58,25,900,,
AKPL,58,53,14,,
AKJCL,48,21,15,,
SLICL,11,4,50,,
HPPL,34,25,145,,
NTC,59,43,125,,
AKPL,59,53,11,,
CZBIL,16,13,431,,
NABIL,56,34,230,,
NABIL,56,52,70,,
AKPL,57,58,11,,
CBL,57,41,25,,
SANIMA,1,29,50,,
SANIMA,1,1,50,,
UNHPL,51,48,40,,
GILB,34,28,17,,
API,47,42,500,,
NHPC,38,42,940,,
MFIL,22,16,40,,
MFIL,57,16,100,,
NABIL,13,48,20,,
MMF1,47,57,300,,
MMF1,47,57,200,,
SLI,14,21,10,,
GBIME,38,1,100,,
HIDCL,34,41,300,,
GRDBL,48,50,200,,
HIDCL,3,46,81,,
HIDCL,19,46,39,,
SAHAS,59,38,10,,
MLBSL,49,58,20,,
SANIMA,38,1,100,,
NLICL,13,8,500,,
NLICL,38,8,16,,
NLICL,49,8,550,,
NLICL,58,8,500,,
NLICL,36,8,100,,
NLICL,6,8,40,,
NLICL,33,8,10,,
JBLB,41,45,10,,
PCBL,1,51,50,,
VLBS,44,36,50,,
VLBS,1,36,100,,
VLBS,18,36,40,,
HIDCL,28,41,30,,
NTC,59,57,55,,
NUBL,50,34,100,,
NUBL,52,34,53,,
NUBL,40,34,787,,
NABIL,56,52,30,,
NABIL,56,49,100,,
NABIL,56,58,20,,
NABIL,56,49,150,,
HDHPC,6,21,38,,
HDHPC,6,14,162,,
NEF,58,59,100,,
NEF,35,59,1000,,
MLBL,41,52,73,,
MLBL,38,52,500,,
MLBL,39,52,500,,
MLBL,43,52,100,,
MLBL,17,52,200,,
MLBL,7,52,500,,
MLBL,44,52,100,,
MLBL,28,52,27,,
NICL,29,21,100,,
PFL,36,49,100,,
NGPL,43,49,3773,,
RLI,18,28,50,,
CIT,19,50,20,,
NTC,59,57,10,,
NTC,59,37,250,,
NTC,59,58,200,,
NTC,59,58,20,,
NTC,59,45,200,,
NTC,59,42,50,,
NTC,59,49,50,,
NTC,59,49,40,,
NBL,58,33,10,,
MKJC,32,58,10,,
NGPL,43,48,227,,
PRVU,44,52,181,,
PRVU,1,52,21,,
PRVU,44,52,18,,
PRVU,21,52,50,,
PRVU,49,52,30,,
PRVU,22,52,200,,
API,47,45,27,,
API,6,45,10,,
API,39,45,10,,
NRIC,47,57,88,,
NRIC,58,57,100,,
NRIC,38,57,100,,
NRIC,51,57,12,,
GIMES1,17,7,500,,
GIMES1,57,7,400,,
HIDCL,17,41,10,,
NMFBS,57,33,41,,
RHPL,21,44,100,,
SAHAS,57,4,15,,
MDB,45,45,432,,
MDB,38,45,50,,
MDB,19,45,100,,
MDB,45,45,100,,
MDB,14,45,100,,
MDB,19,45,10,,
MDB,40,45,110,,
MDB,52,45,300,,
MDB,26,45,500,,
MDB,42,45,200,,
MDB,58,45,50,,
MDB,56,45,18,,
MDB,59,45,30,,
RMDC,45,54,40,,
SBL,35,21,56,,
SIFC,21,45,95,,
RLFL,34,51,322,,
PRVU,58,7,100,,
GIC,22,21,10,,
UPPER,49,35,70,,
JBBL,22,44,100,,
UMHL,42,29,300,,
FMDBL,57,35,100,,
FMDBL,6,35,50,,
TPC,20,38,10,,
SFCL,20,48,100,,
BPCL,34,52,20,,
NBB,47,16,300,,
NBB,58,16,200,,
NBB,33,16,312,,
NBB,17,16,200,,
NBB,22,16,200,,
NBB,34,16,50,,
NBB,51,16,204,,
NBB,42,16,55,,
NBB,1,16,10000,,
NBB,34,16,200,,
NBB,49,16,1000,,
NBB,11,16,150,,
NBB,21,16,100,,
NBB,34,16,50,,
STC,52,16,10,,
NBB,32,16,80,,
CHDC,51,55,10,,
UNHPL,51,41,100,,
LBBL,58,47,80,,
NBL,58,36,50,,
SAHAS,57,49,10,,
AKJCL,48,21,200,,
AKJCL,48,58,150,,
UMHL,56,55,13,,
PLI,4,29,10,,
OHL,29,45,172,,
OHL,10,45,60,,
OHL,22,45,50,,
OHL,45,45,100,,
OHL,59,45,88,,
UNHPL,35,52,50,,
SANIMA,48,29,10,,
SWBBL,3,42,10,,
ULI,1,6,10,,
NRIC,49,36,40,,
CBBL,45,51,60,,
CBBL,49,51,10,,
CBBL,42,51,30,,
PICL,14,45,50,,
API,57,25,10,,
UPCL,18,34,50,,
UPCL,54,34,100,,
KSBBL,17,36,10,,
UMHL,42,55,201,,
UMHL,35,55,100,,
UMHL,17,55,20,,
UMHL,38,55,50,,
UMHL,56,55,500,,
UMHL,21,55,50,,
UMHL,43,55,66,,
MNBBL,11,49,50,,
NLIC,6,50,50,,
NLIC,21,50,40,,
NLIC,38,50,13,,
KRBL,34,54,100,,
NICA,36,36,1061,,
UPCL,18,34,100,,
UPCL,14,34,100,,
VLBS,6,56,30,,
LICN,28,49,247,,
MLBS,28,52,10,,
MFIL,57,14,150,,
MFIL,57,51,50,,
GMFIL,7,54,110,,
GMFIL,7,8,90,,
CHCL,42,43,40,,
AKPL,21,52,17,,
TPC,20,49,10,,
LGIL,44,44,50,,
PLIC,35,10,200,,
NLIC,49,55,150,,
NICLBSL,59,36,10,,
SICL,17,34,83,,
SICL,38,34,17,,
UNHPL,58,52,50,,
SFCL,50,38,50,,
SJCL,6,38,65,,
GMFIL,49,8,250,,
NMB,56,32,50,,
NRIC,21,6,10,,
NRIC,21,50,90,,
NABIL,13,19,308,,
HDL,45,4,20,,
NICA,36,36,720,,
NICA,32,36,100,,
NICA,1,36,190,,
AKJCL,40,21,100,,
NRIC,21,58,10,,
BOKL,6,52,65,,
SAHAS,57,49,10,,
CIT,25,55,27,,
CIT,3,55,100,,
CIT,44,55,23,,
CIT,28,55,100,,
CIT,38,55,50,,
AHPC,36,16,200,,
NHPC,58,34,10,,
NUBL,45,45,45,,
NUBL,45,19,55,,
SAHAS,57,21,10,,
NUBL,42,19,100,,
NHPC,57,25,100,,
SHPC,13,28,480,,
SHPC,48,28,20,,
NHPC,57,42,370,,
NHPC,52,42,100,,
NHPC,5,42,100,,
NHPC,14,42,50,,
NHPC,42,42,200,,
NHPC,34,42,20,,
NHPC,57,42,100,,
NHPC,47,42,500,,
NHPC,34,42,10,,
NHPC,38,42,300,,
NHPC,47,42,200,,
NHPC,39,42,500,,
NHPC,45,42,50,,
NHPC,34,42,1000,,
NHPC,5,42,200,,
NHPC,36,42,500,,
NHPC,19,42,1000,,
NHPC,38,42,100,,
NHPC,56,42,100,,
NHPC,28,42,1000,,
NHPC,57,42,500,,
NHPC,34,42,70,,
NHPC,21,42,30,,
NABIL,13,40,350,,
NABIL,57,40,150,,
NEF,14,59,3000,,
SCB,49,49,30,,
JBLB,41,51,10,,
HIDCL,51,41,20,,
SAHAS,57,45,10,,
CBBL,42,16,60,,
API,21,25,11,,
KSBBL,46,49,12,,
KSBBL,18,49,40,,
KSBBL,58,49,18,,
AKPL,41,33,35,,
AKPL,57,33,20,,
SBL,58,21,20,,
SBL,46,21,50,,
SBL,32,21,14,,
SBL,11,21,10,,
SBL,58,21,100,,
RLFL,50,51,500,,
RLFL,58,51,28,,
RLFL,48,51,100,,
RLFL,39,51,50,,
JBLB,41,42,15,,
JFL,28,59,82,,
NBB,32,52,100,,
SFCL,18,38,465,,
MNBBL,26,49,500,,
MNBBL,44,49,52,,
MNBBL,49,49,60,,
MNBBL,45,49,100,,
MNBBL,48,49,15,,
MNBBL,58,49,50,,
MNBBL,42,49,50,,
MNBBL,43,49,60,,
MNBBL,57,49,40,,
MNBBL,41,49,400,,
MNBBL,57,49,53,,
HPPL,34,32,55,,
HPPL,6,32,200,,
HPPL,50,32,245,,
KBL,14,49,10,,
HDL,54,50,10,,
HIDCL,42,41,30,,
LGIL,7,44,200,,
CBL,44,17,80,,
NTC,48,45,80,,
NTC,44,45,10,,
NTC,44,45,10,,
NUBL,42,19,220,,
ICFC,58,5,55,,
ICFC,45,5,50,,
ICFC,38,5,50,,
ICFC,25,5,200,,
ICFC,47,5,100,,
ICFC,1,5,45,,
AHPC,36,28,300,,
AKPL,41,25,50,,
AKPL,36,25,10,,
AKPL,25,25,35,,
SHINE,32,58,180,,
SAHAS,57,47,10,,
NIFRA,21,58,50,,
GILB,11,45,35,,
RHPL,21,37,170,,
RHPL,49,37,20,,
NRIC,21,50,10,,
HIDCL,50,7,100,,
NICL,35,42,100,,
NICL,41,42,22,,
NICL,41,19,26,,
LBBL,48,17,420,,
LBBL,51,17,80,,
NUBL,4,19,30,,
NUBL,10,19,95,,
GBBL,38,59,240,,
SHINE,32,57,400,,
NUBL,10,52,30,,
PFL,45,38,10,,
JBLB,41,48,10,,
SAHAS,57,48,30,,
JBBL,22,34,39,,
JBBL,34,34,100,,
KBL,58,58,50,,
JBBL,20,34,10,,
JBBL,52,34,116,,
JBBL,1,34,200,,
JBBL,49,34,200,,
JBBL,45,34,20,,
JBBL,51,34,200,,
JBBL,1,34,100,,
JBBL,55,34,15,,
UPCL,58,34,50,,
API,45,58,10,,
NABIL,57,53,50,,
NMB,56,37,50,,
NMB,58,37,50,,
SAHAS,59,56,10,,
MKLB,34,58,10,,
SSHL,32,20,450,,
API,33,58,100,,
PLIC,43,10,25,,
PLIC,59,10,100,,
PLIC,39,10,80,,
PLIC,48,10,50,,
NBF3,28,56,1000,,
SLI,14,21,10,,
NHPC,26,34,805,,
NHPC,26,41,30,,
SIFC,21,39,90,,
NHPC,26,42,165,,
RADHI,32,14,40,,
NIL,51,18,57,,
NIL,45,18,34,,
NIL,41,18,200,,
NIL,50,18,33,,
NIL,29,18,17,,
NIL,33,18,20,,
PLI,4,51,10,,
NIL,52,18,10,,
AHPC,36,41,100,,
AHPC,36,58,100,,
AHPC,36,52,300,,
SADBL,45,21,130,,
SADBL,57,3,100,,
KBL,58,21,55,,
GILB,11,52,38,,
KBL,17,21,25,,
KSBBL,58,53,27,,
KSBBL,33,53,400,,
NHPC,26,42,100,,
KSBBL,45,53,73,,
NLIC,38,29,20,,
SHINE,32,34,470,,
NRIC,45,49,10,,
NRIC,45,26,10,,
CBL,57,17,20,,
KBL,8,49,700,,
LBBL,51,8,120,,
LBBL,42,8,54,,
LBBL,5,8,11,,
LBBL,41,8,100,,
LBBL,38,8,15,,
CBL,44,22,26,,
GBBL,58,59,10,,
BOKL,42,52,35,,
MBL,58,46,180,,
AKPL,42,33,23,,
JLI,21,49,10,,
JBBL,55,49,15,,
HDHPC,49,21,30,,
SINDU,45,34,210,,
NHPC,14,42,65,,
NHPC,1,42,100,,
NHPC,52,42,100,,
NHPC,8,42,100,,
NHPC,34,42,1000,,
NHPC,45,42,500,,
NHPC,38,42,1000,,
NHPC,19,42,30,,
NHPC,3,42,610,,
NHPC,52,42,230,,
ICFC,1,45,85,,
ICFC,14,45,200,,
ICFC,34,45,100,,
ICFC,21,45,500,,
ICFC,38,45,100,,
ICFC,48,45,300,,
ICFC,42,45,10,,
ICFC,22,45,30,,
ICFC,8,45,50,,
ICFC,6,45,200,,
ICFC,42,45,200,,
ICFC,8,45,20,,
ICFC,58,45,100,,
ICFC,49,45,80,,
ICFC,57,45,25,,
AHPC,18,34,100,,
SANIMA,40,53,20,,
CFCL,38,44,20,,
CFCL,49,44,80,,
NICA,1,43,610,,
NICA,58,43,20,,
NICA,58,43,20,,
NICA,38,43,20,,
NICA,35,43,100,,
NICA,57,43,10,,
NICA,45,43,50,,
NICA,47,43,10,,
NICA,57,43,10,,
NICA,34,43,50,,
NICA,28,43,250,,
NICA,57,43,10,,
NICA,52,43,100,,
NICA,6,43,50,,
NICA,8,43,50,,
NICA,14,43,200,,
NICA,17,43,80,,
SINDU,41,17,500,,
AIL,22,48,15,,
AIL,29,48,100,,
AIL,57,48,100,,
API,56,58,77,,
API,56,40,30,,
NFS,34,47,100,,
NBB,32,49,50,,
NBB,32,50,20,,
NBB,32,16,750,,
HDHPC,43,46,100,,
SFCL,18,32,15,,
SFCL,18,42,20,,
IGI,39,39,5000,,
JFL,32,59,200,,
JFL,42,59,10,,
JFL,34,59,408,,
JFL,51,59,50,,
MHNL,45,33,10,,
MHNL,14,33,150,,
API,28,40,50,,
API,29,40,20,,
API,28,40,50,,
API,44,40,50,,
HIDCL,19,19,61,,
AKPL,42,32,27,,
BOKL,42,59,290,,
BOKL,42,59,10,,
AKPL,6,32,60,,
AKPL,33,32,13,,
NBF2,29,42,150,,
ULI,1,21,10,,
HDL,35,38,58,,
HDL,43,38,10,,
HDL,48,38,10,,
HDL,47,38,10,,
HDL,53,38,10,,
HDL,14,38,20,,
HDL,55,38,20,,
HDL,39,38,10,,
HDL,42,38,20,,
HDL,58,38,32,,
HDL,52,38,10,,
HDL,32,38,50,,
HDL,25,38,20,,
HDL,35,38,20,,
SHEL,53,21,10,,
MHNL,14,49,50,,
CGH,21,51,10,,
TRH,43,58,100,,
FOWAD,39,34,90,,
FOWAD,58,34,10,,
UNHPL,49,51,260,,
FOWAD,39,34,500,,
UNHPL,8,51,563,,
FOWAD,58,34,200,,
FOWAD,39,34,100,,
FOWAD,14,34,100,,
PROFL,14,16,190,,
NABIL,55,19,100,,
GMFIL,49,57,200,,
DHPL,34,21,10,,
DHPL,17,21,40,,
DHPL,33,21,450,,
NRIC,21,35,80,,
NRIC,17,35,10,,
NRIC,28,35,10,,
NRIC,19,26,10,,
NUBL,10,1,50,,
SKBBL,58,35,50,,
SKBBL,45,35,50,,
SKBBL,42,35,30,,
SCB,25,49,19,,
DHPL,33,41,50,,
SFCL,58,45,1450,,
SFCL,29,45,100,,
SFCL,14,45,150,,
SFCL,47,45,50,,
SFCL,45,45,200,,
SFCL,52,45,50,,
NGPL,22,59,30,,
PROFL,39,57,30,,
GBBL,57,41,100,,
GBBL,41,41,200,,
NMFBS,16,46,50,,
NMFBS,58,46,10,,
NMFBS,34,46,10,,
MEGA,42,13,50,,
NLBBL,44,52,263,,
NLBBL,10,52,27,,
NLBBL,49,52,10,,
NMFBS,33,33,10,,
NMFBS,20,33,140,,
NMFBS,19,33,10,,
NMFBS,53,33,70,,
UPPER,56,45,34,,
UPPER,56,49,29,,
UPPER,56,42,140,,
AKJCL,6,21,150,,
AKJCL,58,21,35,,
PPCL,33,49,25,,
SHINE,32,43,900,,
PMHPL,49,1,70,,
PMHPL,26,1,290,,
PMHPL,26,3,10,,
PMHPL,47,3,50,,
API,22,58,200,,
BFC,4,43,50,,
MEGA,57,51,50,,
API,33,58,100,,
SHINE,14,34,30,,
CGH,34,21,100,,
CGH,48,21,20,,
PCBL,21,45,20,,
MLBL,28,20,673,,
MLBL,43,20,100,,
MLBL,25,20,1027,,
MLBL,48,20,150,,
MLBL,48,20,50,,
SADBL,56,21,100,,
SADBL,14,21,1000,,
NICL,32,21,50,,
SADBL,8,21,40,,
NICL,32,21,50,,
SADBL,32,21,105,,
SLI,14,36,10,,
KBL,8,33,1000,,
KBL,45,49,30,,
MBL,21,52,500,,
MHNL,26,33,136,,
NIFRA,7,1,270,,
NIFRA,21,1,10,,
NIFRA,42,1,100,,
KKHC,22,33,15,,
KKHC,33,33,10,,
TRH,43,54,250,,
API,51,58,114,,
API,51,37,86,,
SJCL,6,38,20,,
HPPL,50,57,70,,
HPPL,43,57,30,,
TPC,20,29,10,,
RSDC,16,32,10,,
RSDC,38,32,77,,
CHL,20,42,200,,
JOSHI,45,58,20,,
KBL,8,16,200,,
API,34,38,82,,
KPCL,58,58,50,,
RHPL,42,41,280,,
RHPL,44,41,100,,
NHPC,52,41,170,,
NGPL,43,49,30,,
NICLBSL,42,48,10,,
SANIMA,8,21,48,,
CGH,48,21,180,,
SANIMA,49,21,25,,
CGH,56,21,110,,
SANIMA,55,21,19,,
CGH,19,21,100,,
SANIMA,7,21,50,,
CGH,48,21,20,,
SANIMA,48,21,20,,
CGH,17,21,20,,
SANIMA,58,21,25,,
CGH,57,21,20,,
SANIMA,42,21,63,,
CGH,5,21,50,,
AKPL,33,52,110,,
AKPL,47,52,20,,
AKPL,54,52,50,,
AKPL,29,52,20,,
HIDCL,35,58,100,,
NBL,58,54,340,,
JBBL,35,34,981,,
JBBL,4,34,200,,
JBBL,42,34,48,,
JBBL,28,34,641,,
JBBL,42,34,50,,
JBBL,38,34,80,,
GFCL,28,45,425,,
GFCL,32,45,25,,
GFCL,37,45,300,,
GFCL,14,45,100,,
GFCL,7,45,100,,
GFCL,51,45,50,,
API,44,58,100,,
CFCL,49,54,20,,
SBL,13,41,50,,
HDHPC,52,21,378,,
JBBL,16,48,50,,
MEN,38,20,10,,
SMATA,14,34,40,,
NRIC,58,42,10,,
SHINE,32,49,500,,
SHINE,32,45,550,,
NBF2,16,14,100,,
SHINE,45,45,450,,
SAHAS,59,7,100,,
NMFBS,14,46,100,,
JLI,42,47,10,,
CBBL,42,37,60,,
NHPC,21,26,71,,
PROFL,43,16,310,,
HDL,1,49,10,,
NLG,33,37,450,,
JLI,42,43,10,,
GILB,11,45,127,,
GILB,43,45,10,,
ULI,1,35,10,,
SLI,14,47,10,,
SAHAS,59,41,10,,
SAHAS,59,58,10,,
SAHAS,59,6,10,,
NIL,50,42,17,,
MFIL,21,14,60,,
SBL,58,44,400,,
SBL,49,44,100,,
SBL,21,44,100,,
MFIL,58,14,40,,
KBL,8,49,100,,
LICN,28,49,10,,
ICFC,41,19,80,,
SINDU,41,22,20,,
PRVU,35,32,100,,
RADHI,14,49,75,,
NFS,50,51,135,,
BFC,4,29,60,,
SICL,38,49,13,,
GBIME,43,49,20,,
NGPL,22,58,470,,
NGPL,10,58,30,,
OHL,42,25,500,,
HDHPC,52,10,10,,
SFCL,8,35,200,,
NFS,4,51,430,,
TRH,43,50,50,,
MLBL,48,28,450,,
MLBL,19,28,10,,
MLBL,17,28,500,,
MLBL,56,28,40,,
SADBL,32,32,220,,
SADBL,32,32,280,,
SSHL,43,52,210,,
SSHL,16,52,30,,
SSHL,25,52,600,,
SSHL,42,52,50,,
SSHL,52,52,600,,
SSHL,41,52,10,,
NTC,48,58,10,,
NUBL,10,29,25,,
NIL,36,42,50,,
MLBS,32,58,10,,
NIFRA,34,41,10,,
NIFRA,51,41,20,,
NIFRA,41,41,30,,
KKHC,33,28,90,,
KKHC,42,28,100,,
PPCL,33,52,75,,
GBBL,59,51,50,,
GBBL,59,40,84,,
NICA,17,6,20,,
NABIL,25,19,50,,
NABIL,18,19,50,,
NABIL,1,19,50,,
SAHAS,48,58,10,,
UPPER,55,42,50,,
SIGS2,37,14,100,,
AHPC,33,50,386,,
ADBL,41,28,10,,
ADBL,34,28,50,,
GFCL,38,51,100,,
RHPL,57,37,10,,
NHPC,3,21,390,,
NHPC,41,21,500,,
NHPC,46,21,70,,
NHPC,55,21,50,,
NHPC,56,21,40,,
NHPC,28,11,50,,
SBL,21,44,100,,
SBL,29,44,400,,
NHPC,45,46,50,,
CBL,25,22,20,,
SADBL,32,35,20,,
SADBL,34,35,100,,
MLBS,32,59,10,,
NMB,45,45,10,,
NICLBSL,41,36,15,,
KSBBL,45,21,55,,
NIL,45,42,30,,
NBL,58,51,100,,
JOSHI,7,42,20,,
JFL,34,32,210,,
SRBL,38,19,500,,
MKLB,57,58,10,,
AKPL,39,33,148,,
AKPL,39,25,500,,
SAHAS,17,17,10,,
MEGA,52,51,10,,
AKPL,39,4,100,,
UPPER,59,42,10,,
SIFC,22,38,1000,,
KSBBL,45,57,25,,
NIL,6,42,100,,
JBLB,41,33,43,,
JBLB,47,33,17,,
RBCLPO,4,42,190,,
RBCLPO,56,42,20,,
RBCLPO,17,42,50,,
RBCLPO,21,42,20,,
RBCLPO,7,42,10,,
RBCLPO,4,42,50,,
RBCLPO,57,42,20,,
RBCLPO,51,42,30,,
RBCLPO,7,42,10,,
KBL,8,26,1000,,
MFIL,10,14,50,,
NUBL,32,29,50,,
ILBS,29,59,10,,
ILBS,45,59,50,,
ILBS,39,59,20,,
ILBS,34,59,58,,
ILBS,25,59,10,,
ILBS,22,59,50,,
ILBS,35,59,30,,
ILBS,53,59,206,,
ILBS,37,59,10,,
ILBS,47,59,50,,
GMFIL,49,21,200,,
NFS,58,51,50,,
IGI,45,44,25,,
GLH,22,49,10,,
NMFBS,58,46,50,,
AKPL,39,42,158,,
NIL,4,42,10,,
MNBBL,38,13,50,,
MNBBL,38,58,50,,
SAHAS,48,47,10,,
NICLBSL,42,16,20,,
GMFIL,49,57,810,,
GMFIL,51,57,190,,
NRIC,45,49,270,,
NRIC,45,1,30,,
AKPL,39,21,94,,
AKPL,58,21,50,,
AKPL,39,21,56,,
UNHPL,8,42,210,,
PROFL,43,42,50,,
CGH,45,47,10,,
KLBSL,6,43,20,,
MMFDB,36,35,100,,
GLICL,35,36,46,,
BOKL,42,59,50,,
BOKL,17,59,100,,
BOKL,41,59,200,,
BOKL,36,59,50,,
HURJA,35,42,300,,
HURJA,1,42,100,,
SFCL,46,42,30,,
HURJA,40,42,100,,
ULI,1,52,10,,
GBBL,44,40,316,,
ICFC,49,19,130,,
SAHAS,48,49,10,,
ICFC,49,44,70,,
CIT,44,55,27,,
HIDCL,14,42,184,,
HIDCL,59,42,100,,
HIDCL,19,42,50,,
HIDCL,7,42,200,,
HIDCL,58,42,326,,
ULI,21,41,10,,
MLBS,49,8,10,,
SSHL,41,49,50,,
GLH,22,6,10,,
UPPER,41,33,500,,
UPPER,41,44,500,,
ULI,21,57,10,,
BBC,57,45,10,,
NGPL,7,49,50,,
HIDCL,59,14,25,,
HIDCL,59,14,20,,
HDHPC,52,8,100,,
ULI,21,45,10,,
SJCL,13,38,50,,
NMFBS,22,33,12,,
NMFBS,19,33,20,,
NMFBS,45,33,50,,
NMFBS,45,33,50,,
PRVU,35,32,58,,
AKJCL,58,21,100,,
CHDC,51,42,10,,
NBF3,29,48,200,,
SBL,51,44,30,,
UPPER,49,52,1100,,
SBL,45,44,270,,
SBL,7,44,1000,,
SBL,40,44,100,,
SBL,34,44,500,,
SBL,7,44,100,,
SBL,28,44,1000,,
UMRH,40,34,10,,
NFS,35,51,20,,
ICFC,36,44,20,,
JLI,42,4,10,,
UPCL,58,57,50,,
NUBL,32,59,50,,
SHIVM,38,53,150,,
AKJCL,58,48,50,,
GMFIL,51,59,10,,
GMFIL,35,59,20,,
GIMES1,57,52,100,,
KKHC,28,20,950,,
RLI,22,21,10,,
NBL,58,10,170,,
NBL,56,10,10,,
NBL,58,10,120,,
NUBL,40,52,50,,
TRH,43,54,250,,
PPCL,55,47,100,,
ULI,21,55,10,,
CHL,34,58,20,,
NHPC,48,34,20,,
NHPC,34,34,100,,
NHPC,51,34,42,,
CORBL,45,7,20,,
MEGA,34,51,40,,
GBBL,44,13,250,,
UPPER,55,29,200,,
UPPER,58,29,100,,
API,51,58,74,,
CCBL,42,52,441,,
CCBL,17,52,59,,
SLI,14,51,10,,
ICFC,38,44,10,,
SPDL,45,45,495,,
SPDL,14,45,1000,,
SPDL,34,45,200,,
SPDL,38,45,200,,
SPDL,42,45,10,,
SPDL,45,45,41,,
SPDL,52,45,54,,
EIC,17,21,75,,
EIC,45,21,25,,
SAHAS,48,39,10,,
AKPL,39,45,144,,
AKPL,26,45,400,,
AKPL,7,45,10,,
AKPL,43,45,50,,
AKPL,19,45,100,,
AKPL,1,45,100,,
AKPL,21,45,100,,
AKPL,21,45,10,,
AKPL,16,45,500,,
AKPL,55,45,400,,
AKPL,44,45,325,,
AKPL,7,45,650,,
AKPL,50,45,100,,
AKPL,14,45,25,,
AKPL,26,45,25,,
AKPL,7,45,50,,
AKPL,16,45,500,,
AKPL,38,45,11,,
CIT,21,55,20,,
BPCL,34,54,10,,
MKLB,57,58,10,,
SAHAS,48,49,10,,
SPDL,52,49,50,,
NICSF,51,19,200,,
NIFRA,26,29,18,,
NIFRA,42,29,20,,
SHIVM,38,43,100,,
NIFRA,7,29,20,,
NIFRA,32,29,30,,
NIFRA,49,29,35,,
NIFRA,38,29,77,,
SIFC,47,39,100,,
SIFC,25,39,200,,
SIFC,7,39,500,,
HIDCL,41,26,6,,
HIDCL,38,26,54,,
HIDCL,38,46,80,,
HIDCL,38,5,66,,
SPDL,52,58,16,,
SPDL,57,58,20,,
SPDL,35,58,64,,
MFIL,10,49,50,,
MFIL,51,49,50,,
MLBL,52,1,200,,
MLBS,49,45,10,,
UNHPL,8,38,227,,
CCBL,17,25,151,,
CBBL,42,35,50,,
RLI,22,52,10,,
SAHAS,48,48,10,,
TPC,58,47,10,,
LBBL,4,58,2000,,
LBBL,55,58,500,,
PLIC,7,45,200,,
PLIC,38,45,80,,
BPCL,34,38,50,,
NABIL,28,19,50,,
KBL,1,26,100,,
JLI,42,41,10,,
KSBBL,45,51,847,,
KSBBL,21,51,153,,
NRIC,33,1,10,,
NABIL,35,19,125,,
NGPL,28,49,380,,
KKHC,32,20,160,,
NIFRA,38,43,23,,
NIFRA,36,43,12,,
NIFRA,57,43,765,,
JLI,42,6,60,,
NHPC,56,4,250,,
SRBL,38,33,473,,
SRBL,38,49,37,,
SRBL,38,54,500,,
SRBL,38,40,490,,
NRIC,50,1,10,,
GLICL,37,48,200,,
CIT,17,55,200,,
CIT,58,55,39,,
CIT,35,55,14,,
CIT,11,55,40,,
CIT,37,55,10,,
SKBBL,41,35,15,,
AKPL,38,25,289,,
AKPL,19,25,200,,
AKPL,28,25,511,,
SAPDBL,32,17,410,,
NTC,57,51,100,,
GBIME,52,48,20,,
NCCB,34,26,200,,
HDHPC,52,58,512,,
HDHPC,26,58,500,,
HDHPC,58,58,438,,
DDBL,21,35,25,,
HDHPC,19,58,50,,
GFCL,51,51,50,,
NHPC,51,26,50,,
NHPC,34,26,100,,
NLIC,38,48,10,,
SRBL,22,40,10,,
JBLB,17,33,50,,
EDBL,19,11,38,,
EDBL,19,11,160,,
NTC,50,58,100,,
NRIC,44,59,15,,
RLI,22,57,180,,
UPPER,58,49,50,,
NGPL,28,20,100,,
KBL,34,26,64,,
LBBL,4,58,250,,
NABIL,58,19,50,,
SFCL,46,19,200,,
SFCL,21,19,100,,
SFCL,42,19,500,,
SFCL,48,19,50,,
SFCL,17,19,150,,
AHPC,33,21,100,,
AHPC,28,21,700,,
HIDCL,38,7,300,,
RLFL,42,5,40,,
RLFL,42,5,20,,
AKPL,26,56,20,,
HIDCL,57,5,10,,
PFL,52,49,95,,
MLBL,52,25,300,,
DHPL,17,50,150,,
JLI,42,21,10,,
PRVU,35,7,42,,
PRVU,19,7,100,,
PRVU,44,7,50,,
LEC,59,28,100,,
NABIL,17,19,66,,
MLBS,8,47,10,,
NMB,7,20,200,,
JBBL,38,6,20,,
JBBL,35,6,200,,
JBBL,57,6,50,,
JBBL,58,6,30,,
API,51,28,45,,
API,51,36,21,,
API,51,55,60,,
HIDCL,11,5,150,,
GMFIL,14,59,100,,
GMFIL,8,59,20,,
GMFIL,48,59,100,,
UMHL,43,7,34,,
UMHL,34,7,416,,
NGPL,28,41,20,,
CFCL,25,50,70,,
NUBL,40,1,100,,
NUBL,51,1,50,,
CHCL,49,41,100,,
CHCL,58,41,31,,
GFCL,45,51,10,,
TRH,43,32,100,,
MBL,38,26,30,,
USLB,49,17,10,,
SAHAS,48,21,10,,
UMHL,34,42,84,,
UMHL,32,42,20,,
GBBL,44,51,34,,
GBBL,45,51,30,,
GBBL,42,51,10,,
GBBL,4,51,50,,
GBBL,39,51,100,,
GBBL,38,51,200,,
GBBL,38,51,300,,
GBBL,19,51,50,,
GBBL,34,51,261,,
GFCL,58,56,100,,
NIL,58,42,200,,
NIL,34,42,1000,,
NIL,37,42,17,,
NIL,35,42,100,,
NIL,34,42,100,,
NIL,47,42,30,,
NIL,6,42,100,,
NIL,4,42,20,,
NIL,7,42,200,,
NIL,34,42,26,,
AKPL,28,45,489,,
AKPL,3,45,500,,
AKPL,39,45,11,,
NABIL,34,19,64,,
NABIL,55,19,100,,
NABIL,38,19,20,,
NABIL,58,19,150,,
NABIL,10,19,17,,
NCCB,50,50,500,,
NTC,50,4,215,,
NTC,52,4,85,,
CFCL,35,51,75,,
NICA,58,17,20,,
GBIME,49,48,80,,
NBL,58,3,350,,
AKPL,39,52,189,,
AKPL,43,52,311,,
BARUN,6,21,169,,
CMF2,1,14,100,,
AKJCL,29,52,1000,,
AKJCL,52,52,75,,
SFCL,17,33,109,,
SJCL,6,47,40,,
UPPER,56,58,156,,
KSBBL,35,34,100,,
DHPL,48,57,381,,
NIFRA,57,14,235,,
NIFRA,35,14,45,,
NIFRA,42,14,150,,
NIFRA,54,14,70,,
SLI,14,52,10,,
API,52,55,10,,
NICL,40,19,100,,
NICL,32,19,174,,
SANIMA,42,6,40,,
SANIMA,42,29,200,,
NCCB,50,36,15,,
NCCB,50,36,92,,
KSBBL,35,35,100,,
NIFRA,54,41,60,,
MHNL,26,35,164,,
MHNL,29,35,140,,
PPCL,55,47,100,,
LEC,49,57,25,,
LBBL,4,41,50,,
SANIMA,42,58,767,,
SANIMA,8,58,100,,
SFCL,17,3,41,,
SFCL,22,3,80,,
HIDCL,37,5,100,,
BPCL,52,38,50,,
BOKL,28,38,200,,
HURJA,41,39,100,,
GBIME,25,14,20,,
NABIL,34,44,28,,
NABIL,34,57,92,,
NABIL,34,42,160,,
PLI,4,52,10,,
JLI,13,6,100,,
NLG,33,38,50,,
AKJCL,52,34,25,,
AKJCL,53,34,100,,
AKJCL,57,34,25,,
AKJCL,57,34,100,,
SHPC,48,44,87,,
SAHAS,48,39,10,,
SHPC,19,53,100,,
GIMES1,13,52,500,,
CGH,45,49,10,,
JBLB,1,53,90,,
JBLB,1,59,10,,
JBLB,1,13,10,,
JBLB,1,26,10,,
JBLB,1,45,10,,
JBLB,1,21,10,,
JBLB,1,34,10,,
SFCL,28,43,150,,
RHPL,57,26,1000,,
RHPL,6,26,200,,
IGI,48,44,50,,
IGI,1,44,95,,
IGI,1,44,30,,
SFCL,28,17,100,,
GBIME,29,52,190,,
GBIME,58,52,10,,
GBIME,44,52,100,,
GBIME,16,52,100,,
GBIME,28,52,100,,
IGI,1,42,20,,
AKPL,43,50,30,,
SHIVM,38,25,20,,
NTC,52,33,100,,
NTC,21,33,10,,
NTC,32,33,100,,
NTC,38,33,20,,
GIC,22,34,190,,
GIC,39,34,10,,
NHPC,39,4,500,,
NMBMF,57,45,50,,
NIFRA,58,43,100,,
RHPL,6,57,50,,
CORBL,47,59,11,,
NICL,32,52,70,,
NBF3,3,48,300,,
NHPC,18,4,100,,
NHPC,52,4,100,,
NHPC,11,4,200,,
NHPC,39,4,206,,
NHPC,42,4,100,,
NHPC,43,4,1000,,
NHPC,25,4,100,,
NHPC,56,4,25,,
NHPC,8,4,44,,
NHPC,14,4,150,,
NHPC,28,4,100,,
NHPC,41,4,100,,
NHPC,3,4,100,,
NHPC,34,4,1000,,
NHPC,21,4,50,,
NHPC,58,4,10,,
NHPC,13,4,100,,
NHPC,16,4,50,,
NHPC,34,4,500,,
NHPC,20,4,7364,,
SSHL,50,32,500,,
SSHL,6,32,150,,
NIL,34,42,24,,
NIL,52,42,50,,
NIL,49,42,100,,
NIL,44,42,128,,
NIL,54,42,30,,
NIL,57,42,47,,
NIL,17,42,50,,
NIL,39,42,100,,
NIL,50,42,90,,
NIL,1,42,80,,
NIL,42,42,50,,
NIL,34,42,50,,
NIL,38,42,35,,
NIL,34,42,10,,
NIL,21,42,50,,
NIL,13,42,1500,,
NIL,34,42,35,,
NIL,14,42,30,,
NIL,17,42,12,,
NIL,49,42,230,,
NIL,7,42,35,,
NIL,21,42,10,,
NIL,16,42,50,,
NIL,14,42,50,,
NIL,19,42,50,,
NIL,49,42,100,,
NIL,50,42,158,,
NIL,21,42,53,,
NIL,52,42,20,,
NIL,57,42,50,,
NIL,37,42,100,,
NIL,49,42,25,,
NIL,3,42,10,,
NIL,45,42,20,,
NIL,19,42,10,,
NIL,37,42,250,,
NIL,22,42,20,,
NIL,1,42,100,,
NIL,28,42,50,,
NIL,20,42,10,,
NIL,17,42,50,,
NIL,43,42,100,,
NIL,14,42,50,,
NIL,42,42,16,,
NIL,57,42,35,,
NIL,25,42,200,,
NIL,47,42,20,,
NIL,14,42,50,,
NIL,40,42,20,,
NIL,8,42,33,,
NIL,6,42,109,,
NIL,53,42,20,,
NIL,17,42,100,,
NIL,59,42,40,,
NIL,34,42,100,,
NIL,22,42,20,,
NIL,36,42,40,,
NIL,51,42,100,,
NIL,58,42,25,,
NUBL,40,50,63,,
NUBL,43,50,25,,
NUBL,19,50,20,,
NUBL,48,50,42,,
NUBL,10,50,50,,
API,41,55,136,,
API,41,45,253,,
SLI,14,47,10,,
NBL,58,51,30,,
NBL,8,51,70,,
NBL,22,51,100,,
SRBL,49,49,100,,
BOKL,11,38,50,,
BOKL,57,38,20,,
NHPC,20,33,2500,,
NHPC,38,33,1000,,
HPPL,7,25,95,,
SFCL,58,3,270,,
NHPC,57,56,150,,
HDHPC,58,10,150,,
HDHPC,20,10,32,,
UPPER,58,55,50,,
CBL,57,22,20,,
TPC,45,17,10,,
KSBBL,39,49,50,,
NICLBSL,29,48,10,,
ULI,21,49,10,,
AHPC,33,35,78,,
NUBL,10,4,150,,
NLIC,45,55,100,,
SJCL,6,37,100,,
GBIME,49,14,20,,
SLICL,38,4,200,,
SLICL,1,4,200,,
SLICL,22,4,200,,
SLICL,39,4,50,,
SLICL,29,4,100,,
MMF1,45,57,100,,
NICLBSL,41,36,16,,
NICLBSL,4,36,10,,
NICLBSL,59,36,15,,
SPDL,35,34,636,,
SPDL,41,34,150,,
SPDL,43,34,100,,
SPDL,7,34,44,,
SPDL,38,34,50,,
MFIL,49,34,17,,
SPDL,29,34,20,,
SAHAS,48,52,10,,
LBL,1,39,104,,
API,52,45,1000,,
API,45,45,747,,
HIDCL,19,5,83,,
MKLB,57,49,10,,
MKLB,57,47,10,,
AKPL,43,42,149,,
MLBL,39,57,200,,
UPPER,38,58,500,,
HDHPC,26,29,100,,
SBL,7,29,100,,
SBL,38,29,100,,
SFCL,58,57,730,,
SFCL,34,57,50,,
SFCL,53,57,200,,
SFCL,21,57,20,,
AKPL,43,3,10,,
NRN,41,42,10,,
SAHAS,48,39,10,,
MDB,59,45,50,,
MDB,33,45,50,,
NLIC,38,25,57,,
NLIC,58,25,40,,
NLIC,58,25,25,,
MKJC,51,49,10,,
NHPC,57,51,350,,
API,45,37,236,,
MLBS,8,49,10,,
UMHL,38,7,175,,
UMHL,38,7,25,,
SANIMA,51,58,33,,
SANIMA,44,58,100,,
NBF3,3,49,150,,
NABIL,21,57,20,,
BFC,7,29,50,,
MFIL,58,55,100,,
NIFRA,54,45,50,,
NUBL,48,59,58,,
NUBL,42,59,102,,
NUBL,22,59,10,,
JBLB,54,33,10,,
NUBL,45,59,20,,
NUBL,28,59,80,,
NUBL,50,59,10,,
JBLB,6,33,20,,
NUBL,34,59,20,,
NUBL,41,59,20,,
NUBL,20,59,130,,
NUBL,25,59,50,,
JBLB,38,33,70,,
GFCL,51,51,194,,
GFCL,38,51,40,,
GFCL,33,51,200,,
GFCL,14,51,65,,
GFCL,38,51,100,,
GFCL,40,51,100,,
GFCL,42,51,18,,
GFCL,29,51,50,,
GFCL,47,51,50,,
GFCL,28,51,15,,
GFCL,51,55,30,,
JFL,34,52,382,,
JFL,3,52,118,,
NRIC,44,48,35,,
NRIC,48,48,15,,
API,45,58,17,,
CBL,58,59,50,,
STC,45,57,25,,
API,32,58,100,,
API,42,58,70,,
API,52,58,500,,
API,49,58,100,,
API,56,58,10,,
API,14,58,1000,,
API,58,58,500,,
API,50,58,220,,
API,39,58,300,,
API,47,58,30,,
API,48,58,100,,
API,48,58,53,,
JBBL,48,49,175,,
AHPC,33,42,388,,
AHPC,14,42,112,,
NLIC,58,33,75,,
NLIC,57,33,50,,
GBBL,34,36,10,,
GBBL,17,36,200,,
GBBL,45,36,100,,
GBBL,25,36,100,,
GBBL,21,36,100,,
UMHL,4,7,1000,,
UMHL,38,7,475,,
GRDBL,4,50,50,,
SFCL,42,33,10,,
SFCL,45,33,50,,
GBIME,53,14,100,,
GBIME,54,14,20,,
GBIME,48,14,60,,
GBIME,42,14,10,,
GBIME,42,14,35,,
GBIME,17,14,70,,
GBIME,34,14,535,,
GBIME,57,14,400,,
GBIME,45,14,50,,
GBIME,41,14,500,,
GBIME,45,14,100,,
GBIME,13,14,50,,
GBIME,16,14,50,,
GBIME,21,14,69,,
GBIME,21,14,50,,
GBIME,11,14,100,,
GBIME,34,14,10,,
GBIME,6,14,100,,
GBIME,38,14,20,,
GBIME,58,14,20,,
GBIME,59,14,50,,
GBIME,7,14,300,,
GBIME,28,14,100,,
GBIME,57,14,700,,
GBIME,10,14,50,,
GBIME,28,14,1000,,
GBIME,28,14,10,,
GBIME,1,14,1000,,
GBIME,34,14,10,,
GBIME,50,14,100,,
GBIME,22,14,10,,
GBIME,47,14,30,,
GBIME,58,14,50,,
GBIME,45,14,500,,
GBIME,14,14,43,,
GBIME,39,14,500,,
GBIME,28,14,250,,
GBIME,42,14,500,,
GBIME,42,14,30,,
GBIME,32,14,30,,
GBIME,58,14,25,,
GBIME,29,14,100,,
GBIME,6,14,40,,
GBIME,58,14,100,,
GBIME,21,14,80,,
MLBS,42,58,10,,
GBIME,1,14,500,,
GBIME,58,14,300,,
GBIME,13,14,10,,
GBIME,58,14,250,,
GBIME,18,14,50,,
GBIME,3,14,50,,
MBL,21,26,64,,
MLBS,42,48,10,,
NTC,45,33,72,,
NTC,38,33,100,,
ULI,50,40,10,,
NTC,53,33,200,,
NTC,32,33,122,,
NRIC,38,49,50,,
NRIC,49,49,50,,
NRIC,17,49,300,,
NRIC,48,49,50,,
NRIC,34,49,200,,
NRIC,36,49,43,,
HIDCL,19,11,317,,
HIDCL,29,11,183,,
AKJCL,57,26,25,,
AKJCL,21,26,150,,
AKJCL,41,26,25,,
CGH,45,51,80,,
DHPL,33,57,119,,
ULI,50,25,50,,
AKPL,58,34,15,,
PFL,6,49,50,,
PFL,26,49,150,,
AHPC,14,36,26,,
AHPC,41,36,10,,
AHPC,42,36,50,,
AHPC,58,36,40,,
AHPC,21,36,24,,
FOWAD,33,41,10,,
FOWAD,13,41,50,,
SINDU,41,16,72,,
ALICL,38,32,100,,
ALICL,6,32,70,,
GBLBS,3,44,226,,
GBLBS,7,44,50,,
GBLBS,51,44,50,,
GBLBS,29,44,10,,
GBLBS,58,44,50,,
GBLBS,6,44,100,,
GBLBS,1,44,200,,
GBLBS,22,44,10,,
JBLB,26,52,10,,
SBL,39,52,92,,
NIFRA,54,48,20,,
NIFRA,47,48,30,,
CHL,47,58,500,,
SHEL,33,14,10,,
NRN,50,21,145,,
NRN,6,21,40,,
API,49,28,455,,
API,49,38,150,,
OHL,7,29,100,,
UPPER,58,58,16,,
PLI,4,57,10,,
UNHPL,34,34,170,,
UNHPL,42,34,30,,
NHPC,34,4,100,,
NICLBSL,59,44,30,,
NBL,42,45,50,,
SWBBL,18,45,183,,
NBL,45,45,10,,
MKLB,57,55,10,,
MNBBL,35,49,100,,
MNBBL,49,49,50,,
MNBBL,17,49,200,,
MNBBL,51,49,50,,
MNBBL,6,49,50,,
MNBBL,42,49,150,,
MNBBL,49,49,100,,
MNBBL,48,49,125,,
MNBBL,42,49,25,,
MNBBL,39,49,25,,
GRDBL,53,7,99,,
GRDBL,32,7,300,,
ICFC,14,28,253,,
ICFC,32,28,75,,
ICFC,42,28,27,,
ICFC,57,28,50,,
ICFC,25,28,10,,
ICFC,57,28,85,,
AKJCL,58,59,100,,
AKJCL,44,59,893,,
GBBL,39,49,192,,
GBBL,19,49,50,,
GBBL,51,49,58,,
LBBL,4,49,400,,
CBL,44,32,150,,
UMHL,1,7,50,,
API,48,52,110,,
HIDCL,29,45,17,,
HIDCL,37,45,100,,
HIDCL,37,45,300,,
HIDCL,39,45,100,,
HIDCL,42,45,100,,
HIDCL,45,45,34,,
SHEL,33,29,10,,
HDHPC,20,14,588,,
JOSHI,7,6,30,,
NMB,42,20,50,,
PLIC,19,47,20,,
LBBL,4,57,500,,
MMF1,45,59,100,,
LBBL,4,46,300,,
LBBL,34,46,100,,
LBBL,34,46,100,,
JLI,32,6,20,,
SAHAS,56,6,10,,
MHNL,29,49,60,,
FMDBL,25,42,50,,
FMDBL,7,42,20,,
FMDBL,45,42,80,,
FMDBL,50,42,200,,
FMDBL,58,42,1892,,
JLI,32,56,200,,
SANIMA,28,13,50,,
NFS,22,45,20,,
HDHPC,20,33,80,,
SINDU,6,57,86,,
SAHAS,48,39,10,,
HPPL,7,58,300,,
NHPC,49,4,318,,
DHPL,33,50,81,,
DHPL,11,50,269,,
CZBIL,16,25,70,,
CZBIL,4,25,320,,
CZBIL,16,25,200,,
CZBIL,47,25,60,,
NIFRA,42,43,100,,
MFIL,17,52,160,,
AKJCL,44,3,107,,
AKJCL,7,3,500,,
AKJCL,35,3,100,,
AKJCL,28,3,30,,
AKJCL,51,3,80,,
AKJCL,28,3,57,,
MLBL,39,32,122,,
MLBL,39,38,200,,
MLBL,39,42,100,,
MLBL,39,21,50,,
MLBL,39,48,100,,
MLBL,39,49,340,,
MLBL,39,52,88,,
NUBL,10,52,35,,
PRVU,44,16,10,,
PRVU,49,16,10,,
PRVU,22,16,30,,
NRIC,36,40,57,,
NRIC,45,40,300,,
AIL,28,33,38,,
GIMES1,20,7,2000,,
NRIC,45,6,200,,
NUBL,10,38,100,,
MLBS,42,38,10,,
UPPER,45,52,35,,
MKLB,57,51,10,,
UPPER,45,40,700,,
BPCL,21,1,25,,
SABSL,42,21,90,,
BPCL,49,1,41,,
SABSL,42,48,10,,
BPCL,34,1,100,,
BPCL,1,1,100,,
BPCL,35,1,100,,
BPCL,34,1,25,,
BPCL,57,1,109,,
NUBL,10,45,99,,
NUBL,10,58,13,,
NICLBSL,59,11,80,,
UPPER,45,58,10,,
HIDCL,45,35,196,,
HIDCL,19,35,10,,
HIDCL,16,35,50,,
HIDCL,50,35,75,,
HIDCL,57,35,469,,
JLI,32,33,10,,
NUBL,48,58,100,,
NIFRA,6,52,74,,
NIFRA,35,52,200,,
NIFRA,47,52,500,,
NIFRA,38,52,200,,
NIFRA,21,52,30,,
HIDCL,57,45,31,,
AKPL,57,34,268,,
MHNL,6,49,50,,
MLBL,25,20,973,,
MLBL,10,20,27,,
NUBL,20,29,70,,
NUBL,52,29,30,,
SDLBSL,38,6,36,,
SDLBSL,14,6,10,,
SDLBSL,22,6,22,,
SDLBSL,58,6,10,,
SDLBSL,57,6,10,,
BFC,8,29,50,,
NTC,45,36,50,,
NHPC,19,4,30,,
NHPC,45,4,150,,
NHPC,25,4,9050,,
UMHL,19,7,75,,
UMHL,19,33,125,,
UMHL,44,33,50,,
UPPER,45,41,500,,
API,48,37,837,,
API,41,37,100,,
HIDCL,21,41,50,,
API,42,37,50,,
HIDCL,11,41,46,,
API,7,37,50,,
API,51,37,30,,
API,21,37,200,,
NIFRA,21,49,20,,
NIFRA,7,49,10,,
NIFRA,45,49,30,,
FMDBL,58,42,1108,,
FMDBL,45,42,900,,
FMDBL,16,42,20,,
FMDBL,37,42,100,,
FMDBL,33,42,50,,
FMDBL,58,42,100,,
FMDBL,1,42,25,,
FMDBL,44,42,100,,
FMDBL,42,42,50,,
FMDBL,57,42,200,,
FMDBL,57,42,100,,
FMDBL,34,42,500,,
FMDBL,34,42,100,,
FMDBL,47,42,100,,
FMDBL,29,42,500,,
FMDBL,22,42,20,,
FMDBL,52,42,200,,
FMDBL,57,42,10,,
FMDBL,34,42,50,,
FMDBL,14,42,10,,
FMDBL,38,42,50,,
FMDBL,55,42,10,,
FMDBL,14,42,50,,
FMDBL,56,42,500,,
FMDBL,56,42,2000,,
FMDBL,50,42,200,,
FMDBL,49,42,500,,
FMDBL,42,42,50,,
FMDBL,35,42,20,,
FMDBL,22,42,150,,
FMDBL,44,42,300,,
FMDBL,1,42,100,,
FMDBL,11,42,20,,
FMDBL,4,42,200,,
FMDBL,45,42,50,,
FMDBL,8,42,500,,
FMDBL,35,42,50,,
FMDBL,57,42,45,,
FMDBL,41,42,12,,
FMDBL,46,42,50,,
FMDBL,16,42,50,,
FMDBL,43,42,50,,
FMDBL,20,42,500,,
FMDBL,22,42,50,,
FMDBL,21,42,100,,
FMDBL,57,42,150,,
NICL,32,44,50,,
UPPER,45,38,100,,
NABIL,58,57,18,,
NUBL,1,58,37,,
ALICL,45,45,25,,
MKLB,57,52,10,,
DHPL,11,46,100,,
HDHPC,58,46,412,,
HDHPC,35,46,100,,
HDHPC,45,46,190,,
HURJA,56,49,20,,
NTC,45,59,45,,
NRN,41,21,10,,
ALICL,55,58,40,,
NUBL,52,25,20,,
SSHL,6,21,50,,
SSHL,21,21,50,,
GBIME,3,41,50,,
RLI,22,16,10,,
JBLB,14,39,10,,
NFS,58,51,10,,
NMB,21,45,55,,
KBL,34,7,100,,
NHPC,49,34,200,,
JFL,3,14,132,,
JFL,32,14,300,,
JFL,20,14,500,,
JFL,57,14,20,,
JFL,32,14,48,,
NHPC,25,49,950,,
NHPC,57,49,50,,
GMFIL,53,36,100,,
MHNL,6,58,100,,
UPPER,36,33,145,,
KBL,45,48,10,,
NRN,57,21,30,,
NLIC,22,18,10,,
GIC,41,51,10,,
PLI,57,33,10,,
HPPL,7,56,200,,
SAHAS,48,28,270,,
SAHAS,14,28,20,,
SAHAS,25,28,1000,,
SAHAS,6,28,15,,
SAHAS,26,28,20,,
SAHAS,29,28,10,,
SAHAS,57,28,250,,
SAHAS,57,28,250,,
SAHAS,57,28,140,,
SAHAS,57,28,80,,
MLBS,42,35,10,,
RHPL,6,38,100,,
API,21,45,2800,,
API,58,45,100,,
API,25,45,100,,
API,49,45,15,,
API,44,45,105,,
API,35,45,100,,
API,22,45,50,,
API,42,45,10,,
API,41,45,20,,
API,6,45,100,,
API,57,45,100,,
API,59,45,200,,
GBBL,42,36,50,,
GBIME,49,41,50,,
MLBL,39,52,12,,
MLBL,39,18,150,,
MLBL,39,16,38,,
SHPC,51,44,20,,
MLBS,42,25,10,,
SAHAS,57,52,10,,
GLH,42,40,10,,
AKPL,19,40,92,,
AKPL,59,40,20,,
AKPL,58,40,10,,
AKPL,16,40,78,,
KSBBL,46,49,10,,
KSBBL,55,49,170,,
NIBSF2,42,47,5626,,
NIBSF2,42,47,374,,
PLI,57,16,10,,
CGH,13,51,50,,
CGH,11,51,20,,
CGH,20,51,40,,
CGH,33,51,10,,
NABIL,47,57,150,,
CIT,29,55,50,,
UMHL,57,7,100,,
HIDCL,41,5,20,,
NMFBS,51,33,10,,
NMFBS,42,33,50,,
NMFBS,45,33,10,,
NMFBS,14,33,10,,
NMFBS,6,33,10,,
NMFBS,42,33,10,,
CHL,26,44,100,,
BOKL,41,38,100,,
HIDCL,42,5,12,,
NTC,59,49,60,,
PFL,8,49,150,,
SGI,49,14,10,,
SLI,14,47,10,,
CIT,29,55,10,,
SANIMA,42,13,40,,
SANIMA,44,13,10,,
MEGA,34,54,38,,
SAPDBL,17,17,300,,
SAPDBL,14,17,200,,
SAPDBL,58,17,10,,
NRN,57,45,10,,
NRIC,17,13,200,,
NRIC,17,13,50,,
NRIC,33,13,10,,
UPPER,45,1,264,,
NRIC,35,13,50,,
CHDC,51,48,134,,
CHDC,18,48,70,,
SAHAS,57,21,10,,
SIFC,34,39,10,,
NHPC,49,34,207,,
CBBL,25,43,178,,
NFS,46,51,230,,
NFS,34,51,40,,
NFS,34,51,85,,
NRN,57,16,10,,
LBBL,50,49,600,,
API,1,28,100,,
API,17,28,200,,
API,59,28,200,,
HDHPC,38,33,20,,
NLIC,58,18,13,,
NHPC,21,34,100,,
EBL,36,16,16,,
EBL,52,16,300,,
EBL,38,16,500,,
EBL,57,16,10,,
EBL,54,16,261,,
EBL,41,16,50,,
EBL,49,16,61,,
GFCL,51,55,100,,
SLI,41,44,30,,
MFIL,17,51,10,,
HIDCL,6,5,40,,
GBBL,11,38,200,,
HIDCL,54,5,19,,
HIDCL,54,34,301,,
NRIC,35,41,90,,
NRIC,35,41,10,,
MPFL,32,41,100,,
MPFL,43,41,200,,
GBIME,22,6,11,,
NLBBL,44,34,500,,
NLBBL,6,34,30,,
NLBBL,34,34,100,,
NLBBL,34,34,10,,
NLBBL,39,34,100,,
SHINE,45,46,50,,
UPPER,1,1,466,,
UPPER,14,1,200,,
UPPER,16,1,10,,
UPPER,41,1,60,,
SHEL,34,29,100,,
SHEL,55,29,20,,
SHEL,13,29,10,,
MLBL,10,20,150,,
MLBL,34,20,50,,
CHL,14,25,500,,
CHL,21,25,50,,
CHL,26,25,50,,
CHL,39,25,100,,
ILBS,34,35,10,,
UIC,49,49,1000,,
KKHC,28,58,50,,
NTC,59,3,100,,
NIFRA,58,52,20,,
NIFRA,49,52,10,,
NIFRA,49,52,10,,
NIFRA,58,52,10,,
NIFRA,11,52,371,,
NIFRA,48,52,50,,
NIFRA,35,52,25,,
LBBL,50,33,400,,
LBBL,32,33,700,,
HIDCL,21,34,20,,
CCBL,34,25,300,,
MMFDB,11,35,200,,
MMFDB,56,35,100,,
MMFDB,6,35,50,,
NTC,59,59,200,,
NTC,59,49,140,,
NTC,39,49,10,,
NHPC,6,34,150,,
NHPC,29,34,25,,
NHPC,44,34,1000,,
FMDBL,42,39,40,,
SLI,41,20,10,,
HIDCL,11,3,254,,
HIDCL,21,3,400,,
HIDCL,14,3,30,,
HIDCL,21,3,1500,,
HIDCL,46,3,30,,
HIDCL,25,3,100,,
HIDCL,4,3,50,,
HIDCL,21,3,36,,
JLI,32,34,50,,
JLI,45,34,40,,
BARUN,54,25,200,,
BARUN,57,25,10,,
BARUN,38,25,100,,
BARUN,22,25,50,,
NICLBSL,59,16,10,,
SWBBL,47,45,136,,
SWBBL,26,45,40,,
SWBBL,43,45,25,,
API,59,45,65,,
SWBBL,53,45,50,,
API,45,45,35,,
SWBBL,50,45,10,,
GLH,42,29,10,,
SPDL,22,44,25,,
SPDL,32,44,50,,
SSHL,52,47,25,,
SINDU,42,16,500,,
SAHAS,57,25,10,,
GHL,45,59,10,,
GHL,34,59,10,,
SHINE,38,43,505,,
SHINE,42,43,50,,
UPCL,57,49,1000,,
RHPL,6,49,100,,
GBBL,22,38,300,,
CZBIL,22,35,50,,
MFIL,17,42,30,,
MFIL,7,42,220,,
NICA,10,39,50,,
NUBL,10,59,150,,
HIDCL,21,56,20,,
HIDCL,32,56,20,,
NIFRA,35,57,50,,
AKJCL,51,51,20,,
NLIC,4,18,10,,
KSBBL,59,48,10,,
NICL,7,33,300,,
NMB,22,45,200,,
HDHPC,3,46,18,,
CGH,14,51,200,,
SJCL,6,32,445,,
SJCL,44,32,20,,
SJCL,43,32,35,,
AKPL,16,29,122,,
NUBL,42,59,34,,
AKPL,14,29,25,,
SHINE,42,29,450,,
AKPL,35,29,30,,
SHINE,43,29,50,,
AKPL,39,29,323,,
LBBL,32,44,300,,
LBBL,32,44,100,,
ULI,50,45,240,,
ULI,1,45,50,,
NUBL,42,59,150,,
HDL,36,6,50,,
ICFC,6,48,85,,
ICFC,6,59,415,,
SAHAS,57,34,70,,
SAHAS,57,40,10,,
NHPC,49,45,293,,
NRN,6,21,60,,
NRN,20,21,20,,
NRN,52,21,100,,
NRN,22,21,190,,
NRN,48,21,100,,
NRN,35,21,230,,
BPCL,57,46,391,,
BPCL,39,46,50,,
BPCL,43,46,59,,
NRIC,35,16,20,,
NHPC,54,35,220,,
MHNL,34,46,200,,
UPPER,51,54,49,,
MNBBL,56,42,29,,
SSHL,52,44,75,,
SSHL,35,44,325,,
API,3,58,13,,
API,58,58,1000,,
API,54,58,50,,
API,16,58,500,,
API,45,58,500,,
PFL,53,58,16,,
API,45,58,795,,
AKJCL,51,35,100,,
UPPER,51,54,100,,
UPPER,49,54,50,,
UPPER,16,54,100,,
UPPER,42,54,15,,
UPPER,13,54,100,,
UPPER,34,54,100,,
UPPER,19,54,10,,
UPPER,42,54,740,,
UPPER,28,54,129,,
CGH,19,29,50,,
CIT,39,55,30,,
CIT,17,55,10,,
HPPL,7,58,500,,
SAPDBL,58,17,50,,
HDHPC,34,46,280,,
API,45,36,140,,
API,57,36,500,,
API,34,36,20,,
API,59,36,30,,
API,59,36,85,,
API,58,36,50,,
API,50,36,185,,
UPPER,59,54,500,,
UPPER,41,54,100,,
UPPER,11,54,500,,
UPPER,3,54,70,,
BFC,34,34,100,,
BFC,57,34,50,,
HIDCL,32,19,80,,
HIDCL,14,19,100,,
HIDCL,26,19,20,,
RMDC,14,43,50,,
PFL,53,45,84,,
PFL,58,45,16,,
AKPL,39,45,32,,
PFL,48,45,200,,
UPCL,43,56,100,,
UPCL,42,56,70,,
UPCL,42,56,76,,
UPCL,18,56,100,,
SIFC,32,39,50,,
SIFC,34,39,100,,
SIFC,57,39,700,,
GRDBL,42,28,50,,
GRDBL,47,28,21,,
GRDBL,33,28,364,,
STC,54,57,20,,
STC,39,57,20,,
STC,22,57,10,,
STC,16,57,10,,
STC,35,57,20,,
STC,6,57,20,,
STC,54,57,10,,
STC,42,57,10,,
STC,45,57,25,,
STC,52,57,10,,
STC,7,57,20,,
SAHAS,57,47,10,,
NHPC,49,14,207,,
NHPC,57,14,100,,
NHPC,28,14,193,,
SHINE,48,48,100,,
SFCL,51,58,16,,
HDHPC,34,42,20,,
SKBBL,26,35,50,,
SKBBL,D01,35,35,,
SINDU,45,53,200,,
SINDU,45,53,145,,
SINDU,14,53,10,,
NIFRA,35,36,75,,
NIFRA,26,36,310,,
NIFRA,26,36,100,,
NIFRA,29,36,315,,
NIFRA,41,36,11,,
NIFRA,6,36,10,,
NIFRA,58,36,30,,
NIFRA,38,36,60,,
NIFRA,45,36,60,,
PMHPL,38,19,50,,
PMHPL,32,19,950,,
SAHAS,57,45,10,,
SHPC,52,44,243,,
MLBS,42,40,10,,
NRN,35,16,10,,
SLI,41,58,10,,
NLIC,59,45,20,,
RLFL,44,45,340,,
RLFL,38,45,50,,
RLFL,34,45,100,,
RLFL,57,45,10,,
NRIC,45,49,30,,
ICFC,51,59,50,,
NHPC,28,48,200,,
UMHL,16,35,100,,
NHPC,28,38,127,,
CHDC,18,26,10,,
UPCL,42,16,1124,,
UPCL,21,16,200,,
UPCL,28,16,676,,
NICLBSL,59,36,505,,
NABIL,10,49,33,,
NABIL,4,49,17,,
NIL,7,25,100,,
NIL,48,25,200,,
NIL,14,25,16,,
NIL,14,25,20,,
NIL,50,25,58,,
NBB,58,16,100,,
AHPC,21,5,476,,
AHPC,22,5,25,,
AHPC,59,5,500,,
AHPC,4,5,100,,
AHPC,38,5,200,,
AHPC,34,5,200,,
AHPC,16,5,500,,
AHPC,53,5,20,,
AHPC,4,5,529,,
AHPC,58,5,350,,
AHPC,42,5,100,,
UPPER,11,49,20,,
GBIME,13,14,12,,
SHEL,38,25,10,,
SSHL,35,51,25,,
KPCL,28,5,50,,
NMB,35,45,53,,
AKPL,39,56,645,,
AKPL,32,56,55,,
AKPL,3,56,20,,
AKPL,14,56,882,,
AKPL,39,56,398,,
NUBL,42,36,16,,
NUBL,41,36,70,,
NUBL,34,36,30,,
NUBL,45,36,25,,
NUBL,45,36,12,,
NUBL,58,36,50,,
NUBL,35,36,97,,
NRIC,57,49,20,,
SIFC,19,38,35,,
MLBL,10,20,23,,
MLBL,18,20,12,,
MLBL,59,20,100,,
MLBL,59,20,500,,
MLBL,21,20,10,,
MLBL,35,20,100,,
MLBL,44,20,200,,
MLBL,58,20,470,,
MLBL,38,20,100,,
MLBL,45,20,285,,
AKJCL,42,26,195,,
NUBL,4,35,30,,
NUBL,4,49,20,,
CBL,26,46,500,,
AKJCL,42,38,30,,
NGPL,21,3,50,,
NGPL,26,3,28,,
UNHPL,42,42,120,,
UPCL,28,38,280,,
UPCL,55,38,20,,
GBBL,13,36,250,,
UMHL,58,44,150,,
HPPL,7,58,100,,
HDHPC,34,33,100,,
NGPL,34,38,40,,
AKPL,39,33,102,,
LGIL,46,22,1000,,
LGIL,46,58,30,,
JOSHI,38,42,45,,
JOSHI,56,42,780,,
NTC,45,20,128,,
NHPC,28,28,480,,
NHPC,36,28,430,,
NHPC,33,28,500,,
NHPC,38,28,90,,
NICLBSL,59,39,10,,
AHPC,11,57,20,,
RADHI,32,40,100,,
JBBL,14,57,100,,
JFL,42,44,39,,
KSBBL,6,48,20,,
UPPER,59,49,46,,
MFIL,7,52,40,,
NICL,7,52,200,,
MFIL,41,52,60,,
NICL,29,52,100,,
KPCL,34,58,50,,
UPPER,59,40,1790,,
UPPER,21,40,10,,
MLBS,42,49,40,,
MLBS,57,49,50,,
MLBS,28,49,100,,
MLBS,42,49,10,,
SHPC,52,32,50,,
SHPC,20,32,30,,
SHPC,48,32,35,,
GBIME,45,14,300,,
ICFC,57,34,415,,
ICFC,51,34,20,,
ICFC,34,34,10,,
ICFC,58,34,20,,
ICFC,6,34,35,,
GBBL,39,36,30,,
GBBL,35,36,100,,
GBBL,53,36,60,,
NUBL,6,49,10,,
UMHL,20,14,70,,
UMHL,59,14,100,,
UMHL,45,14,200,,
UMHL,44,14,100,,
UMHL,5,14,20,,
UMHL,45,14,10,,
NIFRA,45,58,40,,
NIFRA,45,58,20,,
HDHPC,45,46,450,,
HDHPC,50,46,1000,,
HDHPC,29,46,20,,
GHL,58,59,50,,
ULI,51,58,50,,
NUBL,51,49,50,,
NRIC,57,49,10,,
NRIC,4,49,190,,
NRIC,5,49,100,,
NUBL,6,49,100,,
NIFRA,45,1,100,,
GRDBL,33,48,86,,
LBBL,46,48,900,,
GBIME,42,14,72,,
GBIME,45,14,250,,
GBIME,44,14,100,,
API,50,29,815,,
GBIME,22,14,100,,
GBIME,45,14,50,,
API,51,29,100,,
GBIME,52,14,91,,
API,49,29,22,,
GBIME,50,14,500,,
API,51,29,23,,
GBIME,49,14,300,,
API,32,29,20,,
GBIME,18,14,100,,
API,49,29,20,,
GBIME,50,14,100,,
GBIME,45,14,100,,
DDBL,58,45,187,,
DDBL,58,58,20,,
DDBL,58,45,170,,
DDBL,58,38,12,,
SHEL,38,48,12,,
SGI,14,49,40,,
KBL,34,13,36,,
KBL,38,13,10,,
KBL,17,13,90,,
KBL,22,13,10,,
KBL,17,13,160,,
GBIME,40,14,30,,
GBIME,3,14,150,,
GBIME,38,14,200,,
GBIME,14,14,1300,,
GBIME,55,14,50,,
GBIME,38,14,100,,
GBIME,49,14,400,,
CFCL,32,50,300,,
RLI,22,14,10,,
PLIC,38,57,20,,
PLIC,5,57,10,,
AKPL,6,4,131,,
SIFC,38,25,50,,
NTC,3,19,200,,
KBL,57,49,30,,
CHL,29,25,500,,
NHDL,28,28,200,,
MNBBL,56,46,100,,
GIMES1,17,7,4500,,
GIMES1,58,7,1400,,
GIMES1,18,7,700,,
NHPC,22,35,362,,
RLFL,39,48,47,,
HIDCL,4,34,25,,
GBLBS,22,44,10,,
GBLBS,43,44,50,,
GBLBS,44,44,10,,
GBLBS,21,44,25,,
CGH,19,21,150,,
CGH,25,21,35,,
CGH,45,21,15,,
MHNL,21,1,100,,
SIFC,51,38,900,,
MKLB,57,6,10,,
MKLB,57,58,10,,
JBLB,38,26,10,,
ULI,54,58,50,,
ULI,28,58,80,,
SANIMA,25,37,25,,
HIDCL,28,56,96,,
HIDCL,16,56,15,,
HIDCL,45,56,20,,
HIDCL,49,56,97,,
HIDCL,39,56,100,,
HIDCL,47,56,100,,
HIDCL,45,56,22,,
UNHPL,16,42,80,,
RLFL,6,48,100,,
RLFL,17,48,400,,
NTC,51,20,500,,
NRN,22,58,310,,
NRN,50,58,490,,
HPPL,6,56,100,,
LBBL,46,20,100,,
SIFC,51,39,100,,
CBL,52,26,15,,
MLBS,34,57,10,,
NRIC,4,57,10,,
NICA,1,37,50,,
RHPL,44,26,100,,
TRH,29,32,100,,
JBBL,6,49,25,,
UPCL,55,45,80,,
UPCL,7,45,20,,
CHDC,18,19,20,,
NHPC,22,26,638,,
NHPC,58,26,10,,
NHPC,41,26,52,,
CFCL,7,4,300,,
JLI,45,58,10,,
SICL,38,42,10,,
SICL,26,42,50,,
SICL,38,42,50,,
SICL,26,42,40,,
SICL,50,42,20,,
SICL,45,42,30,,
BPCL,43,1,41,,
BPCL,34,1,439,,
BPCL,11,1,20,,
JBLB,38,47,10,,
NUBL,35,21,16,,
AKPL,6,3,10,,
AKPL,6,40,50,,
SSHL,35,50,50,,
SIFC,51,39,80,,
SHPC,48,21,15,,
SHPC,16,21,500,,
SHPC,1,21,200,,
SHPC,51,21,200,,
SHPC,58,21,40,,
SHPC,3,21,300,,
SHPC,29,21,200,,
SHPC,42,21,100,,
SHPC,17,21,1000,,
SHPC,25,21,250,,
SHPC,11,21,130,,
SHPC,28,21,150,,
SHPC,38,21,500,,
SHPC,1,21,200,,
SHPC,51,21,50,,
SHPC,55,21,15,,
SFCL,21,58,20,,
SFCL,33,58,200,,
JLI,45,56,10,,
CFCL,49,50,20,,
CFCL,32,50,1000,,
CFCL,51,50,110,,
CFCL,20,50,500,,
ICFC,29,59,35,,
RLI,22,16,10,,
JBBL,6,58,200,,
API,46,37,353,,
API,46,58,90,,
NUBL,35,33,187,,
NUBL,28,33,41,,
NUBL,40,33,100,,
NUBL,43,33,10,,
NUBL,51,33,25,,
NUBL,20,33,10,,
NUBL,35,33,30,,
NUBL,49,33,50,,
NUBL,37,33,12,,
PMHPL,32,50,50,,
NLG,25,6,31,,
KKHC,54,6,100,,
KKHC,7,6,10,,
KKHC,32,6,290,,
KKHC,57,6,92,,
NICA,49,44,145,,
UNHPL,35,49,50,,
SAHAS,25,36,210,,
NIFRA,45,57,50,,
RLI,22,29,250,,
JFL,42,51,100,,
HIDCL,13,57,100,,
SIFC,51,58,100,,
ULI,28,40,10,,
GIC,39,22,100,,
GIC,39,32,110,,
GIC,39,45,300,,
GIC,39,51,10,,
GIC,39,32,10,,
GIC,39,57,10,,
GIC,39,47,10,,
RLFL,39,16,200,,
NHPC,41,45,30,,
GMFIL,57,34,50,,
GMFIL,57,40,250,,
MHNL,28,55,30,,
MHNL,28,1,20,,
NFS,54,11,50,,
NCCB,50,43,310,,
SJCL,43,34,25,,
SADBL,32,36,675,,
SADBL,6,36,80,,
SADBL,49,36,1000,,
SADBL,53,36,50,,
SADBL,59,36,195,,
NHDL,43,58,40,,
NRIC,4,49,228,,
NRIC,4,1,72,,
EBL,49,5,239,,
EBL,57,5,10,,
EBL,25,5,95,,
EBL,49,5,10,,
EBL,58,5,10,,
EBL,49,5,38,,
EBL,56,5,73,,
PRVU,22,16,50,,
CBL,3,26,150,,
CBL,48,26,160,,
RLFL,17,28,100,,
RLFL,14,28,100,,
CBL,48,6,500,,
KBL,17,47,840,,
UPPER,59,38,164,,
UPPER,19,38,20,,
UPPER,25,38,100,,
UPPER,33,38,500,,
UPPER,33,38,100,,
UPPER,42,38,116,,
ICFC,13,48,500,,
NMFBS,1,55,10,,
NMFBS,1,25,10,,
AKPL,6,49,100,,
NICA,57,43,10,,
API,41,58,50,,
MKJC,32,58,10,,
API,41,58,50,,
API,35,58,150,,
API,22,58,10,,
API,45,58,48,,
API,58,58,102,,
SHINE,35,48,100,,
SHINE,32,48,38,,
NBF2,53,37,2025,,
SAHAS,25,41,10,,
NICLBSL,59,41,150,,
NBF2,32,37,500,,
MNBBL,58,49,100,,
NUBL,37,21,13,,
AHPC,32,57,700,,
SBL,39,6,18,,
NRN,50,34,10,,
NRN,49,34,100,,
NRN,10,34,20,,
NRN,26,34,200,,
AHPC,58,53,150,,
NRN,44,34,30,,
NRN,45,34,100,,
AHPC,34,53,300,,
NRN,10,34,40,,
AHPC,58,53,50,,
ADBL,1,22,50,,
GHL,43,59,10,,
GHL,58,59,50,,
GHL,25,59,370,,
NIFRA,45,34,100,,
API,58,14,50,,
UMHL,29,44,200,,
SAHAS,25,1,10,,
NRIC,6,1,10,,
NRIC,39,1,18,,
SIFC,51,50,20,,
JLI,45,40,10,,
JBBL,6,57,100,,
ICFC,29,56,100,,
ICFC,29,28,365,,
JBBL,6,29,175,,
SLI,55,55,10,,
HIDCL,49,58,65,,
AHPC,57,57,30,,
AHPC,39,57,300,,
AHPC,14,57,2000,,
AHPC,38,57,200,,
AHPC,34,57,200,,
AHPC,42,57,255,,
ICFC,57,28,10,,
AHPC,49,57,544,,
AKPL,6,14,200,,
AKPL,48,7,100,,
NICA,49,29,55,,
NIL,50,45,32,,
NIL,7,45,45,,
HDHPC,45,46,260,,
HDHPC,34,46,500,,
HDHPC,1,46,500,,
HDHPC,32,46,500,,
HDHPC,25,46,50,,
HDHPC,3,46,20,,
HDHPC,21,46,1000,,
HDHPC,3,46,20,,
HDHPC,48,46,1000,,
HDHPC,57,46,140,,
HDHPC,20,46,10,,
BOKL,14,39,100,,
NICA,38,29,50,,
HIDCL,42,58,163,,
HIDCL,28,58,50,,
HIDCL,42,58,300,,
MHNL,28,52,50,,
CFCL,38,25,50,,
CFCL,42,25,100,,
CFCL,32,25,350,,
CFCL,8,25,20,,
UMHL,45,44,100,,
UMHL,36,44,200,,
UMHL,50,44,1000,,
UMHL,20,44,1000,,
UMHL,58,44,500,,
UMHL,45,44,300,,
UMHL,59,44,500,,
UMHL,52,44,63,,
UMHL,25,44,150,,
UMHL,7,44,50,,
UMHL,57,44,100,,
UMHL,42,44,50,,
UMHL,11,44,71,,
JOSHI,56,39,20,,
MHNL,28,50,50,,
LICN,28,49,240,,
LICN,50,49,50,,
LICN,16,49,20,,
LICN,40,49,190,,
NICLBSL,59,16,10,,
KKHC,57,51,108,,
KKHC,58,51,10,,
NRIC,39,21,32,,
NRIC,14,21,18,,
MLBL,45,33,15,,
MLBL,25,33,200,,
MLBL,51,33,100,,
MLBL,48,33,100,,
MLBL,41,33,500,,
MLBL,43,33,50,,
MLBL,33,33,125,,
MLBL,21,33,100,,
MLBL,32,33,30,,
MLBL,28,33,500,,
MLBL,58,33,30,,
MLBL,7,33,50,,
PFL,14,42,21,,
SAHAS,25,47,10,,
CIT,17,55,66,,
JLI,45,58,130,,
AHPC,49,28,300,,
NRIC,14,1,50,,
SFCL,43,3,109,,
SFCL,43,47,50,,
SFCL,43,8,42,,
SFCL,43,48,77,,
GILB,36,45,963,,
PROFL,52,42,10,,
AKPL,25,49,10,,
JBBL,42,32,200,,
JBBL,59,32,50,,
SFMF,32,59,10000,,
NABIL,49,57,20,,
NABIL,49,57,20,,
NABIL,49,29,10,,
MEGA,34,57,17,,
MEGA,38,57,33,,
SHPC,55,21,85,,
SGI,14,46,60,,
JLI,32,17,10,,
UIC,32,45,34,,
UIC,18,45,130,,
UIC,5,45,86,,
ALICL,55,13,60,,
ALICL,51,13,90,,
AHPC,49,51,100,,
GHL,22,26,50,,
CBL,48,52,340,,
CBL,35,52,500,,
EBL,56,43,75,,
GLH,42,40,10,,
SPDL,50,34,100,,
MBL,38,46,10,,
SPDL,39,34,200,,
SAHAS,25,45,10,,
SFCL,45,51,150,,
AHPC,49,33,56,,
AHPC,55,33,100,,
AHPC,20,33,29,,
SAHAS,25,49,10,,
NRIC,14,45,50,,
HPPL,29,54,10,,
HIDCL,51,28,40,,
NICLBSL,59,50,10,,
PROFL,43,36,140,,
SAHAS,25,13,10,,
PROFL,35,36,100,,
PROFL,42,36,10,,
PROFL,58,36,130,,
NCCB,34,26,100,,
NHPC,19,38,50,,
NHPC,47,38,23,,
NHPC,47,45,50,,
NHPC,57,33,110,,
NHPC,57,19,490,,
NHPC,57,52,310,,
NHPC,57,46,90,,
JBLB,38,16,10,,
GMFIL,57,16,100,,
GFCL,13,53,80,,
GFCL,57,53,120,,
JBBL,14,29,25,,
JBBL,14,42,25,,
GBBL,58,58,100,,
AKPL,48,49,50,,
AKJCL,42,55,575,,
AKJCL,45,55,500,,
AKJCL,21,55,500,,
JBBL,57,28,93,,
FMDBL,57,21,150,,
FMDBL,22,21,50,,
SAHAS,25,19,10,,
KMCDB,41,41,94,,
KMCDB,18,41,100,,
SAHAS,25,41,10,,
KMCDB,47,41,20,,
SLICL,48,4,30,,
GIMES1,17,52,10000,,
SLI,55,48,10,,
PLI,57,56,10,,
NLICL,6,40,60,,
NHPC,47,54,427,,
NHPC,57,54,25,,
NHPC,57,54,10,,
NHPC,21,54,38,,
NBL,58,51,700,,
NLBBL,49,44,100,,
NLBBL,44,44,17,,
ICFC,32,28,100,,
SHPC,55,58,50,,
SHPC,59,58,50,,
MLBL,6,38,100,,
MLBL,6,48,200,,
MLBL,6,53,100,,
MLBL,6,32,100,,
API,45,38,100,,
JBLB,38,57,10,,
NHDL,43,57,60,,
ICFC,58,48,50,,
NHPC,21,52,320,,
UNHPL,36,49,500,,
SAHAS,25,40,100,,
SAHAS,25,34,30,,
GBBL,53,29,40,,
SANIMA,34,39,400,,
AKPL,6,49,140,,
ICFC,32,34,100,,
GIC,40,16,10,,
HIDCL,26,28,500,,
HIDCL,58,28,30,,
HIDCL,58,28,225,,
HIDCL,51,28,580,,
HIDCL,35,28,100,,
HIDCL,34,28,20,,
HIDCL,14,28,100,,
HIDCL,45,28,100,,
NTC,3,38,450,,
PROFL,48,42,100,,
SAHAS,35,6,50,,
AKPL,35,45,50,,
HIDCL,34,54,17,,
RADHI,11,40,100,,
PFL,14,40,79,,
PFL,32,40,21,,
TPC,38,34,10,,
TPC,38,49,10,,
TPC,38,34,50,,
TPC,38,49,10,,
TPC,38,35,10,,
TPC,38,34,10,,
TPC,38,13,10,,
TPC,38,3,10,,
PROFL,38,42,40,,
AKPL,6,45,20,,
SAHAS,52,19,10,,
GUFL,36,52,90,,
GUFL,42,52,60,,
GUFL,42,52,50,,
SADBL,34,42,200,,
SLI,21,45,10,,
LEC,45,58,100,,
JFL,39,51,100,,
CBBL,17,59,10,,
NIFRA,45,48,20,,
NIFRA,42,48,30,,
API,17,38,100,,
API,56,38,60,,
HDHPC,57,34,60,,
NIFRA,42,45,20,,
SPC,14,16,2,,
SFCL,58,48,273,,
NRIC,14,40,500,,
RHPL,6,36,50,,
SFCL,58,34,100,,
CHDC,17,49,10,,
UPPER,42,6,48,,
NHPC,21,37,500,,
SBL,55,44,200,,
SIL,1,14,100,,
SIL,53,14,20,,
SIL,10,14,23,,
MFIL,7,51,300,,
NMB,42,20,100,,
ICFC,3,48,70,,
SLI,21,54,10,,
CZBIL,47,1,40,,
CZBIL,45,1,10,,
JLI,32,47,10,,
NBL,34,57,15,,
SAHAS,52,21,10,,
NHPC,58,52,10,,
JLI,32,49,10,,
SWBBL,50,45,40,,
RLFL,51,16,100,,
RLFL,20,16,20,,
RLFL,7,16,400,,
NRIC,8,6,100,,
NRN,10,25,10,,
UNHPL,38,49,100,,
NICA,58,29,10,,
NHPC,21,53,142,,
NHPC,42,53,400,,
NHPC,36,53,50,,
NHPC,34,53,100,,
SHIVM,53,35,10,,
BPCL,34,25,61,,
BPCL,4,25,168,,
BPCL,51,25,50,,
BPCL,19,25,170,,
BPCL,49,25,10,,
BPCL,54,25,40,,
BPCL,17,25,300,,
MFIL,7,57,300,,
PFL,32,53,200,,
NMB,55,20,10,,
HDHPC,28,46,740,,
HDHPC,28,33,100,,
CGH,16,51,10,,
NBL,51,57,20,,
NICLBSL,59,48,10,,
UPCL,7,48,10,,
NMB,45,20,30,,
CGH,16,41,30,,
KSBBL,32,33,150,,
NFS,34,36,100,,
KSBBL,4,33,500,,
KBL,20,47,160,,
KBL,20,57,40,,
NLIC,35,20,10,,
NUBL,29,59,390,,
NUBL,29,48,10,,
NUBL,29,48,20,,
SJCL,43,45,40,,
GBIME,6,44,200,,
ULI,28,45,10,,
NLIC,28,38,30,,
KSBBL,42,33,90,,
GBIME,41,44,100,,
BFC,38,40,20,,
SFCL,39,38,200,,
SAHAS,3,34,50,,
PROFL,58,58,70,,
SAHAS,3,48,10,,
KMCDB,49,41,10,,
SAHAS,3,47,10,,
SAHAS,3,19,10,,
FMDBL,22,43,20,,
FMDBL,47,43,50,,
UPPER,57,16,39,,
SFCL,39,17,100,,
CHDC,43,41,10,,
HIDCL,47,47,1,,
NRIC,43,37,65,,
NRIC,51,37,90,,
NRIC,7,37,10,,
NRIC,33,37,10,,
NRIC,25,37,25,,
SINDU,41,45,500,,
UPPER,57,58,36,,
RLFL,7,42,100,,
UPPER,42,38,236,,
UPPER,42,38,100,,
UPPER,49,38,20,,
UPPER,58,38,10,,
UPPER,48,38,50,,
UPPER,19,38,84,,
NABIL,29,29,40,,
NABIL,29,17,10,,
NHPC,44,19,500,,
NHPC,1,19,10,,
MLBS,42,1,10,,
SMFBS,38,4,29,,
MEGA,38,29,67,,
MEGA,58,29,150,,
MEGA,57,29,33,,
NICLBSL,59,10,100,,
NGPL,17,48,50,,
MLBBL,21,42,10,,
CHDC,43,35,10,,
SFCL,39,48,500,,
NABIL,38,22,30,,
NABIL,38,38,70,,
SLI,47,47,10,,
UPPER,59,58,189,,
SBL,6,44,125,,
KMCDB,49,4,90,,
KMCDB,4,4,100,,
KMCDB,10,4,20,,
KMCDB,29,4,50,,
MDB,56,45,50,,
LBBL,38,58,15,,
KSBBL,49,33,100,,
JLI,11,58,10,,
JLI,11,49,10,,
NRIC,25,49,25,,
UPPER,59,33,311,,
UPPER,58,33,43,,
UPPER,3,33,10,,
UPPER,45,33,80,,
UPPER,16,33,56,,
UPCL,14,46,210,,
UPCL,14,34,500,,
UPCL,14,57,100,,
UPCL,14,7,190,,
SBL,55,44,75,,
JBBL,58,28,50,,
JBBL,39,28,300,,
JBBL,28,28,500,,
JBBL,38,28,50,,
ULI,28,42,10,,
PCBL,45,25,1440,,
PCBL,52,25,10,,
PCBL,20,25,845,,
PCBL,32,25,35,,
PCBL,57,25,170,,
PCBL,56,25,130,,
PCBL,21,25,100,,
PCBL,28,25,200,,
PCBL,51,25,10,,
PCBL,33,25,10,,
PCBL,16,25,90,,
NHPC,49,57,60,,
NIL,58,48,21,,
GHL,25,26,100,,
API,48,58,300,,
NCCB,48,33,270,,
SLICL,48,19,20,,
SLICL,36,19,80,,
UMHL,11,50,129,,
UMHL,39,50,171,,
SHPC,6,58,555,,
NHPC,38,57,300,,
NUBL,51,52,25,,
NUBL,14,52,10,,
UPPER,14,47,75,,
SBL,55,41,125,,
JBBL,41,7,50,,
ULI,28,45,10,,
SAHAS,3,56,10,,
SAHAS,3,48,10,,
UPPER,16,49,75,,
NRIC,6,49,85,,
NRIC,6,1,15,,
NRIC,40,1,50,,
NRIC,57,1,35,,
UPPER,16,45,69,,
UPPER,21,45,50,,
UPPER,53,45,50,,
UPPER,19,45,100,,
UPPER,35,45,50,,
UPPER,49,45,131,,
MLBL,14,48,100,,
SHPC,49,22,100,,
HDHPC,28,46,100,,
HDHPC,36,46,800,,
HDHPC,56,46,250,,
HDHPC,29,46,150,,
HDHPC,3,46,10,,
HDHPC,59,46,1000,,
HDHPC,58,46,30,,
HDHPC,22,46,50,,
HDHPC,14,46,400,,
SMFBS,55,1,51,,
API,3,53,10,,
GLH,42,55,100,,
AIL,28,38,100,,
ICFC,6,34,200,,
MKJC,32,48,10,,
NIFRA,45,45,50,,
HDHPC,22,10,1050,,
EDBL,19,39,40,,
UPCL,58,39,100,,
BBC,39,4,43,,
BBC,26,4,10,,
NHPC,1,41,100,,
AHPC,49,10,145,,
MHNL,28,37,150,,
MHNL,41,37,150,,
GFCL,51,47,50,,
HDHPC,3,10,10,,
HGI,58,49,10,,
HGI,58,16,40,,
HDHPC,37,10,1000,,
HDHPC,3,10,10,,
HDHPC,57,10,100,,
NRIC,57,44,100,,
NRIC,57,26,55,,
NRIC,57,25,20,,
NRIC,57,38,50,,
CHCL,55,6,100,,
NRIC,57,14,40,,
NIL,50,58,110,,
NIL,14,58,20,,
UMHL,39,28,329,,
UMHL,43,28,100,,
UMHL,38,28,71,,
NRIC,57,14,60,,
NTC,53,14,200,,
JBLB,38,21,10,,
NHPC,1,16,890,,
NHPC,21,16,1000,,
NHPC,22,16,10,,
NHPC,18,16,100,,
JLI,32,11,10,,
AIL,28,40,30,,
AKJCL,19,50,200,,
AKJCL,25,50,50,,
AKJCL,51,50,100,,
AKJCL,56,50,500,,
AKJCL,57,50,50,,
AKJCL,45,50,300,,
HPPL,29,19,190,,
IGI,11,39,15,,
IGI,11,52,35,,
GBBL,42,20,40,,
GBBL,59,20,100,,
GBBL,41,20,200,,
GBBL,5,20,10,,
GBBL,11,20,50,,
GBBL,57,20,20,,
GBBL,6,20,160,,
GBBL,48,20,100,,
SAPDBL,6,17,30,,
GRDBL,33,26,50,,
PIC,45,17,20,,
PRVU,22,49,10,,
RSDC,38,16,73,,
NABIL,42,38,30,,
SFCL,58,35,300,,
UPCL,18,7,10,,
HDHPC,57,51,100,,
SLI,21,45,10,,
EDBL,58,39,10,,
UIC,5,50,14,,
UMHL,38,7,14,,
SSHL,45,51,75,,
JBBL,38,43,400,,
SLI,21,48,10,,
NIFRA,45,57,50,,
KBL,17,57,60,,
UPCL,18,48,90,,
UPCL,34,48,100,,
HIDCL,44,34,50,,
HIDCL,44,36,100,,
HIDCL,34,28,83,,
HIDCL,47,28,100,,
HIDCL,57,28,17,,
HIDCL,55,28,50,,
HIDCL,7,28,250,,
AHPC,50,39,120,,
AHPC,34,39,80,,
NCCB,48,34,200,,
NCCB,48,58,10,,
NCCB,48,47,20,,
UNHPL,21,49,20,,
GBIME,29,44,100,,
NICA,58,49,20,,
NICA,7,49,21,,
NICA,21,49,100,,
NICA,42,49,53,,
API,51,45,108,,
API,52,45,1000,,
AKPL,6,3,10,,
HDHPC,57,52,200,,
MLBL,28,52,683,,
SBL,53,41,100,,
SBL,51,41,175,,
SBL,38,41,100,,
FMDBL,57,38,30,,
HDHPC,57,41,100,,
GMFIL,42,58,75,,
GMFIL,58,58,25,,
UPPER,49,33,775,,
UPPER,45,33,500,,
UPPER,55,33,100,,
UPPER,58,33,10,,
UPPER,36,33,615,,
NICGF,4,42,10000,,
NICGF,37,42,2000,,
NICGF,57,42,3000,,
SAHAS,47,47,10,,
HDL,44,6,10,,
CGH,16,41,100,,
PCBL,33,45,10,,
AHPC,29,10,10,,
EDBL,20,39,100,,
RLI,22,21,10,,
RLI,22,38,10,,
NICA,42,29,35,,
NMB,32,20,200,,
NMB,44,20,100,,
NMB,10,20,50,,
NHPC,25,19,500,,
NHPC,19,19,500,,
NRIC,7,48,50,,
NLIC,41,25,50,,
NLIC,35,25,10,,
NLIC,6,25,20,,
NLIC,35,25,98,,
ALICL,25,45,10,,
NBL,16,57,300,,
GLH,42,59,10,,
AKPL,53,45,68,,
JFL,42,44,61,,
SAHAS,52,57,10,,
PCBL,21,45,40,,
PMHPL,32,1,195,,
PMHPL,32,38,55,,
PMHPL,32,3,500,,
PMHPL,32,26,250,,
ULI,34,58,100,,
SSHL,45,34,1000,,
SKBBL,D01,57,140,,
PMHPL,11,26,50,,
NABIL,25,29,100,,
NIBLPF,14,5,2200,,
NUBL,28,33,10,,
CBBL,28,16,30,,
MFIL,7,52,140,,
MFIL,36,52,300,,
MFIL,55,52,100,,
MFIL,42,52,50,,
MFIL,29,52,10,,
PCBL,29,45,26,,
BOKL,43,35,20,,
BOKL,32,35,10,,
BOKL,19,35,261,,
SHINE,48,48,100,,
MLBSL,58,21,10,,
JLI,32,58,30,,
HIDCL,47,47,1,,
NRIC,25,40,9,,
NRIC,25,19,20,,
NRIC,25,47,50,,
NRIC,25,49,21,,
EDBL,13,39,50,,
STC,42,13,10,,
PFL,32,17,29,,
AKJCL,45,45,500,,
AKJCL,6,45,50,,
NIFRA,45,48,60,,
GBBL,43,6,250,,
GBBL,45,6,50,,
UMHL,38,17,115,,
NCCB,34,17,10,,
UMHL,41,17,50,,
NTC,21,58,90,,
NMB,58,29,50,,
CGH,16,4,10,,
RURU,20,14,286,,
MLBL,21,52,10,,
MLBL,48,52,207,,
MLBL,28,52,100,,
API,51,14,28,,
API,13,14,25,,
NUBL,38,59,100,,
UPPER,32,58,34,,
MLBL,28,20,289,,
EBL,56,6,680,,
EBL,11,6,320,,
SINDU,38,57,20,,
AKPL,45,4,200,,
NRIC,40,49,21,,
API,51,48,10,,
API,50,48,90,,
AKPL,53,22,132,,
AKPL,6,22,42,,
FMDBL,14,51,10,,
FMDBL,14,14,10,,
SWBBL,47,45,25,,
CBL,40,45,150,,
SAEF,11,42,10000,,
SAEF,26,42,500,,
SAEF,57,42,2000,,
SAEF,7,42,6000,,
GBIME,42,44,30,,
KBL,45,34,60,,
NRIC,51,25,10,,
MDB,57,59,300,,
HDHPC,3,19,10,,
HDHPC,3,19,10,,
HDHPC,43,19,300,,
HDHPC,57,19,10,,
CFCL,32,51,350,,
CFCL,25,51,200,,
CFCL,34,51,200,,
LBL,1,5,100,,
CFCL,44,51,100,,
CFCL,4,51,12,,
CFCL,38,51,50,,
CFCL,8,51,88,,
PROFL,14,43,320,,
PROFL,14,45,180,,
RLFL,34,5,10,,
GMFIL,45,11,20,,
MLBL,34,20,100,,
EBL,45,14,39,,
SHEL,38,58,25,,
SHEL,34,58,100,,
SHEL,38,58,20,,
SHEL,58,58,55,,
SHEL,58,39,10,,
CGH,33,57,10,,
SAHAS,25,44,10,,
SAHAS,25,51,10,,
SAHAS,25,53,10,,
SAHAS,25,58,10,,
CBL,40,43,200,,
SAHAS,52,45,10,,
SRBL,58,49,100,,
NICLBSL,59,48,10,,
JBLB,38,33,10,,
JBLB,34,33,10,,
BOKL,19,38,64,,
BOKL,45,38,100,,
MLBL,57,20,30,,
BOKL,21,38,34,,
BOKL,39,38,20,,
BOKL,58,38,282,,
API,50,34,110,,
MFIL,49,21,10,,
MFIL,6,21,50,,
MFIL,29,21,42,,
NUBL,28,38,50,,
MLBL,28,20,500,,
HDL,41,6,10,,
RLI,18,59,10,,
SAHAS,28,49,10,,
SAHAS,28,34,30,,
MLBSL,42,49,10,,
MLBL,35,20,81,,
NUBL,1,49,14,,
NUBL,32,49,50,,
MLBL,35,21,19,,
MLBL,48,21,981,,
MLBL,57,38,100,,
MLBL,57,49,200,,
MLBL,57,32,200,,
NRIC,17,49,458,,
SLI,21,34,10,,
NRIC,58,52,11,,
NIFRA,34,43,65,,
NIFRA,34,48,35,,
MFIL,29,45,110,,
MFIL,40,45,390,,
NRIC,17,50,12,,
KBL,17,16,100,,
AHPC,5,10,87,,
ALICL,14,45,20,,
PCBL,22,38,100,,
NFS,50,39,15,,
NGPL,26,52,22,,
NGPL,28,52,260,,
NGPL,29,52,200,,
NGPL,32,52,18,,
HIDCL,7,46,100,,
HIDCL,7,49,800,,
RURU,53,56,20,,
GIC,40,48,10,,
ULI,16,39,10,,
SAHAS,29,52,10,,
GBIME,58,44,14,,
MKJC,55,4,200,,
SAHAS,58,29,10,,
HDHPC,26,25,300,,
HDHPC,26,40,50,,
JBLB,38,7,10,,
HDHPC,26,46,650,,
KSBBL,16,33,50,,
GBIME,4,44,100,,
NLIC,45,51,10,,
IGI,45,40,20,,
CGH,50,51,200,,
NUBL,55,38,20,,
NUBL,55,45,60,,
CGH,41,29,50,,
NRIC,17,41,10,,
RLFL,32,34,500,,
RLFL,29,34,500,,
RLFL,16,34,130,,
GBBL,45,42,200,,
AKPL,57,4,50,,
SFCL,58,54,100,,
HGI,58,16,10,,
KSBBL,48,33,55,,
SRBL,57,49,30,,
SRBL,34,49,100,,
GBIME,52,14,409,,
GBIME,37,14,150,,
GBIME,44,14,10,,
GBIME,43,14,10,,
GBIME,11,14,25,,
GBIME,11,14,30,,
GBIME,40,14,1000,,
GBIME,32,14,100,,
GBIME,38,14,25,,
GBIME,29,14,77,,
GBIME,21,14,100,,
GBIME,48,14,55,,
GBIME,28,14,270,,
GBIME,21,14,35,,
GBIME,58,14,13,,
GBIME,33,14,220,,
GBIME,42,14,30,,
GBIME,7,14,220,,
GBIME,40,14,2000,,
GBIME,58,14,25,,
GBIME,45,14,100,,
GBIME,6,14,20,,
GBIME,35,14,600,,
GBIME,36,14,1350,,
GBIME,6,14,100,,
GBIME,1,14,22,,
GBIME,40,14,1000,,
GBIME,14,14,1000,,
GBIME,6,14,30,,
GBIME,14,14,974,,
SFCL,59,48,10,,
NBB,11,16,100,,
SFCL,58,48,100,,
JLI,32,58,50,,
MLBL,48,17,19,,
MLBL,14,17,280,,
MLBL,48,17,181,,
MLBL,52,17,20,,
AKPL,42,4,48,,
NLIC,35,41,102,,
NLIC,58,41,30,,
NLIC,25,41,50,,
NLIC,34,41,200,,
NLIC,20,41,78,,
NLIC,29,41,10,,
NLIC,21,41,30,,
AHPC,36,42,500,,
AHPC,36,46,500,,
MKLB,47,47,10,,
UMHL,14,7,86,,
NRIC,17,41,20,,
ADBL,56,41,4,,
NUBL,34,39,20,,
API,57,34,50,,
NMFBS,8,33,10,,
ULI,16,58,10,,
AKPL,45,58,100,,
CBL,21,45,100,,
SAHAS,58,59,10,,
HDHPC,43,41,700,,
JOSHI,19,42,210,,
PLI,57,59,10,,
JBBL,1,16,50,,
AHPC,5,39,200,,
MKJC,22,4,210,,
NRIC,43,43,35,,
NRIC,34,43,40,,
NRIC,26,43,275,,
NRIC,50,43,150,,
API,51,25,146,,
API,53,25,500,,
API,53,25,500,,
API,22,25,10,,
MNBBL,14,51,50,,
MNBBL,18,51,50,,
MNBBL,57,51,143,,
NRIC,43,39,10,,
SANIMA,44,44,150,,
SANIMA,49,44,100,,
SANIMA,22,44,122,,
CBL,21,21,100,,
GBIME,14,28,26,,
EBL,11,6,100,,
SWBBL,50,45,25,,
UPPER,32,56,46,,
UPPER,33,56,21,,
SHIVM,57,35,20,,
AHPC,5,46,100,,
NRIC,43,25,20,,
GHL,10,26,100,,
API,28,34,40,,
PLI,57,4,10,,
JOSHI,39,48,200,,
SAHAS,58,38,10,,
STC,11,25,10,,
HDL,36,52,10,,
NBF2,32,39,100,,
ICFC,13,59,211,,
ICFC,13,34,200,,
ICFC,13,59,89,,
NUBL,57,39,50,,
NBB,51,25,296,,
NBB,43,25,50,,
NBB,45,25,200,,
NBB,50,25,485,,
AHPC,5,50,113,,
AHPC,42,50,50,,
AHPC,5,50,837,,
NGPL,32,55,350,,
HDHPC,38,46,290,,
CIT,58,11,10,,
SSHL,45,50,25,,
NLIC,1,51,20,,
NUBL,1,39,87,,
NUBL,1,53,13,,
NUBL,32,58,10,,
DHPL,11,48,140,,
DHPL,57,48,100,,
CFCL,51,38,1907,,
CFCL,51,38,93,,
UPCL,19,46,90,,
JBLB,38,59,10,,
LBL,45,39,200,,
NICSF,51,40,100,,
HIDCL,54,34,100,,
NABIL,13,44,551,,
NABIL,33,44,10,,
NABIL,45,44,50,,
NABIL,42,44,70,,
NABIL,41,44,128,,
NABIL,16,44,31,,
GBIME,41,28,10,,
NRIC,43,58,95,,
BFC,42,16,120,,
NLIC,36,51,20,,
NIFRA,49,48,15,,
JLI,32,35,10,,
CGH,41,29,50,,
CGH,19,29,100,,
CGH,47,29,50,,
NBL,55,58,50,,
SEF,26,42,9500,,
SEF,34,42,1000,,
SEF,19,42,10000,,
SEF,26,42,500,,
SEF,6,42,9000,,
RADHI,28,43,40,,
NABIL,16,44,19,,
ALICL,49,45,200,,
MLBL,48,54,19,,
MLBL,57,54,100,,
MLBL,52,54,81,,
AKPL,26,40,133,,
AKPL,26,47,50,,
AKPL,26,43,817,,
KBL,17,21,15,,
SLI,59,19,10,,
MLBL,44,48,200,,
GFCL,28,38,1000,,
VLBS,50,46,19,,
NGPL,7,5,30,,
SLI,39,58,10,,
NRIC,43,59,369,,
NRIC,21,59,31,,
NRIC,39,59,100,,
ICFC,42,59,100,,
ICFC,22,59,10,,
ICFC,48,59,100,,
ICFC,38,59,30,,
ICFC,51,59,100,,
ICFC,21,59,200,,
ICFC,51,59,100,,
ICFC,13,59,250,,
ICFC,52,59,21,,
ULI,50,58,10,,
HIDCL,57,21,33,,
HIDCL,19,21,29,,
MEGA,57,47,23,,
MEGA,57,1,10,,
JOSHI,19,42,350,,
JOSHI,59,42,210,,
GIC,28,16,10,,
SLICL,43,25,40,,
HIDCL,6,34,50,,
AKPL,42,42,84,,
AKPL,49,42,16,,
UNHPL,16,42,20,,
MFIL,17,52,300,,
PLI,57,36,10,,
EBL,11,21,80,,
EBL,19,21,20,,
AHPC,34,39,100,,
HIDCL,19,18,110,,
UPPER,3,26,50,,
KBL,58,34,70,,
NICLBSL,59,38,10,,
RHPL,33,38,100,,
NTC,29,58,20,,
NHPC,29,26,29,,
KBL,17,1,150,,
MLBS,41,32,10,,
NIFRA,45,59,50,,
GBBL,45,21,250,,
SFCL,58,51,227,,
MFIL,42,41,50,,
NUBL,32,49,10,,
NUBL,32,21,30,,
NUBL,32,22,100,,
MLBS,41,8,10,,
NFS,51,49,20,,
NFS,48,49,100,,
NFS,58,49,75,,
NABIL,34,44,31,,
KBL,34,34,13,,
NBL,38,58,50,,
BFC,7,45,10,,
HDHPC,14,46,60,,
JFL,59,44,19,,
NIFRA,51,48,20,,
NIFRA,17,48,25,,
BARUN,53,14,475,,
SANIMA,22,38,20,,
NABIL,45,44,100,,
MSLB,36,4,6,,
IGI,39,39,19985,,
IGI,42,39,15,,
KSBBL,34,33,300,,
SFCL,29,51,100,,
HIDCL,19,45,11,,
NIFRA,17,49,10,,
AIL,28,16,10,,
NIFRA,34,49,90,,
AKPL,49,58,34,,
AKPL,19,58,66,,
MKJC,22,28,10,,
PMHPL,26,57,614,,
PMHPL,26,34,386,,
JBLB,38,59,10,,
JBLB,57,59,10,,
PLI,57,50,10,,
NUBL,21,53,20,,
NIFRA,34,58,10,,
GBIME,49,28,20,,
NRIC,45,26,55,,
NRIC,45,16,45,,
KSBBL,21,33,514,,
NFS,45,57,100,,
ULI,50,21,10,,
SKBBL,D01,49,25,,
SKBBL,20,49,10,,
SKBBL,29,49,90,,
SKBBL,42,49,50,,
SKBBL,59,49,35,,
SKBBL,46,49,10,,
SKBBL,51,49,80,,
NBB,50,35,15,,
NBB,38,35,185,,
BOKL,58,26,30,,
SLI,39,48,10,,
MLBL,44,20,50,,
MLBL,17,20,25,,
MLBL,44,20,500,,
MLBL,19,20,125,,
MLBL,39,20,200,,
MLBL,50,20,100,,
SAHAS,29,14,10,,
MLBS,34,21,10,,
UPPER,57,57,50,,
NUBL,43,59,30,,
JOSHI,45,48,80,,
MLBS,41,38,10,,
CZBIL,56,25,250,,
CZBIL,53,25,1000,,
CZBIL,55,25,100,,
SAHAS,29,59,10,,
SLI,39,46,10,,
NICL,4,10,90,,
NICL,29,10,10,,
NUBL,51,53,17,,
NBB,38,17,15,,
NRIC,5,16,55,,
NRIC,5,49,195,,
GMFIL,45,47,25,,
NRIC,43,49,500,,
NMB,58,33,10,,
SAHAS,29,6,10,,
MSLB,36,4,6,,
LBL,45,48,60,,
NRIC,38,40,10,,
NRIC,38,40,10,,
JLI,32,48,10,,
HIDCL,57,34,52,,
HIDCL,57,59,28,,
AHPC,5,46,110,,
AHPC,5,46,53,,
NRIC,35,49,100,,
JBBL,38,20,200,,
JBBL,41,20,150,,
JBBL,17,20,200,,
JBBL,49,20,200,,
JBBL,45,20,100,,
JBBL,14,20,11,,
JBBL,25,20,50,,
JBBL,34,20,38,,
JBBL,55,20,47,,
NHPC,29,34,471,,
NBL,13,51,100,,
NABIL,41,44,50,,
NABIL,41,52,50,,
GBIME,41,28,20,,
NGPL,32,33,10,,
NGPL,43,33,40,,
MKJC,22,44,100,,
NICLBSL,59,45,50,,
NBL,58,50,40,,
SCB,58,6,190,,
SCB,33,6,60,,
SCB,57,6,50,,
RMDC,14,44,17,,
CCBL,38,57,250,,
KPCL,57,5,61,,
KSBBL,21,48,336,,
LBL,59,48,200,,
SGI,26,41,15,,
NRIC,55,49,25,,
BOKL,58,58,35,,
BOKL,14,58,15,,
SIFC,35,17,163,,
SIFC,35,14,37,,
NHPC,21,34,1000,,
NUBL,14,40,20,,
NUBL,49,40,20,,
GBIME,51,28,200,,
GBIME,38,28,200,,
GBIME,5,28,50,,
GBIME,42,28,50,,
GBIME,21,28,20,,
GBIME,44,28,150,,
GBIME,58,28,40,,
GBIME,6,28,100,,
GBIME,29,28,100,,
GBIME,42,28,15,,
HDHPC,14,21,200,,
JBLB,57,48,10,,
CIT,17,29,10,,
CIT,7,29,10,,
UMHL,14,43,14,,
SAHAS,3,6,10,,
NRIC,28,49,180,,
MFIL,13,49,15,,
SSHL,14,49,400,,
SSHL,14,33,100,,
NIFRA,28,41,5,,
NRIC,34,32,80,,
CBBL,28,42,14,,
CBBL,17,42,10,,
CBBL,58,42,14,,
CBBL,25,42,50,,
CBBL,57,42,25,,
CBBL,57,42,50,,
API,13,48,200,,
SICL,50,29,50,,
ULI,50,18,10,,
NUBL,43,49,40,,
PMHPL,35,34,20,,
JBBL,41,14,100,,
MLBS,41,47,10,,
UPPER,33,39,29,,
MKLB,42,53,10,,
SHINE,8,51,200,,
AKJCL,41,59,1000,,
UPPER,42,39,51,,
SCB,45,19,100,,
PROFL,50,43,100,,
JOSHI,39,48,400,,
AKPL,19,49,34,,
HIDCL,58,59,10,,
NCCB,34,36,390,,
HIDCL,57,58,20,,
HIDCL,49,58,1277,,
NRIC,28,34,40,,
NRIC,28,57,80,,
CCBL,57,25,100,,
CCBL,58,25,50,,
CCBL,50,25,300,,
CCBL,36,25,50,,
CCBL,14,25,130,,
JBBL,55,59,53,,
JBBL,59,59,47,,
HDHPC,38,35,10,,
SAHAS,3,22,10,,
KPCL,57,5,39,,
KPCL,5,5,30,,
CCBL,7,57,50,,
NMB,10,21,50,,
RLI,57,46,200,,
ULI,47,47,10,,
GMFIL,45,47,100,,
NHPC,38,34,200,,
NHPC,49,34,99,,
NHPC,34,34,100,,
NRIC,19,57,100,,
NRIC,48,57,10,,
NRIC,28,57,10,,
RHPL,36,49,150,,
SMATA,17,25,40,,
SMATA,17,25,50,,
API,28,21,60,,
AKJCL,53,59,200,,
SFCL,48,51,50,,
KBL,17,14,1000,,
GBIME,57,49,100,,
GBBL,43,20,320,,
MHNL,34,36,50,,
MKLB,34,46,10,,
ULI,50,32,10,,
EDBL,14,4,340,,
BOKL,14,38,50,,
BOKL,22,38,450,,
NHPC,39,37,100,,
AKPL,26,49,10,,
ALICL,51,53,10,,
SAHAS,42,19,10,,
NABIL,19,58,255,,
SAHAS,42,40,10,,
CIT,3,45,100,,
CIT,3,17,108,,
CIT,3,33,50,,
AKPL,3,49,73,,
SHINE,16,51,200,,
ICFC,52,28,30,,
NUBL,43,36,55,,
NICL,29,38,40,,
JOSHI,19,39,100,,
JOSHI,19,58,10,,
JOSHI,19,39,300,,
JOSHI,19,51,20,,
JOSHI,19,58,10,,
STC,32,25,10,,
HIDCL,49,57,10,,
BARUN,57,48,100,,
BARUN,42,48,100,,
MLBSL,34,10,30,,
NHPC,22,37,110,,
SPDL,59,21,28,,
SJCL,57,38,210,,
SJCL,57,28,740,,
SJCL,57,45,50,,
EDBL,20,4,40,,
JBLB,57,39,10,,
SFCL,50,51,73,,
SFCL,10,51,50,,
UNHPL,42,35,50,,
NIFRA,17,29,65,,
NIFRA,41,29,45,,
NIFRA,38,29,50,,
NIFRA,51,29,40,,
NHPC,49,37,100,,
BPCL,6,38,13,,
NGPL,7,40,30,,
NGPL,26,40,20,,
SINDU,47,57,20,,
AKJCL,21,59,110,,
NRIC,28,41,10,,
GLICL,34,45,10,,
TRH,3,34,895,,
TRH,3,36,100,,
TRH,3,57,100,,
TRH,3,17,50,,
TRH,3,43,200,,
TRH,3,14,30,,
TRH,3,50,80,,
TRH,3,22,30,,
TRH,3,59,88,,
TRH,3,17,67,,
TRH,3,49,60,,
TRH,3,7,100,,
TRH,3,55,250,,
MFIL,16,44,100,,
TRH,3,53,200,,
JLI,32,49,10,,
JLI,32,49,10,,
JLI,32,32,10,,
JLI,32,8,10,,
JLI,32,42,10,,
JLI,32,32,10,,
JLI,32,51,10,,
JLI,32,32,10,,
AHPC,34,16,120,,
NUBL,50,36,45,,
SWBBL,47,6,25,,
SWBBL,50,6,50,,
SWBBL,44,6,30,,
SWBBL,58,6,20,,
SWBBL,58,6,32,,
SWBBL,54,6,40,,
BPCL,58,38,45,,
BPCL,58,56,155,,
UMRH,40,40,10,,
UPCL,19,47,100,,
GBBL,43,6,40,,
GBBL,43,34,390,,
SFCL,50,45,50,,
SAHAS,42,54,10,,
CBL,40,41,70,,
NRIC,39,21,31,,
NRIC,39,36,18,,
NABIL,58,58,25,,
SAHAS,42,32,10,,
ICFC,49,28,50,,
ICFC,57,28,50,,
ICFC,17,28,50,,
ICFC,57,28,330,,
NGPL,53,58,20,,
MLBL,42,43,100,,
ICFC,32,29,300,,
KBL,17,13,75,,
KBL,17,16,265,,
KBL,17,45,50,,
KBL,17,42,285,,
NUBL,6,53,150,,
EDBL,29,4,10,,
MEGA,14,28,190,,
SAHAS,45,13,10,,
HDL,25,59,100,,
HDL,25,55,10,,
NABIL,22,58,10,,
GBIME,42,59,53,,
AHPC,38,46,47,,
AHPC,38,13,43,,
AHPC,38,38,410,,
GBBL,58,34,10,,
RADHI,51,40,60,,
SLI,46,42,50,,
SLI,22,42,200,,
SLI,49,42,100,,
SLI,51,42,50,,
SLI,36,42,40,,
SLI,58,42,60,,
API,51,45,390,,
API,22,45,134,,
MEN,16,58,10,,
GBIME,36,49,1100,,
GBIME,36,52,200,,
ICFC,22,29,134,,
ICFC,13,29,10,,
ICFC,13,40,100,,
ICFC,13,4,390,,
FOWAD,33,25,80,,
FOWAD,58,25,10,,
FOWAD,13,25,30,,
NUBL,6,16,50,,
MHNL,4,36,200,,
SFCL,50,56,200,,
NRIC,6,40,41,,
ICFC,57,21,100,,
GBIME,49,49,10,,
HDHPC,41,38,392,,
NBL,58,16,30,,
AKPL,3,45,17,,
AKPL,3,14,20,,
AKPL,3,21,390,,
GBIME,56,41,1,,
API,22,49,66,,
NIFRA,51,41,10,,
NIFRA,41,41,50,,
NRIC,45,36,300,,
PMHPL,32,34,94,,
PMHPL,32,58,500,,
PMHPL,32,44,100,,
PMHPL,32,35,56,,
PMHPL,32,50,150,,
PMHPL,32,36,100,,
SAHAS,47,47,10,,
BOKL,22,34,550,,
BOKL,34,34,35,,
BOKL,34,34,200,,
BOKL,58,34,15,,
BOKL,41,34,500,,
HIDCL,6,34,102,,
MLBSL,34,34,10,,
SHPC,36,21,35,,
JLI,42,35,10,,
PROFL,4,43,86,,
SJCL,6,28,260,,
API,58,34,25,,
ICFC,7,4,10,,
NABIL,13,58,1500,,
NABIL,36,58,10,,
NABIL,21,58,110,,
GMFIL,58,54,15,,
NABIL,40,58,90,,
NUBL,6,53,100,,
BFC,14,16,10,,
NRIC,6,49,100,,
TRH,51,53,100,,
HIDCL,49,58,50,,
SBL,49,32,1581,,
NRIC,37,36,182,,
NRIC,37,42,318,,
NRIC,6,32,39,,
NRIC,6,16,20,,
SGI,26,41,10,,
HIDCL,49,33,11,,
NICLBSL,59,36,10,,
NUBL,42,53,200,,
CBBL,48,38,25,,
RADHI,45,25,63,,
SAHAS,3,4,250,,
SAHAS,3,48,10,,
SAHAS,3,4,10,,
SAHAS,3,58,10,,
SAHAS,3,48,10,,
CCBL,14,59,70,,
SFCL,50,28,177,,
AKJCL,21,47,90,,
NHPC,21,34,130,,
NHPC,21,34,290,,
NHPC,21,26,80,,
NABIL,38,44,20,,
NHPC,41,26,20,,
NABIL,25,44,40,,
SPDL,34,34,1000,,
SPDL,56,34,500,,
SPDL,29,34,50,,
SPDL,43,34,25,,
SPDL,41,34,17,,
SPDL,59,34,400,,
UPPER,49,35,50,,
LBBL,32,26,400,,
LBBL,32,26,500,,
LBBL,58,26,300,,
NUBL,55,57,10,,
SFCL,32,28,315,,
SFCL,32,48,85,,
SFCL,32,33,100,,
BFC,53,16,26,,
NRIC,6,55,100,,
NRIC,28,55,100,,
AHPC,42,4,145,,
AHPC,28,4,750,,
AHPC,58,4,105,,
AHPC,17,4,100,,
PROFL,41,35,120,,
NMB,55,33,200,,
SHPC,25,21,10,,
SHPC,59,21,370,,
ICFC,57,4,10,,
MLBL,58,43,400,,
EDBL,11,4,500,,
KBL,34,42,50,,
KBL,34,42,50,,
UNHPL,42,48,100,,
API,52,34,17,,
MLBSL,14,10,10,,
PIC,44,18,89,,
HIDCL,49,44,50,,
PIC,44,16,10,,
RADHI,45,53,17,,
RADHI,34,53,91,,
NUBL,42,48,50,,
NMFBS,6,33,10,,
AHPC,50,13,57,,
AHPC,50,45,163,,
PROFL,50,35,30,,
JBBL,41,59,400,,
KSBBL,21,45,97,,
KSBBL,17,45,50,,
KSBBL,54,45,100,,
KSBBL,53,45,100,,
KSBBL,21,45,45,,
MEGA,57,28,100,,
NIFRA,25,58,50,,
MLBS,21,22,10,,
NTC,21,47,10,,
NRIC,28,29,50,,
NRIC,22,42,100,,
NRIC,46,42,100,,
GLICL,3,36,200,,
SLBBL,16,6,280,,
SLBBL,57,6,45,,
SLBBL,20,6,20,,
SLBBL,16,6,45,,
SLBBL,34,6,10,,
BOKL,41,49,500,,
GBIME,58,49,100,,
SSHL,35,26,100,,
NUBL,46,59,100,,
MNBBL,57,14,50,,
CHDC,51,41,10,,
ALICL,45,45,50,,
GBIME,36,49,1000,,
SRBL,38,11,2199,,
SRBL,38,32,1000,,
SRBL,38,38,200,,
SRBL,38,58,26,,
SRBL,38,42,1275,,
SRBL,38,34,200,,
ACLBSL,41,52,10,,
SRBL,38,16,100,,
GBIME,41,49,42,,
GBIME,49,49,600,,
GBIME,36,49,545,,
GHL,10,26,200,,
UPCL,38,49,160,,
UPCL,38,58,50,,
UPCL,38,25,100,,
UPCL,38,25,190,,
NLIC,54,59,10,,
NRIC,28,48,50,,
NIL,6,52,91,,
LBBL,58,42,100,,
ULI,50,10,10,,
NRIC,50,42,150,,
NIFRA,25,41,39,,
NIFRA,38,41,11,,
UMHL,32,43,300,,
CBBL,54,38,10,,
HIDCL,49,35,150,,
HIDCL,49,40,452,,
BOKL,42,49,203,,
BOKL,42,49,97,,
GBBL,52,34,100,,
EBL,52,14,150,,
HDHPC,37,38,50,,
FOWAD,13,19,70,,
FOWAD,54,19,30,,
API,35,34,22,,
GBIME,41,47,50,,
NMB,4,33,10,,
HIDCL,42,40,99,,
PLI,16,38,30,,
NUBL,49,59,170,,
NICA,37,43,50,,
NRIC,49,42,50,,
SHEL,58,41,10,,
NRIC,50,42,100,,
KSBBL,21,57,55,,
KSBBL,21,57,25,,
KSBBL,21,57,20,,
KSBBL,22,57,10,,
KSBBL,32,57,90,,
PFL,32,4,100,,
UNHPL,53,48,100,,
NIFRA,38,10,39,,
NIFRA,11,10,11,,
NHPC,58,34,100,,
NUBL,51,57,26,,
NUBL,51,49,64,,
NUBL,51,58,150,,
NUBL,51,59,10,,
API,16,34,109,,
BFC,42,16,10,,
BFC,42,32,45,,
UMRH,40,34,190,,
UMRH,40,7,200,,
UMRH,40,58,100,,
UMRH,40,58,100,,
UMRH,40,52,10,,
UNHPL,8,41,50,,
KBL,17,1,200,,
SHPC,59,25,30,,
NUBL,49,10,30,,
NIFRA,11,21,10,,
OHL,10,48,140,,
OHL,7,48,50,,
OHL,7,48,10,,
NABIL,40,44,50,,
SAHAS,42,57,10,,
HDL,43,55,40,,
NIFRA,11,35,10,,
NIFRA,11,14,100,,
NIFRA,11,1,78,,
NICLBSL,59,48,10,,
MEGA,22,28,100,,
NRIC,51,42,30,,
NLICL,49,5,450,,
VLBS,6,46,10,,
CFCL,57,38,150,,
NTC,57,43,250,,
NTC,57,59,15,,
AKPL,45,21,10,,
SICL,52,34,50,,
MNBBL,57,17,807,,
NBL,58,49,20,,
NBL,58,18,386,,
NBL,58,41,1320,,
NBL,58,43,200,,
NRIC,16,42,215,,
NTC,26,59,250,,
NLIC,53,59,66,,
NLIC,45,59,100,,
JOSHI,59,44,100,,
GBIME,58,47,18,,
FOWAD,44,59,20,,
FOWAD,41,59,50,,
NRIC,59,42,100,,
NUBL,51,10,50,,
NUBL,51,14,50,,
NUBL,51,34,150,,
NIFRA,26,1,300,,
NIFRA,58,1,122,,
NLG,4,6,40,,
NLG,51,6,10,,
MLBL,57,49,198,,
MLBL,57,41,100,,
MLBL,57,14,30,,
MLBL,57,44,172,,
MNBBL,14,46,20,,
PLI,16,36,10,,
LEC,11,58,10,,
HPPL,36,19,50,,
NIFRA,52,50,11,,
NIFRA,52,25,89,,
NHPC,34,34,100,,
SJCL,57,38,600,,
SJCL,57,45,300,,
SJCL,57,57,100,,
DDBL,25,41,20,,
MKJC,28,38,135,,
SAHAS,52,39,10,,
NICA,56,43,50,,
API,16,35,110,,
API,16,29,100,,
API,16,51,50,,
API,16,6,131,,
MEN,16,48,10,,
EDBL,20,4,200,,
MLBL,39,14,70,,
MLBL,39,38,20,,
MLBL,39,17,20,,
MLBL,39,17,20,,
MLBL,39,8,70,,
MLBL,39,16,300,,
NUBL,21,59,200,,
SAPDBL,32,17,1000,,
NRIC,28,42,500,,
NHPC,44,34,510,,
NHPC,44,34,490,,
NHPC,57,34,10,,
SAHAS,52,38,10,,
SGI,13,46,150,,
HIDCL,58,40,100,,
NHPC,34,22,100,,
CCBL,51,59,30,,
NBL,46,19,40,,
NBL,46,52,10,,
PCBL,16,17,100,,
PCBL,14,17,100,,
PCBL,59,17,100,,
CBL,57,26,50,,
AKPL,29,21,100,,
SAHAS,52,48,10,,
PCBL,45,3,21,,
PCBL,45,21,79,,
KKHC,32,48,10,,
GBIME,36,47,100,,
NIL,59,52,50,,
PICL,5,28,20,,
AHPC,28,59,250,,
GBIME,21,47,270,,
SAHAS,52,4,10,,
UPPER,49,49,44,,
NHPC,35,46,100,,
SBI,38,13,50,,
SBI,38,8,1000,,
API,51,36,600,,
API,22,36,100,,
API,34,36,100,,
API,19,36,200,,
KBL,29,42,25,,
JBBL,34,57,150,,
JBBL,58,57,50,,
UPPER,36,45,10,,
HIDCL,36,40,20,,
NUBL,33,59,200,,
NUBL,51,59,200,,
UPPER,58,49,37,,
MKLB,34,47,10,,
NBL,22,52,20,,
HDHPC,58,38,58,,
SAHAS,28,52,10,,
SAHAS,28,32,10,,
SAHAS,28,59,10,,
ULI,21,40,10,,
PROFL,4,34,14,,
MLBL,52,16,100,,
JBLB,58,49,10,,
MNBBL,14,28,80,,
CCBL,48,59,100,,
UNHPL,34,41,100,,
SFCL,39,33,85,,
NHPC,22,50,10,,
NHPC,22,41,10,,
MLBS,1,3,10,,
MLBS,1,4,10,,
MLBS,1,17,10,,
MLBS,1,47,10,,
MLBS,1,58,10,,
MLBS,1,36,10,,
MLBS,1,55,10,,
MLBS,1,49,10,,
MLBS,1,1,10,,
MLBS,1,22,10,,
MLBS,41,14,10,,
AKJCL,51,47,10,,
MLBL,38,16,500,,
UPCL,7,25,410,,
RURU,21,14,10,,
UPPER,43,39,220,,
UPPER,43,49,50,,
UPPER,43,35,30,,
GBIME,58,34,10,,
NRIC,37,42,337,,
NRIC,37,58,153,,
NRIC,37,41,10,,
MNBBL,48,28,20,,
MNBBL,33,28,100,,
JLI,42,48,10,,
SFCL,39,17,100,,
NABIL,1,44,50,,
CHL,17,49,100,,
AKJCL,51,45,300,,
AKJCL,52,45,100,,
NLIC,42,59,21,,
HIDCL,57,40,10,,
API,19,46,50,,
RHPL,6,26,385,,
NUBL,28,49,80,,
NUBL,19,49,20,,
TPC,20,35,10,,
TPC,20,58,40,,
NUBL,19,56,50,,
NUBL,19,42,20,,
NUBL,19,59,50,,
NUBL,19,59,10,,
HDL,22,39,17,,
NMFBS,42,46,20,,
EIC,59,38,30,,
LBBL,58,44,100,,
KSBBL,32,58,410,,
KSBBL,43,58,50,,
KSBBL,32,58,100,,
KSBBL,22,58,20,,
KSBBL,8,58,30,,
SKBBL,59,6,65,,
SKBBL,34,6,25,,
SKBBL,58,6,20,,
SKBBL,28,6,40,,
NUBL,8,59,60,,
AKPL,1,42,100,,
DHPL,17,26,50,,
SHINE,29,46,100,,
NIL,56,52,10,,
NIL,34,52,12,,
NIL,33,52,37,,
PCBL,45,21,21,,
PCBL,45,54,79,,
GBIME,48,34,10,,
NLIC,10,59,10,,
NLIC,35,59,21,,
NLIC,25,59,10,,
AKJCL,51,40,90,,
NRIC,28,49,100,,
AKJCL,28,40,10,,
API,36,46,50,,
NRIC,21,34,29,,
SDLBSL,57,41,11,,
NRIC,32,49,50,,
ALICL,51,50,100,,
AHPC,6,38,90,,
NRIC,58,49,50,,
NRIC,58,47,100,,
JSLBB,59,14,10,,
NIFRA,29,25,150,,
JBLB,55,34,100,,
GMFIL,19,50,100,,
STC,33,25,10,,
LEC,7,42,100,,
LEC,7,28,23,,
BOKL,22,49,55,,
NRIC,21,1,100,,
LEC,11,43,40,,
NHPC,22,21,100,,
EBL,19,40,40,,
PCBL,6,45,100,,
NUBL,35,59,50,,
NUBL,48,59,30,,
SHPC,59,4,450,,
SHPC,54,4,500,,
SHPC,21,4,50,,
SHPC,57,4,100,,
GUFL,36,45,20,,
SIFC,57,55,100,,
CLBSL,38,50,12,,
CLBSL,38,29,10,,
API,51,53,10,,
AKJCL,28,39,10,,
AKJCL,59,39,790,,
AKJCL,19,39,200,,
CZBIL,22,49,334,,
CZBIL,22,47,500,,
CZBIL,22,52,166,,
NABIL,40,58,10,,
NABIL,40,11,100,,
PFL,32,45,15,,
SFCL,39,41,115,,
RADHI,32,33,354,,
RADHI,32,47,146,,
SMATA,17,29,40,,
HDHPC,58,21,50,,
UPCL,7,51,70,,
SANIMA,51,1,25,,
PICL,19,28,50,,
MLBL,6,16,100,,
RLI,57,56,10,,
RLI,57,56,10,,
RLI,57,21,10,,
RLI,57,34,40,,
SHINE,29,42,100,,
GBBL,26,47,200,,
SKBBL,28,49,10,,
SKBBL,19,49,10,,
SKBBL,34,49,10,,
SKBBL,49,49,10,,
SKBBL,21,49,20,,
SKBBL,26,49,10,,
SKBBL,47,49,30,,
KSBBL,28,33,100,,
NIFRA,58,25,16,,
KSBBL,34,33,500,,
CORBL,47,58,39,,
MLBSL,59,37,10,,
NICA,28,43,250,,
HIDCL,16,40,20,,
NTC,29,59,50,,
EDBL,29,4,10,,
AKPL,41,42,20,,
KSBBL,51,33,200,,
MLBL,33,37,50,,
UPCL,7,57,500,,
PROFL,51,34,30,,
SHPC,34,25,10,,
KBL,34,42,200,,
NIFRA,58,19,18,,
PICL,22,53,50,,
GIC,42,48,10,,
GBBL,6,36,140,,
GBBL,25,36,50,,
GBBL,55,36,500,,
GBBL,34,36,50,,
GBBL,25,36,200,,
GBBL,36,36,60,,
NIFRA,52,25,15,,
SSHL,46,43,100,,
SSHL,46,45,20,,
KSBBL,57,33,100,,
NUBL,48,39,20,,
NABIL,58,58,36,,
KRBL,7,48,100,,
SHPC,25,25,10,,
JBBL,49,59,100,,
CFCL,51,38,100,,
BPCL,34,56,25,,
BPCL,34,38,50,,
MLBSL,57,37,50,,
GBIME,36,45,100,,
GBIME,36,42,32,,
HPPL,7,19,100,,
AKPL,26,42,20,,
AKPL,26,54,30,,
ILBS,42,38,10,,
GBIME,59,42,200,,
MNBBL,26,8,500,,
UPPER,49,35,10,,
ICFC,13,4,600,,
HDHPC,50,34,500,,
HDHPC,50,20,500,,
GBIME,42,50,57,,
JBLB,38,36,10,,
NABIL,36,58,100,,
NIFRA,34,25,100,,
AHPC,6,47,10,,
MLBL,33,43,25,,
NIFRA,45,25,50,,
SCB,42,21,105,,
UPCL,7,28,20,,
API,43,34,170,,
NUBL,22,39,50,,
NLICL,14,38,30,,
PCBL,51,54,20,,
SPDL,21,54,10,,
GHL,10,34,600,,
HIDCL,45,39,62,,
NIL,52,58,20,,
MLBSL,57,37,20,,
MLBSL,57,55,30,,
GBIME,29,42,25,,
SHL,22,17,600,,
MLBL,48,43,320,,
MLBL,48,43,80,,
LGIL,45,14,300,,
RMDC,49,44,30,,
SAHAS,51,51,10,,
NRIC,21,17,40,,
NRIC,58,17,10,,
PICL,55,28,300,,
PICL,33,28,50,,
PICL,50,28,80,,
PICL,50,38,20,,
JLI,42,1,10,,
MLBBL,10,47,20,,
UMHL,22,44,80,,
SFCL,1,41,15,,
SFCL,1,51,470,,
SFCL,1,42,500,,
SFCL,1,32,15,,
BFC,21,20,50,,
BFC,21,38,150,,
AKPL,6,6,58,,
RHPL,45,26,115,,
RHPL,45,26,50,,
RHPL,45,6,30,,
RHPL,45,49,55,,
RHPL,45,58,50,,
ULI,21,58,10,,
NIFRA,10,25,20,,
RADHI,34,40,89,,
ICFC,13,4,200,,
MLBL,52,45,119,,
KBL,55,42,10,,
HDHPC,20,34,10,,
NGPL,7,59,28,,
GHL,53,34,200,,
CHDC,52,7,200,,
CHDC,52,7,50,,
CHDC,57,7,40,,
SPDL,41,42,13,,
PLI,16,42,10,,
SDLBSL,45,51,11,,
ICFC,25,4,50,,
ICFC,25,40,50,,
GBIME,53,42,50,,
MLBS,42,43,10,,
NGPL,7,5,30,,
AHPC,48,45,10,,
AHPC,20,45,22,,
AHPC,38,45,230,,
AHPC,52,45,75,,
KSBBL,22,33,10,,
AIL,28,48,10,,
IGI,6,46,50,,
IGI,6,46,70,,
IGI,45,46,50,,
SAHAS,25,52,10,,
MEGA,57,6,106,,
MEGA,57,14,100,,
TPC,20,21,10,,
TPC,20,14,10,,
TPC,20,58,10,,
TPC,20,6,10,,
TPC,20,42,10,,
GBIME,47,42,20,,
SLI,58,6,10,,
HDHPC,20,19,20,,
NUBL,40,39,30,,
NUBL,40,38,70,,
NIFRA,46,25,50,,
KSBBL,51,33,75,,
NHPC,49,48,550,,
NHPC,49,49,1000,,
NHPC,49,43,600,,
HDHPC,20,57,300,,
NICL,29,38,50,,
ADBL,14,32,110,,
AKPL,34,51,500,,
SJCL,49,57,100,,
MLBL,48,43,920,,
MLBL,48,3,50,,
MLBL,48,29,30,,
SAHAS,25,38,10,,
SKBBL,13,7,100,,
SCB,4,35,37,,
DHPL,33,52,70,,
RADHI,34,33,500,,
RADHI,34,22,20,,
UPPER,40,33,400,,
NABBC,17,45,50,,
NHDL,35,28,500,,
CORBL,55,58,20,,
CORBL,55,53,30,,
SKBBL,56,7,100,,
PFL,32,57,35,,
MLBL,6,25,100,,
KSBBL,49,33,20,,
KBL,1,34,100,,
KBL,57,34,100,,
NTC,18,43,30,,
NTC,18,57,20,,
NTC,18,22,50,,
HIDCL,21,41,20,,
NIFRA,8,25,10,,
NIFRA,8,51,10,,
NUBL,45,38,50,,
NUBL,45,33,50,,
BARUN,58,14,25,,
HDHPC,20,7,10,,
RLI,43,34,90,,
RLI,43,58,110,,
GBIME,33,42,250,,
PROFL,29,34,56,,
PROFL,29,45,44,,
SICL,26,14,10,,
SICL,40,14,25,,
SICL,4,14,38,,
SICL,6,14,70,,
SICL,6,14,70,,
SADBL,6,36,420,,
SADBL,16,36,100,,
SADBL,45,36,300,,
SADBL,45,36,100,,
SADBL,45,36,10,,
SADBL,17,36,100,,
SADBL,59,36,100,,
SADBL,32,36,500,,
SADBL,45,36,20,,
SADBL,19,36,850,,
SADBL,52,36,500,,
GMFIL,44,58,100,,
GMFIL,58,58,50,,
NABBC,17,6,50,,
MKLB,8,26,10,,
JBLB,38,34,10,,
NABIL,21,58,100,,
NRIC,26,42,1375,,
NRIC,4,42,100,,
NRIC,32,42,300,,
NRIC,25,42,300,,
NRIC,37,42,195,,
NRIC,25,42,30,,
SAHAS,25,6,10,,
SAHAS,25,47,10,,
MFIL,13,47,10,,
HDHPC,39,46,100,,
NRIC,25,55,20,,
PRVU,51,39,100,,
NRIC,25,16,100,,
NRIC,25,16,150,,
API,59,28,39,,
API,59,34,276,,
TPC,20,34,190,,
TPC,20,47,10,,
TPC,20,6,10,,
TPC,20,51,10,,
TPC,20,41,10,,
SKBBL,32,7,47,,
MLBL,46,29,200,,
NRIC,6,16,100,,
AHPC,38,21,250,,
NCCB,29,36,500,,
CFCL,44,53,370,,
NIL,10,57,10,,
CFCL,21,53,130,,
NTC,6,48,300,,
LBBL,14,20,1000,,
LBBL,32,20,500,,
LBBL,32,20,500,,
LBBL,14,20,200,,
LBBL,34,20,200,,
LBBL,45,20,100,,
LBBL,53,20,200,,
HIDCL,21,41,20,,
SFCL,32,32,35,,
SWBBL,58,14,10,,
CHDC,57,35,10,,
ICFC,13,25,20,,
HDHPC,59,46,900,,
HDHPC,59,33,100,,
SJCL,41,38,80,,
AKJCL,59,52,10,,
AKJCL,59,16,100,,
NRIC,37,37,100,,
EIC,17,38,10,,
HIDCL,21,49,50,,
LGIL,45,14,155,,
LGIL,58,14,300,,
NGPL,40,5,20,,
NTC,6,48,100,,
GFCL,57,57,90,,
ICFC,13,34,190,,
ICFC,13,45,90,,
HIDCL,21,38,123,,
NLICL,41,38,50,,
NLICL,7,38,20,,
ULI,58,58,80,,
ULI,58,49,10,,
ULI,58,48,10,,
NMFBS,44,33,30,,
FMDBL,57,14,10,,
SLICL,36,40,20,,
EBL,54,46,389,,
EBL,57,46,11,,
SLICL,34,4,455,,
BFC,21,53,50,,
LBBL,41,11,12,,
PMHPL,32,50,650,,
PMHPL,32,4,300,,
MLBS,42,21,10,,
PMHPL,32,4,50,,
SBCF,34,52,1000,,
NRIC,25,16,250,,
NRIC,25,19,40,,
NRIC,25,28,10,,
SHL,34,17,100,,
HDL,43,53,10,,
MLBS,42,49,10,,
CIT,17,45,14,,
UMHL,52,59,15,,
ULI,19,37,10,,
SBL,32,51,28,,
SBL,32,44,89,,
SFCL,32,41,15,,
NUBL,28,8,100,,
NUBL,28,10,90,,
NUBL,28,33,50,,
NUBL,28,49,349,,
NUBL,28,33,27,,
NUBL,28,37,100,,
NUBL,28,41,50,,
NUBL,28,47,13,,
NUBL,28,35,100,,
NLIC,19,57,200,,
NGPL,43,5,200,,
CBL,49,33,50,,
UMHL,52,43,200,,
UMHL,52,4,110,,
BOKL,25,49,250,,
AHPC,38,38,20,,
SANIMA,38,1,300,,
MLBL,46,54,100,,
BOKL,11,49,50,,
NLIC,35,48,29,,
NUBL,21,35,50,,
NABIL,34,58,10,,
SBI,45,58,55,,
SBI,43,58,25,,
SBI,51,58,20,,
PCBL,22,54,30,,
CHL,49,41,10,,
ICFC,21,45,35,,
ICFC,21,34,115,,
MKLB,35,8,10,,
MHNL,45,36,10,,
RLI,38,52,10,,
JBLB,21,58,5,,
PROFL,42,29,190,,
GBIME,7,42,100,,
SLI,58,32,10,,
NRIC,37,1,20,,
NHPC,49,50,505,,
NHPC,49,1,201,,
CBL,1,33,200,,
RLI,49,46,50,,
RLI,29,46,190,,
RLI,38,46,80,,
ADBL,58,32,20,,
ADBL,54,32,100,,
ADBL,49,32,120,,
API,36,13,42,,
NHDL,28,21,243,,
NHDL,28,51,50,,
CHCL,58,19,10,,
CHCL,38,19,10,,
NRIC,37,45,100,,
NRIC,37,21,50,,
PROFL,42,29,10,,
NABIL,38,6,15,,
NABIL,49,6,20,,
NABIL,52,6,15,,
NABIL,49,6,40,,
NABIL,32,6,10,,
PFL,32,57,200,,
PFL,32,45,100,,
MLBL,47,29,100,,
MLBL,47,34,100,,
SBL,16,44,150,,
UPCL,4,3,100,,
NRIC,37,42,25,,
NRIC,37,41,10,,
SHINE,32,43,50,,
SHINE,38,43,50,,
CIT,7,17,90,,
MHNL,47,36,500,,
IGI,45,14,220,,
MHNL,26,36,50,,
MHNL,26,36,50,,
JBLB,21,48,10,,
GBIME,25,42,10,,
NABIL,28,58,55,,
SHINE,21,35,100,,
NHPC,25,26,300,,
SAHAS,19,58,10,,
UPPER,36,49,75,,
AIL,49,49,10,,
SANIMA,42,1,50,,
JLI,42,43,10,,
LICN,13,25,50,,
LICN,13,22,20,,
LICN,13,47,10,,
LICN,13,47,20,,
NHPC,49,38,20,,
NHPC,25,38,20,,
LBBL,14,45,74,,
LBBL,14,4,26,,
KBLD86,45,46,25,,
KBLD86,45,46,25,,
MLBS,28,59,10,,
MLBS,28,38,10,,
MLBS,28,58,10,,
MLBS,28,21,10,,
MLBS,28,19,10,,
MLBS,28,17,10,,
API,13,34,200,,
MLBS,28,14,10,,
MLBS,28,45,10,,
MLBS,28,16,10,,
MLBS,28,57,10,,
AKJCL,41,16,100,,
NRIC,38,42,1000,,
HPPL,6,58,850,,
HPPL,48,58,100,,
HPPL,52,58,50,,
NABIL,28,58,250,,
NABIL,52,19,13,,
HIDCL,21,45,20,,
HIDCL,21,47,200,,
HIDCL,21,42,32,,
HIDCL,21,49,80,,
HIDCL,21,58,51,,
HIDCL,21,45,170,,
NMFBS,57,33,59,,
NMFBS,42,33,100,,
UPCL,38,28,100,,
NGPL,22,5,100,,
NRIC,25,42,300,,
KKHC,38,26,10,,
CORBL,45,53,20,,
CBBL,38,47,20,,
UIC,58,53,50,,
CBL,25,33,10,,
NRIC,43,42,300,,
SLI,58,52,10,,
UPCL,28,28,880,,
UPCL,28,55,120,,
HDL,51,28,10,,
NRIC,41,42,50,,
NRIC,34,22,10,,
NRIC,45,22,80,,
NRIC,22,22,20,,
SAHAS,19,6,10,,
CGH,43,29,90,,
NCCB,6,36,10,,
MNBBL,56,57,21,,
GMFIL,45,58,200,,
MLBL,57,29,150,,
MLBL,57,33,350,,
SMATA,34,42,16,,
SMATA,34,57,50,,
JBBL,58,1,20,,
ALICL,6,41,100,,
SAHAS,55,34,20,,
SAHAS,55,45,10,,
SAHAS,55,38,10,,
SAHAS,55,51,10,,
MLBS,48,1,10,,
AKPL,6,28,465,,
AKPL,43,28,25,,
AKPL,58,28,10,,
NRIC,32,37,100,,
KSBBL,34,33,50,,
KSBBL,17,33,50,,
KSBBL,32,33,50,,
KSBBL,58,33,10,,
KSBBL,39,33,70,,
AKPL,3,58,100,,
RLI,38,29,10,,
PCBL,29,54,150,,
NUBL,28,47,20,,
NUBL,28,4,170,,
NUBL,28,8,110,,
NUBL,28,19,200,,
SANIMA,22,6,858,,
AKJCL,19,1,50,,
CIT,38,17,10,,
SINDU,38,42,100,,
NICA,42,36,100,,
NICA,42,37,150,,
NICA,42,57,50,,
HDHPC,50,16,1000,,
UMHL,41,59,50,,
UMHL,57,59,50,,
UMHL,41,59,50,,
UMHL,38,59,100,,
GBIME,21,42,25,,
MLBL,53,33,50,,
GBBL,6,59,300,,
SAHAS,19,48,10,,
NHPC,25,58,31,,
AHPC,47,16,20,,
API,1,34,24,,
API,1,14,76,,
RLFL,40,49,700,,
AKPL,14,39,100,,
SHINE,32,57,212,,
SHINE,51,57,200,,
SHINE,32,57,88,,
SGI,50,40,30,,
GFCL,41,57,10,,
GFCL,41,41,30,,
CGH,43,52,10,,
SFCL,32,51,30,,
SFCL,32,57,20,,
NRIC,57,42,100,,
ADBL,34,21,101,,
ADBL,34,55,50,,
ADBL,34,41,30,,
ADBL,34,52,30,,
AKJCL,19,6,50,,
NRIC,21,42,75,,
SAHAS,19,32,10,,
SHINE,32,44,2712,,
SJCL,6,6,400,,
API,21,14,50,,
MERO,40,16,90,,
MERO,49,16,20,,
MERO,10,16,30,,
MERO,26,16,35,,
MERO,43,16,25,,
MERO,42,16,100,,
MLBL,54,33,100,,
NFS,58,47,200,,
NFS,58,58,125,,
MLBSL,57,38,10,,
SAHAS,19,48,10,,
JBBL,49,48,100,,
SAHAS,25,42,10,,
SAHAS,25,58,10,,
API,25,14,59,,
NUBL,28,25,35,,
MNBBL,22,17,193,,
MNBBL,22,43,87,,
NLIC,1,33,50,,
CHCL,38,19,20,,
BFC,7,53,10,,
SAHAS,19,58,10,,
GBIME,6,42,288,,
GBIME,6,8,41,,
RLFL,4,49,190,,
RLFL,4,59,200,,
RLFL,4,58,110,,
RLFL,4,57,200,,
ALICL,19,41,100,,
UPPER,19,45,16,,
UPPER,17,45,85,,
NHPC,39,28,794,,
NHPC,32,28,1000,,
NHPC,21,28,100,,
NHPC,25,28,150,,
NHPC,19,28,100,,
NHPC,58,28,10,,
NHPC,22,28,410,,
NHPC,25,28,150,,
NHPC,25,28,25,,
NHPC,1,28,1000,,
NHPC,21,28,300,,
NHPC,28,28,100,,
SSHL,1,45,30,,
RHPL,44,22,70,,
RHPL,44,19,180,,
RHPL,44,17,50,,
RHPL,44,49,50,,
RHPL,44,50,1000,,
RHPL,44,58,70,,
RHPL,44,38,1000,,
RHPL,44,6,40,,
MLBS,28,36,10,,
RHPL,44,38,500,,
RHPL,44,26,500,,
MLBS,28,49,10,,
MLBS,28,38,10,,
MLBS,28,41,10,,
NGPL,47,5,55,,
NGPL,47,16,45,,
JBBL,55,44,425,,
CZBIL,57,52,35,,
MLBBL,49,35,35,,
MLBBL,58,35,15,,
SANIMA,7,1,50,,
HIDCL,21,45,50,,
HIDCL,34,45,80,,
MNBBL,40,43,100,,
NRIC,59,42,100,,
NLIC,21,42,10,,
ULI,21,51,10,,
NABIL,28,58,66,,
NABIL,28,54,184,,
SAHAS,19,48,10,,
ICFC,41,34,25,,
RSDC,41,42,20,,
UPPER,43,58,100,,
MHNL,4,36,500,,
CBL,49,33,200,,
NLBBL,44,36,30,,
SINDU,58,42,100,,
AKPL,43,58,50,,
UPCL,19,42,100,,
UPCL,19,41,490,,
CHL,17,34,100,,
GBIME,34,42,181,,
HIDCL,34,48,31,,
RADHI,34,57,100,,
RADHI,34,57,100,,
HIDCL,34,54,14,,
SRBL,34,42,100,,
RADHI,34,45,15,,
NABIL,35,19,13,,
KSBBL,32,45,35,,
NIFRA,56,51,50,,
NIFRA,56,21,20,,
NIFRA,56,6,10,,
NIFRA,56,39,10,,
BARUN,56,36,100,,
BARUN,56,11,50,,
NIFRA,56,53,60,,
NABIL,28,54,250,,
TRH,43,29,10,,
KBL,55,16,10,,
VLBS,46,46,50,,
PROFL,50,45,40,,
PFL,56,38,150,,
PLI,57,13,10,,
MLBS,42,58,10,,
SADBL,19,6,150,,
CFCL,51,38,340,,
CFCL,48,38,300,,
CFCL,55,38,180,,
CBL,57,33,150,,
CFCL,42,38,180,,
HIDCL,46,54,20,,
MPFL,32,32,140,,
MPFL,6,32,100,,
MPFL,49,32,50,,
MPFL,20,32,10,,
CFCL,33,58,130,,
NTC,36,48,100,,
JBLB,21,35,10,,
NABIL,28,54,250,,
SIFC,38,17,100,,
MNBBL,55,43,10,,
API,52,14,15,,
SIFC,38,17,164,,
SCB,4,21,51,,
SCB,4,11,16,,
ALICL,11,41,200,,
ALICL,11,45,200,,
GBIME,6,8,100,,
LBL,6,17,10,,
SIGS2,58,14,100,,
NRIC,22,41,10,,
MLBL,14,33,220,,
NRIC,25,42,50,,
NRIC,25,10,100,,
NRIC,25,6,70,,
NRIC,25,1,80,,
NABIL,42,53,10,,
LGIL,56,19,250,,
NIFRA,58,49,50,,
NIFRA,58,1,60,,
SBI,49,6,182,,
SBI,49,6,500,,
SBI,18,6,30,,
SBI,43,6,38,,
SBI,6,6,50,,
SBI,58,6,500,,
AKJCL,19,48,200,,
SSHL,42,45,150,,
NICA,21,36,500,,
UPCL,44,41,10,,
UPCL,44,6,100,,
UPCL,44,3,100,,
CZBIL,57,57,65,,
NHPC,25,41,75,,
NHPC,16,41,50,,
NHPC,18,41,100,,
NHPC,29,41,25,,
NIFRA,46,1,2,,
SINDU,58,42,100,,
SICL,14,49,50,,
NABIL,28,54,250,,
MEGA,55,6,194,,
NRIC,22,49,50,,
NABIL,49,54,36,,
NTC,7,48,200,,
NTC,7,6,100,,
HDHPC,51,10,100,,
HDHPC,58,10,40,,
HDHPC,8,10,100,,
HDHPC,8,10,100,,
HDHPC,58,10,1000,,
HDHPC,55,10,50,,
HDHPC,55,10,20,,
HDHPC,43,10,100,,
HDHPC,3,10,10,,
HDHPC,59,10,210,,
HDHPC,38,10,139,,
HDHPC,3,10,10,,
HDHPC,34,10,20,,
HDHPC,58,10,100,,
NUBL,48,8,40,,
NLIC,32,57,10,,
MLBL,21,33,10,,
NBB,33,51,200,,
NGPL,49,16,10,,
CHL,17,49,50,,
SRBL,45,42,30,,
SANIMA,56,1,250,,
KBL,17,58,100,,
KBL,17,1,10,,
KBL,17,4,934,,
NABIL,35,29,15,,
NLICL,45,22,140,,
NABIL,29,29,10,,
NABIL,28,29,50,,
NABIL,56,29,25,,
NABIL,36,54,30,,
NRIC,14,26,100,,
AIL,5,48,10,,
AIL,5,21,10,,
KBL,28,4,200,,
NIFRA,25,39,10,,
ICFC,4,34,25,,
EBL,57,14,11,,
AKJCL,28,6,400,,
MFIL,13,52,190,,
MFIL,13,52,10,,
API,52,45,11,,
NRIC,48,1,20,,
NRIC,48,51,80,,
SFCL,14,33,100,,
SFCL,25,33,109,,
NIFRA,51,29,20,,
NIFRA,11,29,30,,
SIFC,38,57,216,,
NBB,39,33,50,,
JBBL,48,44,75,,
JBBL,48,38,25,,
CORBL,52,53,10,,
CBL,49,33,300,,
NICLBSL,59,21,10,,
NICLBSL,59,45,20,,
NICLBSL,59,47,10,,
CZBIL,51,57,400,,
CZBIL,51,50,100,,
LGIL,38,19,200,,
LBBL,14,45,100,,
NLIC,21,57,20,,
RHPL,42,45,70,,
KMCDB,49,4,100,,
KMCDB,14,4,130,,
KMCDB,47,4,10,,
PLI,51,29,10,,
SFCL,20,43,230,,
NUBL,41,25,30,,
NMBHF1,28,21,4860,,
SLI,36,38,10,,
LBL,55,52,350,,
UMHL,51,19,200,,
PROFL,42,45,10,,
SAHAS,7,34,50,,
SAHAS,7,1,10,,
SAHAS,7,1,10,,
SAHAS,7,58,10,,
SAHAS,7,1,10,,
SAHAS,7,28,10,,
SAHAS,7,57,10,,
SAHAS,7,58,10,,
SAHAS,7,51,10,,
SAHAS,7,8,10,,
SAHAS,7,21,10,,
KSBBL,5,45,10,,
KSBBL,21,45,13,,
KSBBL,45,45,50,,
BPCL,41,56,20,,
SBCF,47,14,590,,
TPC,14,34,10,,
TPC,14,14,10,,
TPC,14,45,10,,
TPC,14,46,10,,
TPC,14,11,10,,
TPC,14,45,10,,
AKPL,26,58,20,,
SHPC,44,29,85,,
GLH,1,55,90,,
GLH,58,55,10,,
LBBL,38,45,100,,
NABIL,58,44,5,,
NABIL,45,44,16,,
NABIL,14,44,100,,
NABIL,22,44,20,,
NABIL,59,44,25,,
NABIL,45,44,50,,
NABIL,36,44,30,,
NABIL,44,44,100,,
NABIL,52,44,200,,
PLI,51,3,10,,
MLBS,28,42,10,,
GUFL,41,45,40,,
SSHL,45,45,100,,
NTC,48,48,15,,
HIDCL,52,54,16,,
HIDCL,36,54,100,,
GBIME,6,8,20,,
PFL,14,35,100,,
API,52,42,14,,
API,52,36,960,,
NCCB,50,29,98,,
RLI,38,45,10,,
NGPL,43,19,60,,
HURJA,57,43,10,,
CBL,58,33,90,,
SLI,3,58,10,,
SLI,3,38,10,,
SLI,3,58,10,,
SLI,3,4,10,,
SLI,3,14,10,,
SLI,3,51,10,,
SLI,3,39,10,,
SLI,3,41,10,,
LBBL,25,45,100,,
LBBL,25,47,100,,
GMFIL,49,8,210,,
GMFIL,49,44,330,,
HIDCL,36,28,900,,
NICLBSL,59,49,10,,
NICLBSL,59,51,10,,
SIL,58,14,10,,
JBBL,55,29,200,,
SIC,7,36,10,,
CBBL,37,53,25,,
MLBS,28,51,10,,
AKPL,6,45,307,,
AKPL,44,45,200,,
AKPL,51,45,28,,
AKPL,14,45,50,,
SINDU,50,42,100,,
CFCL,58,58,50,,
NUBL,41,58,50,,
NUBL,34,58,280,,
NUBL,41,58,100,,
NUBL,52,58,11,,
NUBL,45,58,14,,
NUBL,7,58,45,,
KBLD86,45,46,25,,
JLI,42,8,10,,
NLIC,20,6,22,,
NLIC,29,6,10,,
NLIC,58,6,67,,
NLIC,21,6,20,,
NLIC,48,6,20,,
NLIC,3,6,61,,
KSBBL,21,57,87,,
KSBBL,58,57,30,,
KSBBL,21,57,40,,
RLI,6,55,10,,
RLI,6,29,38,,
AKJCL,28,58,80,,
AKJCL,51,58,20,,
MFIL,13,20,100,,
JLI,42,48,10,,
API,3,36,200,,
MLBSL,57,44,12,,
MLBSL,25,44,10,,
AKPL,19,43,183,,
CHCL,49,6,100,,
RLFL,16,54,20,,
RLFL,16,32,50,,
SFCL,25,16,41,,
MLBL,48,33,2270,,
MLBL,48,38,630,,
MLBL,48,34,100,,
UPPER,17,21,15,,
NRIC,14,50,40,,
RADHI,11,45,50,,
API,51,36,10,,
RLI,58,29,100,,
SAHAS,34,54,10,,
SAHAS,34,45,10,,
SAHAS,34,17,10,,
SAHAS,34,58,10,,
SAHAS,34,38,10,,
HDL,54,55,10,,
SAHAS,34,47,10,,
SAHAS,34,7,10,,
SAHAS,34,51,10,,
SAHAS,34,56,10,,
SAHAS,34,48,10,,
SAHAS,34,58,10,,
SAHAS,34,57,10,,
SAHAS,34,51,10,,
SAHAS,34,52,10,,
SAHAS,34,14,10,,
NLICL,21,22,140,,
UMHL,38,38,100,,
RLI,29,28,10,,
NICLBSL,47,28,10,,
UMRH,49,56,150,,
API,51,36,400,,
NLIC,55,57,20,,
GMFIL,50,44,20,,
GBBL,14,59,1000,,
GBBL,38,59,150,,
GBBL,14,59,800,,
NRIC,14,47,42,,
API,6,36,500,,
NBL,13,46,220,,
SLI,3,49,10,,
SLI,3,49,10,,
SLI,3,41,10,,
SLI,3,59,10,,
SLI,3,58,10,,
SLI,3,43,10,,
SLI,3,50,10,,
SLI,3,19,50,,
SLI,3,47,10,,
NHPC,22,28,160,,
SAHAS,19,38,10,,
LICN,40,29,10,,
LICN,39,29,10,,
UNHPL,34,59,30,,
UNHPL,57,59,30,,
UNHPL,57,59,50,,
ICFC,22,59,450,,
UNHPL,58,59,40,,
ICFC,57,59,50,,
UNHPL,34,59,100,,
NIFRA,11,13,10,,
NABBC,52,41,10,,
HIDCL,34,48,50,,
HIDCL,32,48,30,,
HIDCL,57,48,30,,
HIDCL,28,48,50,,
HIDCL,48,48,238,,
NLIC,3,18,29,,
NLIC,3,21,10,,
KSBBL,21,44,50,,
UPPER,51,58,50,,
API,11,36,50,,
API,34,36,300,,
API,42,36,10,,
API,51,36,50,,
MLBL,48,33,643,,
API,45,36,20,,
GIC,42,43,10,,
SLI,58,51,10,,
API,22,34,500,,
NLICL,22,22,10,,
PCBL,32,54,21,,
MEGA,1,28,150,,
HURJA,57,57,10,,
SJCL,6,38,60,,
AHPC,38,4,500,,
AHPC,17,4,300,,
HDHPC,38,10,461,,
HDHPC,25,10,200,,
HDHPC,29,10,50,,
HDHPC,34,10,300,,
HDHPC,34,10,200,,
HDHPC,34,10,500,,
HDHPC,38,10,10,,
HDHPC,48,10,424,,
HDHPC,14,10,50,,
HDHPC,48,10,100,,
HDHPC,58,10,35,,
HDHPC,50,10,50,,
HDHPC,3,10,20,,
HDHPC,41,10,100,,
NHPC,29,28,350,,
NHPC,29,34,150,,
RURU,34,36,50,,
SADBL,5,28,10,,
ULI,21,8,10,,
NRIC,44,47,80,,
NRIC,44,55,20,,
NUBL,29,8,50,,
MHNL,26,36,50,,
SAHAS,19,52,10,,
JBBL,28,38,475,,
JBBL,28,1,60,,
JBBL,28,3,130,,
JBBL,28,14,150,,
JBBL,28,45,47,,
JBBL,28,57,138,,
HDL,59,55,10,,
HDL,14,55,79,,
GMFIL,46,44,50,,
GMFIL,45,44,100,,
MLBL,58,33,77,,
NBB,33,33,50,,
NBB,33,33,450,,
KBL,17,17,20,,
API,45,34,30,,
API,45,34,49,,
API,8,34,1921,,
RADHI,59,45,100,,
NRIC,57,45,45,,
NRIC,57,44,100,,
NRIC,57,58,90,,
NRIC,57,6,10,,
NICLBSL,13,45,30,,
PRVU,20,29,705,,
PRVU,20,40,250,,
PRVU,20,29,1000,,
PRVU,20,34,345,,
CFCL,34,38,50,,
CFCL,49,38,30,,
CFCL,36,38,20,,
NIFRA,11,50,50,,
NIFRA,11,51,50,,
NIFRA,11,22,50,,
NIFRA,11,45,50,,
NIFRA,11,3,120,,
NIFRA,11,37,60,,
MMF1,35,58,100,,
MLBS,28,38,10,,
MLBL,28,33,130,,
KSBBL,34,36,80,,
KSBBL,34,1,300,,
KSBBL,34,4,70,,
KSBBL,34,44,50,,
AHPC,50,4,1000,,
JLI,42,13,10,,
SGI,50,29,10,,
ULI,21,3,10,,
SIFC,38,38,120,,
SLI,58,41,10,,
NUBL,41,4,10,,
NICLBSL,13,14,60,,
RMDC,19,42,60,,
CGH,34,51,25,,
SHINE,38,44,200,,
SAHAS,8,36,10,,
NRIC,48,34,100,,
NIFRA,41,37,40,,
NIFRA,41,17,50,,
NRIC,1,8,200,,
NRIC,48,17,50,,
NGPL,32,46,100,,
NGPL,32,36,22,,
NRIC,32,41,100,,
PROFL,41,34,500,,
SIFC,14,38,180,,
SIFC,14,41,100,,
SIFC,14,17,20,,
UMHL,38,57,300,,
SIFC,14,42,100,,
UMHL,45,57,200,,
SKBBL,45,53,15,,
KBL,55,4,10,,
MLBS,28,35,10,,
HDL,14,29,11,,
PRVU,47,34,950,,
PRVU,47,43,50,,
KKHC,33,28,10,,
NRIC,48,41,50,,
SRBL,6,42,10,,
NBL,50,46,10,,
NICA,56,37,300,,
NUBL,57,4,20,,
NUBL,57,20,350,,
NUBL,57,8,130,,
NABBC,14,51,33,,
NABBC,45,51,100,,
NABBC,36,51,50,,
NABBC,56,51,13,,
NABBC,8,51,40,,
BOKL,58,49,33,,
BARUN,4,37,138,,
NUBL,44,8,50,,
MLBS,28,48,10,,
RHPL,42,57,150,,
SKBBL,38,53,10,,
RMDC,57,42,30,,
NUBL,38,8,20,,
GBBL,14,29,200,,
SHINE,38,44,88,,
GMFIL,58,8,10,,
GMFIL,59,8,200,,
GMFIL,57,8,80,,
NRIC,21,41,49,,
NRIC,21,42,20,,
NRIC,21,38,31,,
CFCL,3,38,100,,
MLBL,58,33,150,,
RBCL,32,48,30,,
JLI,42,1,16,,
JLI,42,22,10,,
JLI,42,49,10,,
HIDCL,45,28,90,,
HIDCL,28,28,10,,
SADBL,49,33,500,,
SLICL,36,4,10,,
SGI,6,7,90,,
SGI,6,17,10,,
LEC,49,28,17,,
NTC,58,22,310,,
NTC,58,48,50,,
NTC,58,38,30,,
MFIL,35,20,50,,
NIFRA,28,41,30,,
SLICL,52,4,10,,
SLICL,6,4,25,,
SCB,47,11,84,,
BFC,21,53,10,,
PMHPL,32,4,250,,
PMHPL,32,49,300,,
PMHPL,32,4,200,,
PMHPL,32,45,50,,
PMHPL,32,4,200,,
GBIME,1,29,18,,
GBIME,58,29,20,,
RADHI,34,58,100,,
RADHI,34,33,23,,
HPPL,52,57,30,,
AKJCL,59,45,841,,
AKPL,51,32,17,,
GBIME,20,8,103,,
GBIME,20,42,197,,
GHL,25,39,100,,
GHL,25,16,10,,
GHL,25,38,100,,
GHL,25,42,300,,
NUBL,45,58,36,,
NUBL,14,58,30,,
NUBL,40,58,500,,
NUBL,48,58,50,,
NUBL,33,58,10,,
NUBL,57,58,100,,
NUBL,45,58,54,,
NUBL,36,58,50,,
NUBL,20,58,100,,
ULI,19,8,10,,
NUBL,58,20,10,,
JBBL,58,57,50,,
AKPL,51,10,342,,
KRBL,29,32,180,,
KRBL,29,11,30,,
HDHPC,48,33,100,,
NBL,35,46,70,,
NBL,35,45,50,,
MHNL,14,36,50,,
SHPC,25,29,50,,
SAHAS,19,13,10,,
MHNL,26,36,50,,
MLBL,3,38,370,,
MLBL,3,25,130,,
JFL,48,21,92,,
SLI,58,58,10,,
UIC,39,17,10,,
RMDC,41,42,500,,
ADBL,44,22,30,,
CZBIL,51,57,35,,
CZBIL,51,44,965,,
RLFL,44,32,50,,
API,8,48,53,,
PCBL,32,53,19,,
PCBL,32,22,10,,
HDHPC,43,19,100,,
MFIL,40,47,10,,
HIDCL,28,49,90,,
SHEL,47,41,10,,
MFIL,45,20,50,,
SLI,58,58,10,,
AKPL,34,10,158,,
AKPL,34,57,100,,
AKPL,34,56,36,,
AKPL,34,6,100,,
AKPL,34,43,606,,
MLBL,48,54,100,,
JBLB,58,44,10,,
JBLB,58,34,10,,
CHDC,56,7,10,,
UMRH,28,51,10,,
NUBL,35,48,50,,
SAHAS,16,6,10,,
KLBSL,6,56,50,,
JLI,14,8,10,,
BFC,25,20,10,,
NLIC,6,21,90,,
NLIC,6,29,10,,
NUBL,21,20,20,,
AKPL,51,59,11,,
SAHAS,3,7,10,,
PFL,45,38,850,,
PFL,45,47,50,,
PFL,45,37,100,,
SAHAS,3,39,10,,
HDHPC,48,10,476,,
HDHPC,14,10,200,,
NIFRA,28,25,55,,
SAHAS,3,58,10,,
CBL,26,45,100,,
CBL,26,48,562,,
SLICL,6,37,75,,
CFCL,34,38,90,,
CFCL,13,38,10,,
UPCL,44,47,50,,
NRIC,49,38,50,,
ICFC,22,21,100,,
NHPC,22,28,20,,
NBB,19,33,200,,
HDHPC,3,10,10,,
BOKL,34,21,40,,
NHPC,34,28,100,,
NHPC,39,28,700,,
NHPC,39,33,300,,
HDHPC,33,10,100,,
HDHPC,47,10,500,,
HDHPC,53,10,300,,
HDHPC,41,10,35,,
HDHPC,57,10,379,,
SFCL,57,16,399,,
SFCL,57,38,50,,
SFCL,57,32,51,,
NIFRA,28,13,10,,
SCB,47,41,11,,
SCB,47,21,105,,
SADBL,49,29,500,,
NABIL,21,44,19,,
KBL,17,54,50,,
KBL,17,58,55,,
SINDU,14,29,50,,
HDL,14,55,10,,
SAHAS,3,57,10,,
HDL,28,55,200,,
HDL,10,55,100,,
HDL,34,55,10,,
HDL,55,55,30,,
NABIL,46,17,5,,
AKPL,51,4,102,,
NHPC,58,50,100,,
MNBBL,34,49,75,,
DHPL,50,28,10,,
PLIC,13,47,100,,
SHINE,38,1,250,,
NICA,7,46,300,,
RLI,41,41,10,,
CGH,51,51,10,,
CGH,16,51,10,,
CFCL,41,38,164,,
CFCL,41,57,20,,
CFCL,41,58,16,,
NTC,32,41,111,,
NTC,59,41,89,,
RLFL,57,32,650,,
RLFL,57,37,350,,
NUBL,38,20,10,,
TPC,45,51,10,,
JLI,14,52,10,,
GBIME,35,29,40,,
GBIME,52,29,30,,
SFCL,45,56,50,,
GBIME,6,29,100,,
SFCL,45,17,100,,
AKJCL,45,58,100,,
GBIME,34,29,30,,
SAHAS,3,26,10,,
GLH,1,58,10,,
RHPL,51,57,50,,
BPCL,58,8,90,,
MLBS,7,17,10,,
SBL,10,44,100,,
AHPC,52,28,200,,
ULI,19,51,10,,
HIDCL,48,57,50,,
MNBBL,48,25,25,,
MNBBL,25,25,40,,
MNBBL,1,25,45,,
CFCL,34,38,100,,
MDB,33,28,100,,
CBL,57,48,438,,
CBL,57,28,62,,
NUBL,25,20,60,,
BBC,19,26,15,,
BBC,19,4,10,,
HDL,55,38,10,,
API,8,40,26,,
API,45,40,200,,
API,55,40,100,,
API,41,40,90,,
API,58,40,500,,
API,49,40,84,,
MLBS,28,7,10,,
MLBS,28,21,10,,
MLBS,28,38,10,,
MLBS,28,34,20,,
MLBS,28,35,10,,
MLBS,28,53,10,,
MLBS,28,52,10,,
MLBS,28,34,10,,
MLBS,28,58,10,,
NGPL,28,57,240,,
SHIVM,6,49,50,,
UPPER,52,58,50,,
MERO,34,56,100,,
NTC,59,57,11,,
NLIC,28,29,50,,
SANIMA,58,1,337,,
SANIMA,58,7,200,,
SANIMA,58,43,463,,
NRIC,6,38,19,,
NRIC,6,42,30,,
NRIC,6,58,51,,
NHPC,38,50,300,,
NMFBS,20,33,100,,
NHPC,33,50,100,,
NMB,29,28,88,,
NMB,35,28,250,,
NMB,43,28,100,,
NMB,58,28,100,,
NMB,57,28,500,,
NMB,16,28,200,,
NMB,41,28,50,,
NMB,45,28,100,,
NMB,49,28,12,,
RLFL,48,37,100,,
AKPL,51,45,119,,
NHPC,33,40,200,,
NUBL,41,20,10,,
MLBL,48,25,20,,
MLBL,48,4,450,,
MLBL,48,49,30,,
SIFC,14,56,100,,
NIFRA,21,1,50,,
MLBL,48,3,650,,
MLBL,34,3,350,,
SRBL,41,42,535,,
SRBL,41,44,990,,
SRBL,41,34,475,,
NICA,58,37,40,,
MLBL,42,49,20,,
MLBL,48,49,150,,
NUBL,34,20,20,,
NUBL,34,20,30,,
AKPL,39,45,221,,
AKPL,39,29,279,,
SHINE,38,40,100,,
SHINE,38,6,25,,
HDHPC,38,49,50,,
NABIL,40,44,50,,
NRIC,44,14,100,,
KRBL,57,11,20,,
KRBL,57,17,480,,
SAHAS,3,48,10,,
NBL,48,45,50,,
MLBSL,42,59,20,,
HIDCL,3,49,910,,
MEGA,14,45,74,,
MEGA,14,19,100,,
MEGA,14,45,330,,
MEGA,14,47,100,,
MEGA,14,34,72,,
PLI,51,41,10,,
SBL,45,44,730,,
SBL,19,44,1000,,
SBL,26,44,700,,
SBL,8,44,60,,
SBL,34,44,500,,
SBL,45,44,50,,
SBL,35,44,500,,
SBL,55,44,200,,
SBL,54,44,500,,
SBL,45,44,500,,
SBL,42,44,50,,
SBL,21,44,200,,
SBL,53,44,10,,
HIDCL,48,49,300,,
GBIME,19,42,100,,
HIDCL,48,39,12,,
GIC,39,47,100,,
SLICL,6,4,200,,
CBBL,38,50,10,,
CBBL,48,51,46,,
CBBL,21,51,54,,
KSBBL,25,41,20,,
KSBBL,49,41,10,,
BARUN,7,48,11,,
HDHPC,57,22,121,,
HDHPC,34,22,79,,
GMFIL,45,54,25,,
SAHAS,3,52,10,,
NIFRA,14,1,100,,
SLI,51,13,10,,
CBL,10,29,300,,
AHPC,17,4,126,,
AHPC,58,4,50,,
NRIC,58,42,2095,,
NRIC,46,42,100,,
NABIL,17,44,200,,
UPCL,44,57,240,,
SAHAS,3,47,10,,
SKBBL,49,53,10,,
SFCL,38,41,10,,
SANIMA,58,43,37,,
SANIMA,58,45,13,,
HPPL,39,6,250,,
HPPL,39,58,10,,
UPPER,11,58,50,,
PFL,56,17,50,,
NLIC,48,37,30,,
SBL,53,36,10,,
HDHPC,34,7,10,,
GBIME,41,46,200,,
API,52,34,30,,
NUBL,51,20,100,,
HDL,55,35,10,,
MLBS,38,48,10,,
JBBL,13,29,100,,
MMF1,16,52,100,,
NHPC,55,28,1400,,
MLBL,48,48,50,,
MLBL,33,48,50,,
GBLBS,53,46,15,,
GBIME,3,42,100,,
CHDC,52,46,500,,
SBL,42,44,350,,
API,57,34,200,,
API,48,34,24,,
SIC,D01,19,80,,
SIC,D01,45,150,,
SIC,D01,47,45,,
NMB,41,33,100,,
HPPL,14,19,500,,
BFC,51,13,200,,
EIC,33,43,70,,
MHNL,58,36,500,,
KSBBL,49,44,100,,
DDBL,25,45,30,,
GBIME,14,42,603,,
GBIME,14,53,397,,
SIFC,14,55,100,,
NIFRA,19,1,65,,
NIFRA,41,1,35,,
NRN,34,35,100,,
NUBL,41,20,40,,
PLI,51,13,10,,
JBBL,13,59,10,,
NRIC,58,42,805,,
NRIC,42,42,360,,
NRIC,25,42,10,,
NRIC,17,42,90,,
NRIC,1,42,50,,
NRIC,3,42,215,,
NRIC,39,42,470,,
NRIC,58,42,2000,,
NUBL,50,20,80,,
MNBBL,41,49,10,,
NRIC,40,58,149,,
NRIC,40,38,20,,
NRIC,40,10,50,,
NRIC,40,44,50,,
NRIC,40,42,81,,
JBBL,13,59,100,,
MLBL,48,4,1000,,
CBL,49,29,100,,
SIFC,14,45,400,,
MKJC,8,10,100,,
AKJCL,59,57,10,,
AHPC,43,28,500,,
NTC,32,58,137,,
NTC,6,58,13,,
NBL,35,59,380,,
NBL,58,59,20,,
NHPC,33,38,100,,
API,6,6,100,,
GLH,44,55,10,,
NICA,7,57,29,,
MLBS,28,22,10,,
SHPC,45,29,15,,
MLBS,42,21,10,,
LBBL,42,45,31,,
LBBL,42,57,2750,,
LBBL,42,28,19,,
LBBL,42,25,700,,
HDHPC,34,7,10,,
MEGA,44,34,150,,
NLIC,58,29,60,,
KSBBL,49,58,90,,
BNT,39,48,10,,
NIFRA,35,41,55,,
NIFRA,35,25,10,,
NIFRA,35,49,135,,
GLICL,11,36,250,,
NRIC,48,42,19,,
NRIC,48,17,10,,
NRIC,48,52,21,,
NRIC,48,29,50,,
NBL,21,45,100,,
RSDC,22,42,200,,
RSDC,25,42,50,,
STC,56,34,10,,
SLI,58,55,10,,
AKPL,19,39,67,,
NRIC,32,57,10,,
HDHPC,34,10,51,,
NIFRA,49,49,30,,
NIFRA,49,13,10,,
TPC,45,45,10,,
TPC,45,47,10,,
API,34,6,100,,
NTC,34,38,30,,
ALICL,6,41,130,,
BOKL,44,48,280,,
AKJCL,25,57,40,,
SFCL,38,21,100,,
SFCL,38,58,100,,
RHPL,45,22,20,,
HDHPC,38,10,1000,,
HDHPC,32,10,100,,
HDHPC,38,10,660,,
HDHPC,42,10,189,,
NMB,35,33,40,,
NMB,21,33,50,,
RLFL,4,37,50,,
HDHPC,42,5,26,,
HDHPC,42,14,285,,
NRIC,32,16,90,,
GBIME,41,38,100,,
SJCL,45,45,40,,
AKPL,36,39,100,,
EDBL,20,6,10,,
EDBL,8,6,500,,
EDBL,28,6,200,,
EDBL,38,6,50,,
EDBL,19,6,50,,
SFCL,38,58,60,,
NTC,21,38,70,,
SADBL,16,44,1000,,
TRH,43,1,50,,
GBBL,28,58,100,,
NICA,7,26,50,,
NRIC,39,42,30,,
NRIC,20,42,1000,,
NRIC,58,42,100,,
HURJA,56,58,10,,
GMFIL,57,58,20,,
HURJA,57,58,10,,
SBL,42,44,20,,
NRIC,49,16,10,,
HDHPC,38,4,340,,
SMB,11,59,100,,
EDBL,20,45,60,,
NIFRA,14,41,50,,
KSBBL,41,58,30,,
NUBL,41,20,150,,
ULI,21,1,10,,
SWBBL,26,14,10,,
SPDL,1,21,50,,
SPDL,58,21,200,,
KSBBL,38,58,30,,
SIL,58,14,10,,
NGPL,10,43,20,,
SHL,6,35,200,,
CBL,21,28,200,,
KSBBL,49,58,100,,
NUBL,22,20,50,,
RADHI,42,33,30,,
TPC,45,21,10,,
MLBL,33,38,100,,
MLBL,33,32,200,,
MLBL,33,33,450,,
SCB,29,41,64,,
SCB,29,54,21,,
SCB,29,17,100,,
SCB,29,52,21,,
SCB,29,19,64,,
SCB,29,17,221,,
GLH,44,55,10,,
GLH,6,55,10,,
NUBL,20,20,43,,
SAHAS,3,36,10,,
NRIC,40,52,79,,
NRIC,40,6,200,,
NRIC,40,49,71,,
HIDCL,56,41,20,,
HIDCL,56,35,1000,,
HIDCL,56,29,250,,
HIDCL,56,28,421,,
PMHPL,29,45,450,,
PMHPL,29,48,50,,
PMHPL,29,4,500,,
IGI,6,34,130,,
IGI,50,34,20,,
NABIL,8,51,30,,
CIT,6,22,27,,
HDHPC,3,4,50,,
HDHPC,50,4,10,,
SHINE,6,6,50,,
CFCL,34,38,767,,
CFCL,4,38,300,,
CFCL,33,38,390,,
CFCL,52,38,500,,
CFCL,32,38,23,,
CFCL,32,38,20,,
MLBS,28,56,10,,
PFL,56,43,92,,
GLH,6,13,10,,
HPPL,44,58,40,,
HPPL,44,42,65,,
HPPL,44,19,10,,
MKJC,28,32,400,,
MKJC,28,42,100,,
NUBL,20,59,100,,
SHIVM,6,58,100,,
PLI,51,41,10,,
AKPL,57,39,100,,
ULI,21,29,10,,
NUBL,20,47,47,,
BNT,39,7,10,,
BNT,39,28,50,,
NCCB,57,40,100,,
ALICL,55,41,10,,
ALICL,6,41,10,,
MMFDB,37,49,10,,
ADBL,29,22,30,,
ADBL,29,58,20,,
KSBBL,49,58,100,,
SRBL,56,44,10,,
NHPC,22,28,131,,
NHPC,22,41,69,,
UPPER,59,58,1030,,
SHPC,25,21,500,,
SHPC,49,21,150,,
MLBL,37,33,50,,
SPDL,58,32,50,,
MKJC,28,32,490,,
MKJC,28,6,10,,
SAHAS,3,48,10,,
SINDU,4,42,100,,
NUBL,20,59,10,,
BPCL,58,45,10,,
CBBL,21,51,16,,
CBBL,51,51,50,,
SLI,51,1,10,,
KSBBL,21,58,150,,
KSBBL,21,57,700,,
SLI,49,45,10,,
SLI,49,50,10,,
GIC,34,41,30,,
DHPL,50,53,50,,
NUBL,54,59,30,,
NUBL,29,59,30,,
NUBL,37,59,30,,
NUBL,20,59,57,,
NUBL,54,33,23,,
MLBL,54,33,100,,
NBL,58,34,150,,
NBL,58,37,90,,
NBL,58,42,50,,
ALICL,38,41,50,,
AHPC,52,8,50,,
LGIL,36,34,50,,
NBL,21,42,20,,
AKJCL,6,42,50,,
MNBBL,33,49,95,,
BOKL,58,34,153,,
BOKL,53,34,500,,
BOKL,21,34,20,,
BOKL,35,34,617,,
BOKL,16,34,10,,
BOKL,44,34,300,,
HIDCL,32,28,100,,
GBIME,58,53,50,,
GBIME,58,38,950,,
NUBL,20,49,100,,
AKJCL,5,42,30,,
JFL,44,51,20,,
JFL,58,51,10,,
JFL,42,51,100,,
JFL,59,51,370,,
JFL,11,51,200,,
JFL,16,51,100,,
SFCL,8,55,10,,
CFCL,38,58,20,,
GBIME,34,38,50,,
NRIC,32,49,100,,
NRIC,48,49,100,,
UPPER,59,42,970,,
UPPER,59,42,1030,,
NTC,6,54,40,,
SCB,17,17,100,,
SLI,51,44,10,,
NBL,50,17,20,,
AKJCL,26,42,10,,
MLBSL,34,10,10,,
SABSL,52,52,27,,
SABSL,52,47,12,,
SAHAS,3,1,10,,
NRIC,47,49,100,,
KSBBL,11,57,100,,
CFCL,32,38,477,,
CFCL,45,38,20,,
CFCL,52,38,107,,
CFCL,56,38,36,,
CFCL,28,38,200,,
CFCL,7,38,500,,
CFCL,32,38,200,,
CFCL,45,38,20,,
CFCL,49,38,200,,
CFCL,58,38,40,,
CFCL,13,38,200,,
NRIC,34,49,29,,
NRIC,34,7,11,,
MDB,45,58,100,,
NICA,7,14,100,,
AKJCL,35,25,50,,
MLBL,25,33,50,,
MEN,53,41,10,,
KPCL,34,21,190,,
KPCL,34,6,10,,
SPDL,58,14,100,,
JBLB,21,45,20,,
ULI,21,4,10,,
API,48,29,76,,
API,50,29,30,,
ULI,35,4,10,,
ULI,35,19,10,,
ULI,35,44,10,,
ULI,35,49,10,,
ULI,35,57,500,,
ULI,35,50,10,,
LGIL,55,34,300,,
NHPC,20,41,331,,
NHPC,20,39,60,,
NHPC,20,5,100,,
NHPC,20,40,509,,
GBIME,35,35,10,,
GBIME,47,35,100,,
GBIME,38,35,20,,
GBIME,43,35,25,,
HIDCL,34,28,211,,
GBIME,32,35,20,,
GBIME,52,35,60,,
GBIME,45,35,90,,
GBIME,49,35,10,,
GBIME,28,35,100,,
GBIME,14,35,50,,
GBIME,17,35,40,,
SLI,51,45,10,,
NTC,32,58,50,,
NRIC,42,46,20,,
ADBL,57,29,100,,
MLBS,28,14,40,,
BPCL,38,51,10,,
ADBL,16,29,100,,
HIDCL,52,28,100,,
IGI,22,25,50,,
NUBL,20,29,43,,
CIT,39,33,20,,
NLICL,17,5,50,,
SGI,53,43,10,,
NRIC,16,46,60,,
MKJC,22,38,30,,
MKJC,22,39,10,,
MKJC,22,57,50,,
MKJC,22,28,10,,
MKJC,22,42,80,,
CBL,49,58,100,,
GMFIL,58,54,10,,
NICLBSL,19,10,20,,
API,50,29,20,,
API,42,29,50,,
NABIL,49,44,50,,
MERO,42,56,22,,
MERO,42,55,38,,
MERO,42,26,40,,
NRIC,16,49,40,,
NABIL,36,44,40,,
SCB,17,17,100,,
SCB,58,17,79,,
RLI,6,51,10,,
HPPL,42,48,50,,
AKPL,50,39,375,,
DDBL,57,38,50,,
DHPL,7,53,50,,
NABIL,42,44,60,,
KPCL,32,39,100,,
KPCL,32,4,90,,
GBBL,38,48,100,,
MERO,49,6,20,,
NRIC,17,42,410,,
NRIC,34,42,10,,
NRIC,6,42,100,,
NRIC,21,42,200,,
NRIC,22,42,50,,
NRIC,49,42,1100,,
NRIC,54,42,130,,
MMFDB,37,42,27,,
MLBL,57,38,200,,
NMFBS,42,33,100,,
NGPL,45,48,12,,
NTC,32,47,30,,
KKHC,25,14,60,,
ULI,21,52,10,,
BOKL,58,48,100,,
NABIL,8,49,20,,
JLI,16,21,10,,
JLI,16,36,10,,
JLI,16,25,10,,
JLI,16,17,10,,
JLI,16,49,10,,
JLI,16,45,10,,
JLI,16,45,10,,
JLI,16,36,10,,
JLI,16,11,10,,
JLI,16,34,10,,
KKHC,25,14,100,,
NUBL,45,45,10,,
NUBL,19,45,22,,
GLH,1,55,20,,
GLH,42,55,170,,
SLI,51,34,10,,
NABIL,13,44,10,,
NUBL,44,29,15,,
NABIL,56,44,25,,
BNT,39,57,10,,
GIMES1,49,58,200,,
GIMES1,16,58,1000,,
NICA,25,14,400,,
CBL,49,36,100,,
AKPL,43,39,500,,
NTC,47,54,10,,
BFC,6,20,210,,
LGIL,5,34,150,,
MFIL,7,42,300,,
RADHI,52,33,10,,
PLI,49,51,10,,
ICFC,16,34,25,,
BFC,6,45,290,,
KKHC,38,14,110,,
UPPER,59,22,50,,
UPPER,59,43,325,,
UPPER,59,33,595,,
GBIME,14,58,18,,
NICLBSL,19,29,10,,
MLBL,58,38,30,,
MLBL,13,38,470,,
MLBL,38,33,3000,,
MLBL,38,43,1000,,
MDB,51,36,10,,
JOSHI,38,49,20,,
CFCL,58,38,50,,
AKPL,43,39,308,,
HDHPC,50,33,90,,
BFC,57,45,10,,
NBB,1,33,240,,
MHNL,52,36,10,,
AKJCL,43,42,10,,
NRIC,54,38,20,,
KKHC,17,14,30,,
KSBBL,53,57,200,,
UPPER,57,33,200,,
UPPER,59,33,20,,
UPPER,45,33,185,,
NRIC,36,38,100,,
NLIC,28,48,29,,
NABIL,32,58,60,,
JBBL,49,25,96,,
MFIL,17,20,30,,
MFIL,7,20,500,,
MFIL,17,20,10,,
MFIL,35,20,100,,
NRIC,59,38,85,,
NRIC,59,46,15,,
EICPO,6,46,200,,
API,51,42,486,,
API,51,51,400,,
API,51,19,14,,
API,51,33,100,,
SAHAS,44,58,10,,
UMHL,41,28,45,,
SHINE,38,46,10,,
UPCL,6,57,100,,
NUBL,33,29,32,,
NUBL,33,44,18,,
JBLB,38,45,10,,
NUBL,42,44,100,,
SAHAS,44,54,10,,
JLI,39,41,10,,
SGI,53,42,10,,
NLBBL,47,36,35,,
CHCL,45,7,100,,
NRIC,54,46,200,,
NLIC,58,33,33,,
UPPER,45,58,315,,
UPPER,22,58,85,,
SJCL,44,49,40,,
USLB,44,21,50,,
SJCL,44,45,110,,
USLB,36,21,30,,
SJCL,44,38,2000,,
SJCL,44,6,20,,
SJCL,44,19,40,,
SJCL,44,57,200,,
SJCL,44,53,60,,
SJCL,44,47,10,,
AKPL,54,39,50,,
SAHAS,44,50,10,,
SICL,26,14,10,,
SICL,14,14,90,,
SLI,16,57,10,,
SLI,16,33,40,,
NUBL,48,44,200,,
NRIC,38,46,60,,
NRIC,58,46,15,,
NRIC,58,46,50,,
NRIC,6,46,60,,
NMFBS,46,33,50,,
NMFBS,22,33,100,,
NMFBS,14,33,50,,
NMFBS,28,33,10,,
NMFBS,57,33,10,,
NMFBS,1,33,30,,
NMFBS,45,33,20,,
KPCL,34,4,110,,
KPCL,34,4,50,,
MBL,57,46,10,,
CBL,48,14,300,,
SFCL,47,43,500,,
NRIC,17,38,20,,
SAHAS,44,41,10,,
SAHAS,44,29,10,,
CHL,45,49,90,,
CGH,10,51,10,,
SHL,47,17,150,,
API,49,45,16,,
HDHPC,3,33,10,,
NUBL,44,25,35,,
NRIC,16,38,10,,
HIDCL,21,32,90,,
HIDCL,34,32,100,,
UMHL,41,42,51,,
UMHL,1,42,45,,
SICL,38,49,10,,
RADHI,50,33,77,,
NUBL,29,44,50,,
NRIC,53,38,465,,
NRIC,53,33,35,,
GIC,39,51,10,,
GIC,39,41,10,,
GIC,39,17,10,,
BOKL,35,43,300,,
GIC,51,38,10,,
HDHPC,32,57,900,,
HDHPC,3,57,20,,
HDHPC,34,57,100,,
UMHL,1,17,55,,
CBBL,21,42,30,,
ALICL,3,41,50,,
SHL,44,17,150,,
BPCL,45,41,35,,
KBL,45,58,20,,
ADBL,34,38,60,,
JLI,39,3,15,,
MKLB,34,42,10,,
SADBL,6,10,74,,
NABIL,7,58,260,,
UPPER,51,43,100,,
NHPC,51,40,891,,
NHPC,51,52,109,,
MKJC,58,42,10,,
NRIC,5,33,200,,
SANIMA,5,45,187,,
NBB,43,33,50,,
CFCL,58,38,20,,
CFCL,34,38,30,,
CFCL,51,38,20,,
CFCL,25,38,30,,
CFCL,11,38,100,,
DDBL,25,42,20,,
DDBL,25,57,50,,
NIFRA,41,34,50,,
NUBL,44,52,50,,
SBL,38,44,10,,
GBIME,22,54,500,,
UPPER,57,43,50,,
UPPER,26,43,200,,
CBL,58,14,50,,
UPCL,58,57,110,,
SBL,42,44,17,,
SBL,57,44,100,,
SBL,21,44,410,,
NLIC,38,48,71,,
CBBL,5,42,10,,
NBL,50,36,15,,
NUBL,55,36,100,,
SBI,58,45,200,,
AKPL,45,43,12,,
NHPC,58,52,30,,
NHPC,14,52,61,,
UMHL,14,17,45,,
UNHPL,57,38,50,,
AKPL,14,10,10,,
NABIL,57,58,62,,
NABIL,57,7,138,,
ULI,21,38,10,,
TPC,58,35,10,,
NRN,55,52,10,,
NRN,55,58,10,,
SFCL,21,1,50,,
JBBL,1,25,200,,
JBBL,45,25,100,,
JBBL,22,25,104,,
KBL,58,41,10,,
KBL,55,41,20,,
NMB,29,35,35,,
AKPL,14,10,108,,
AKPL,43,10,32,,
AKPL,22,10,100,,
AKPL,56,10,24,,
AKPL,44,10,676,,
AKPL,53,10,50,,
NFS,50,39,85,,
NFS,47,39,50,,
MSLB,52,32,10,,
MSLB,52,33,55,,
MSLB,52,53,10,,
HDHPC,20,14,715,,
HDHPC,20,46,35,,
HDHPC,20,33,100,,
HDHPC,20,46,150,,
NIFRA,38,49,10,,
NCCB,57,34,100,,
NRIC,57,33,50,,
NRIC,57,21,10,,
NRIC,57,14,10,,
NRIC,57,59,110,,
SHEL,21,45,10,,
SHEL,21,58,10,,
SAHAS,3,49,80,,
NRIC,45,59,50,,
LBBL,4,28,114,,
LBBL,4,18,100,,
LBBL,4,56,200,,
LBBL,4,28,86,,
AKPL,3,41,38,,
AKPL,44,41,162,,
NHPC,22,40,100,,
NHPC,22,16,108,,
NBL,49,29,200,,
RHPL,45,38,2417,,
SHINE,51,53,45,,
KBL,25,42,100,,
NICL,7,13,270,,
NICL,7,17,40,,
NMB,35,21,52,,
NMB,19,21,18,,
AKPL,44,35,20,,
RHPL,13,38,180,,
NIFRA,41,38,15,,
JLI,33,57,10,,
UPPER,50,43,200,,
NRIC,48,59,240,,
NRIC,48,26,60,,
AHPC,49,8,10,,
SHPC,49,6,50,,
SGI,53,21,50,,
UIC,58,53,50,,
GIC,51,41,10,,
RMF1,34,58,100,,
GLH,42,36,10,,
GLH,42,44,10,,
GLH,42,49,10,,
SADBL,45,10,10,,
UPPER,22,34,15,,
PMHPL,32,34,577,,
HIDCL,21,22,413,,
HIDCL,19,22,60,,
HDHPC,6,46,200,,
UMHL,6,4,200,,
LBBL,14,28,90,,
LBBL,14,25,10,,
HDHPC,53,46,200,,
PLI,49,10,10,,
BFC,57,46,20,,
BFC,57,46,80,,
NUBL,45,4,40,,
NUBL,45,49,106,,
UMHL,41,56,100,,
KBL,58,58,10,,
SHL,51,17,100,,
SFCL,47,1,100,,
NUBL,25,49,30,,
NUBL,25,6,160,,
NUBL,25,4,110,,
MBL,57,17,20,,
MEGA,57,1,20,,
SAHAS,41,49,200,,
SAHAS,16,49,10,,
SAHAS,19,49,100,,
SAHAS,49,49,20,,
SAHAS,49,57,10,,
SAHAS,49,58,10,,
SAHAS,49,50,10,,
LBBL,39,25,50,,
NUBL,48,4,40,,
UMHL,41,20,90,,
NUBL,35,6,20,,
BOKL,58,43,500,,
BOKL,59,43,100,,
BOKL,33,43,100,,
PCBL,50,22,10,,
PCBL,50,19,350,,
PCBL,50,57,21,,
PCBL,50,6,119,,
JBLB,38,33,10,,
JBLB,8,40,20,,
RADHI,58,33,160,,
RADHI,58,22,40,,
NABIL,11,7,50,,
NRIC,57,10,20,,
UNHPL,56,49,100,,
HDHPC,14,46,300,,
NIFRA,3,38,35,,
RLI,6,34,10,,
NABIL,57,7,290,,
NABIL,57,22,150,,
NABIL,57,42,60,,
UPCL,58,57,50,,
HDHPC,3,46,20,,
CHL,42,49,99,,
NBL,4,36,35,,
AKPL,44,38,18,,
BPCL,59,51,100,,
NRIC,21,26,40,,
PMHPL,32,38,143,,
PMHPL,4,38,95,,
API,59,42,50,,
NRIC,57,26,50,,
RMDC,58,42,10,,
PMHPL,49,26,40,,
SAHAS,56,48,10,,
NUBL,43,6,20,,
MMF1,16,58,100,,
KSBBL,56,33,48,,
NIFRA,29,49,30,,
PMHPL,4,17,105,,
KKHC,17,45,60,,
KSBBL,22,33,25,,
KKHC,58,45,30,,
CFCL,6,35,100,,
KBL,45,42,15,,
SBL,21,29,100,,
UPPER,22,29,100,,
SICL,38,19,40,,
ALICL,38,41,50,,
NABIL,41,42,30,,
NIFRA,34,49,20,,
NIFRA,34,35,80,,
GBIME,14,56,100,,
SWBBL,34,58,20,,
NIFRA,14,35,30,,
NIFRA,14,10,20,,
CBL,33,14,650,,
CBL,33,25,50,,
NIFRA,54,10,20,,
SLI,16,58,10,,
NICL,49,52,100,,
MERO,14,6,20,,
CFCL,11,38,100,,
CFCL,45,38,50,,
CFCL,34,38,350,,
GLH,6,34,10,,
UNHPL,57,58,50,,
KRBL,19,17,20,,
HDHPC,50,46,645,,
HDHPC,50,57,100,,
HDHPC,50,25,15,,
NIFRA,41,10,10,,
PMHPL,7,17,100,,
MKJC,28,42,10,,
MKJC,28,34,20,,
MKJC,28,42,10,,
JBBL,22,44,196,,
JBBL,25,44,304,,
MKJC,28,17,200,,
MKJC,28,14,10,,
CCBL,16,42,249,,
ULI,16,34,10,,
PICL,22,53,50,,
NHPC,14,53,450,,
NHPC,42,53,50,,
NTC,59,44,200,,
JLI,33,58,10,,
KSBBL,58,33,10,,
UPPER,39,1,230,,
AKPL,34,43,382,,
NABBC,56,21,12,,
BFC,58,45,28,,
NRIC,48,59,100,,
AHPC,17,3,30,,
KPCL,26,4,50,,
SHEL,47,36,170,,
SHEL,52,36,10,,
PIC,28,36,10,,
LBBL,38,25,40,,
NBB,58,33,10,,
NBB,45,33,20,,
NBB,36,33,30,,
NIFRA,52,35,140,,
NIFRA,52,45,260,,
MLBL,48,56,4,,
NUBL,48,41,50,,
NUBL,48,59,210,,
ICFC,16,58,20,,
GBIME,14,34,22,,
KMCDB,49,10,10,,
SSHL,53,4,100,,
HDHPC,3,25,10,,
NHPC,44,16,500,,
NRIC,39,13,300,,
HDHPC,43,25,25,,
CBL,56,33,1240,,
CBL,19,33,200,,
CBL,13,33,1000,,
CBL,49,33,50,,
CBL,58,33,10,,
NIL,49,41,87,,
HDHPC,22,25,200,,
RLI,49,29,20,,
SLI,16,34,10,,
ULI,21,45,10,,
NICL,3,45,50,,
NICL,3,52,100,,
ICFC,22,36,250,,
KSBBL,28,33,200,,
NUBL,21,59,50,,
HIDCL,25,22,29,,
HIDCL,19,22,250,,
HURJA,56,51,90,,
NICA,58,37,10,,
AKJCL,16,44,100,,
MLBSL,34,51,10,,
MKJC,28,28,30,,
AKPL,34,38,18,,
NRN,44,41,10,,
GLH,6,10,10,,
SICL,14,14,60,,
JFL,44,36,412,,
JFL,14,36,180,,
UPPER,59,38,72,,
PLI,49,43,10,,
NHPC,14,53,489,,
NHPC,51,53,11,,
UPPER,59,25,34,,
MPFL,32,55,200,,
BPCL,45,59,150,,
MHNL,21,56,100,,
GBBL,56,57,100,,
SSHL,52,28,180,,
NFS,32,58,40,,
MPFL,8,45,100,,
CHDC,17,29,10,,
CIT,25,17,40,,
CIT,45,17,10,,
CIT,47,17,50,,
SBCF,47,58,100,,
NCCB,58,26,45,,
BFC,57,28,70,,
BFC,8,28,30,,
NBL,4,57,65,,
NRIC,16,13,65,,
NRIC,42,13,25,,
SHL,43,17,200,,
SHL,43,32,300,,
UPPER,59,4,34,,
NLIC,34,29,110,,
NLIC,34,57,51,,
PROFL,34,36,300,,
PROFL,34,56,100,,
HDHPC,50,17,50,,
RHPL,3,38,1000,,
NABIL,35,42,10,,
NABIL,35,58,25,,
NABIL,35,8,15,,
RMDC,45,42,20,,
MMF1,50,34,100,,
ULI,16,32,30,,
ICFC,29,54,10,,
CHDC,17,45,10,,
CHDC,17,20,10,,
JLI,16,10,10,,
NHPC,45,16,392,,
SAHAS,45,47,10,,
NTC,32,47,50,,
SHINE,38,58,21,,
SHINE,51,58,50,,
NHPC,45,26,21,,
NABIL,38,8,15,,
NIFRA,34,45,50,,
NIFRA,34,34,50,,
PMHPL,32,5,227,,
ULI,16,58,10,,
API,58,51,100,,
MFIL,35,58,10,,
MFIL,35,58,390,,
RMDC,34,6,95,,
RMDC,25,6,100,,
RMDC,59,6,80,,
RMDC,56,6,100,,
RMDC,43,6,25,,
RMDC,19,6,180,,
RMDC,6,6,40,,
RMDC,44,6,130,,
RMDC,19,6,80,,
OHL,52,8,30,,
BOKL,58,49,480,,
BOKL,58,45,20,,
NABIL,44,8,10,,
DDBL,21,57,10,,
KMCDB,49,42,50,,
UMRH,28,32,10,,
KKHC,21,45,10,,
AKPL,34,57,100,,
CHCL,34,1,450,,
NHPC,45,51,87,,
EIC,59,43,30,,
MKJC,58,49,10,,
RHPL,4,38,150,,
RHPL,4,57,50,,
NFS,45,58,10,,
GLICL,10,36,200,,
NRIC,21,58,65,,
LBBL,41,25,400,,
HDHPC,43,39,10,,
HDHPC,43,56,65,,
NBL,14,57,100,,
SADBL,32,10,2000,,
SADBL,19,10,400,,
SADBL,59,10,100,,
SADBL,39,10,54,,
SADBL,22,10,25,,
SADBL,19,10,300,,
NUBL,17,59,40,,
NUBL,17,38,10,,
BOKL,49,45,10,,
SBL,42,29,100,,
SIFC,25,38,100,,
HURJA,57,51,100,,
HDHPC,21,56,140,,
TPC,41,29,10,,
NBL,58,1,20,,
KBL,50,42,250,,
ICFC,41,54,90,,
ICFC,41,57,10,,
NICA,55,48,15,,
NICA,25,48,100,,
AKPL,17,56,40,,
RADHI,58,22,160,,
RADHI,58,38,40,,
SGI,49,34,10,,
NHPC,6,51,50,,
NHPC,38,51,363,,
LBBL,45,52,65,,
GIC,10,10,10,,
PFL,35,43,18,,
HDHPC,3,56,10,,
API,17,14,500,,
API,34,14,100,,
SFCL,14,8,100,,
API,57,14,400,,
CFCL,11,38,260,,
CFCL,45,38,30,,
CFCL,32,38,50,,
CFCL,7,38,50,,
NHPC,38,51,17,,
CFCL,36,38,100,,
CFCL,58,38,10,,
CHL,50,52,200,,
SPDL,58,34,10,,
HIDCL,38,32,10,,
PCBL,34,6,31,,
PCBL,34,16,50,,
PCBL,34,58,560,,
PCBL,34,36,200,,
PCBL,34,5,20,,
PCBL,34,45,20,,
NTC,38,5,480,,
PCBL,34,53,119,,
NTC,6,5,100,,
NTC,13,5,100,,
NTC,26,5,115,,
NTC,1,5,1100,,
NTC,59,5,100,,
SAHAS,45,45,10,,
MHNL,57,56,350,,
MHNL,57,17,50,,
KSBBL,49,33,445,,
KBL,48,42,100,,
GFCL,51,29,24,,
GIC,34,34,10,,
SAHAS,45,13,10,,
TRH,32,21,30,,
AKJCL,16,58,200,,
GLH,6,45,10,,
BFC,59,32,140,,
GBIME,45,28,410,,
GBIME,49,28,40,,
GBIME,54,28,50,,
PMHPL,32,17,500,,
JOSHI,38,32,20,,
RSDC,16,16,20,,
PFL,25,43,300,,
NLIC,57,57,10,,
SHL,26,17,100,,
NRN,44,19,10,,
API,57,34,100,,
SAHAS,45,41,10,,
JLI,41,3,10,,
CFCL,58,29,45,,
MLBS,28,45,10,,
NLG,25,38,29,,
MLBS,28,54,10,,
ICFC,22,58,66,,
ICFC,49,58,10,,
RADHI,53,55,20,,
HDHPC,50,46,190,,
AKJCL,59,44,100,,
NABBC,56,33,75,,
NRIC,48,58,35,,
NRIC,48,56,15,,
NRIC,48,39,40,,
NRIC,48,6,10,,
JBBL,25,57,196,,
PMHPL,32,17,795,,
PMHPL,32,6,205,,
HDHPC,6,46,810,,
HDHPC,6,38,190,,
NLBBL,55,44,200,,
NCCB,50,36,100,,
KSBBL,28,33,200,,
NHPC,38,50,120,,
BPCL,19,8,30,,
MHNL,57,17,150,,
MHNL,57,58,50,,
MLBL,39,48,417,,
MLBL,7,48,50,,
MLBL,38,48,13,,
MLBL,14,48,100,,
MLBL,59,48,200,,
MLBL,34,48,500,,
MLBL,18,48,20,,
MLBL,21,48,100,,
MLBL,45,48,100,,
MLBL,5,48,500,,
MLBL,38,48,100,,
NTC,1,5,2900,,
NTC,54,5,100,,
ICFC,57,57,10,,
ICFC,43,57,10,,
KBL,36,42,37,,
HURJA,4,51,100,,
HDHPC,21,33,100,,
SAHAS,45,17,30,,
GBBL,19,57,50,,
NUBL,44,58,50,,
UPCL,28,4,44,,
NRIC,48,45,40,,
NRIC,48,42,40,,
NBL,58,56,140,,
NBL,58,56,15,,
NBL,26,56,30,,
NBL,49,56,25,,
NBL,56,56,20,,
EBL,26,16,500,,
BPCL,39,8,50,,
JBBL,17,16,100,,
GIC,34,32,10,,
CCBL,8,42,500,,
ULI,16,34,10,,
SHEL,47,1,100,,
NABIL,38,35,50,,
HDL,58,21,14,,
SAHAS,45,8,10,,
SAHAS,45,16,10,,
SAHAS,45,38,10,,
SAHAS,45,58,10,,
SAHAS,45,36,10,,
SAHAS,45,42,10,,
SHPC,38,33,15,,
SHPC,38,14,25,,
GLICL,10,33,300,,
SADBL,19,44,624,,
CCBL,42,43,500,,
LEC,36,42,200,,
NUBL,57,58,10,,
CCBL,51,42,15,,
ICFC,58,20,42,,
CZBIL,29,44,35,,
SICL,4,46,12,,
SICL,10,46,58,,
SICL,25,46,30,,
NLIC,32,57,39,,
NLIC,32,57,21,,
GFCL,57,29,25,,
NIFRA,3,29,80,,
UPCL,29,4,1150,,
NIFRA,41,29,10,,
HDHPC,21,45,10,,
MHNL,34,58,50,,
KSBBL,34,33,92,,
MHNL,41,47,100,,
NIFRA,45,45,40,,
NRIC,28,42,200,,
ULI,16,13,10,,
AKJCL,59,47,49,,
CHDC,3,32,10,,
SMATA,58,59,10,,
GBIME,4,28,250,,
GBIME,4,28,100,,
GBIME,49,28,100,,
GBIME,57,28,100,,
GBIME,58,28,50,,
GBIME,35,28,100,,
GBIME,52,28,40,,
GBIME,41,28,50,,
GBIME,17,28,100,,
GBIME,1,28,300,,
GBIME,58,28,150,,
GBIME,1,28,74,,
GBIME,41,28,25,,
GBIME,21,28,30,,
GBIME,51,28,50,,
GBIME,43,28,300,,
GBIME,58,28,10,,
GBIME,59,28,170,,
TPC,8,57,10,,
KMCDB,49,36,10,,
UNHPL,58,49,50,,
GHL,25,32,30,,
LBBL,45,33,118,,
NABIL,22,45,20,,
ULI,16,58,10,,
HIDCL,34,28,168,,
HIDCL,34,35,32,,
HIDCL,34,56,100,,
NMB,6,35,10,,
GBIME,59,6,88,,
NIL,49,41,12,,
HDHPC,21,49,50,,
MLBS,7,47,10,,
PRVU,58,57,80,,
MKJC,28,34,10,,
BFC,6,32,315,,
BFC,6,58,85,,
UPCL,57,4,106,,
UPCL,57,11,729,,
ADBL,57,47,13,,
UPCL,57,59,165,,
KRBL,29,52,920,,
NFS,55,58,100,,
GBIME,59,42,42,,
SAPDBL,20,17,50,,
CHL,25,52,100,,
SRBL,38,11,500,,
SRBL,38,44,500,,
MERO,59,6,30,,
MERO,37,6,10,,
SHPC,13,14,10,,
MERO,8,6,60,,
SGI,49,36,10,,
NIFRA,49,45,30,,
EDBL,20,45,10,,
NRIC,49,42,10,,
NRIC,49,38,200,,
NRIC,49,32,140,,
GFCL,38,29,400,,
HDHPC,59,38,175,,
HDHPC,59,42,325,,
NUBL,57,58,100,,
CBL,56,42,754,,
CBL,56,42,200,,
CBL,14,42,1000,,
CBL,49,42,200,,
CBL,42,42,260,,
CBL,5,42,185,,
CBL,4,42,3000,,
CBL,33,42,1000,,
CBL,22,42,500,,
CBL,44,42,100,,
CBL,57,42,1000,,
CBL,28,42,1000,,
CBL,4,42,3000,,
CBL,28,42,1000,,
CBL,34,42,100,,
CBL,42,42,5000,,
CBL,59,42,3000,,
CBL,49,42,200,,
CBL,4,42,500,,
CBL,1,42,1000,,
CBL,59,42,16,,
CBL,41,42,50,,
CBL,17,42,210,,
CBL,45,42,65,,
CBL,51,42,500,,
CBL,17,42,960,,
CBL,25,42,200,,
SAHAS,22,4,150,,
SAHAS,22,58,10,,
BPCL,4,37,81,,
BPCL,34,37,20,,
NRIC,56,7,10,,
NRIC,56,49,118,,
HDHPC,3,42,10,,
UPPER,58,43,25,,
UPPER,33,43,100,,
UPPER,59,25,20,,
UPPER,36,25,30,,
SLI,16,39,10,,
GMFIL,42,49,100,,
GMFIL,42,58,10,,
NRIC,29,49,42,,
NRIC,29,41,20,,
NRIC,29,46,38,,
API,47,14,100,,
JBBL,59,43,100,,
JBBL,59,44,100,,
PMHPL,32,39,43,,
SAHAS,16,19,10,,
KMCDB,49,17,25,,
NUBL,53,58,50,,
NUBL,44,58,40,,
NUBL,37,58,100,,
EBL,42,16,10,,
JBBL,19,44,100,,
JBBL,22,44,100,,
JBBL,16,44,200,,
HDL,58,17,24,,
HDL,58,17,26,,
NABIL,22,34,50,,
NHPC,17,50,23,,
NRIC,41,46,42,,
TRH,43,21,50,,
CFCL,35,3,55,,
CFCL,11,38,40,,
CFCL,52,38,100,,
CFCL,45,38,10,,
GBBL,38,58,178,,
GBBL,38,38,50,,
GBBL,38,57,22,,
NRIC,41,46,280,,
AKPL,3,40,200,,
JBBL,20,57,552,,
JBBL,20,25,196,,
SLI,16,14,10,,
SAHAS,16,58,10,,
MFIL,33,58,60,,
BPCL,57,8,30,,
GFCL,57,29,25,,
NRIC,56,46,20,,
SFCL,42,8,100,,
PMHPL,32,52,10,,
SICL,1,36,100,,
SAHAS,16,36,10,,
SICL,11,36,100,,
NMB,41,35,20,,
CBL,52,50,100,,
SAHAS,16,58,10,,
TPC,41,29,10,,
ICFC,13,20,210,,
ICFC,13,41,10,,
SBL,1,44,100,,
NUBL,37,25,200,,
PLI,49,14,166,,
MLBS,44,54,10,,
UPPER,36,45,170,,
SAHAS,16,49,10,,
ADBL,29,47,46,,
ADBL,29,34,54,,
NRIC,42,46,100,,
SGI,49,58,10,,
NIFRA,51,45,150,,
NIFRA,51,45,50,,
GBIME,51,52,120,,
NUBL,10,59,46,,
CHL,45,8,110,,
RMF1,34,34,100,,
GLICL,47,14,65,,
MNBBL,25,58,960,,
MNBBL,51,58,40,,
ICFC,57,41,10,,
JLI,28,14,747,,
PLI,42,14,30,,
TRH,43,21,100,,
GFCL,49,29,50,,
HDHPC,50,42,165,,
HDHPC,50,46,835,,
HIDCL,58,13,1000,,
HDHPC,49,46,165,,
HDHPC,49,14,35,,
API,58,14,474,,
API,58,21,526,,
NMB,1,35,85,,
NMB,1,33,115,,
MNBBL,51,58,30,,
NABIL,58,6,95,,
RLI,35,36,10,,
HIDCL,49,13,40,,
CCBL,53,42,30,,
CCBL,38,42,40,,
CCBL,45,42,10,,
CCBL,34,42,200,,
CCBL,17,42,1010,,
CCBL,59,42,20,,
CCBL,42,42,500,,
CCBL,42,42,146,,
CCBL,52,42,80,,
API,13,21,10,,
API,19,21,32,,
MNBBL,21,58,20,,
MLBS,44,47,10,,
BFC,57,17,50,,
CFCL,41,3,35,,
LBBL,59,28,20,,
PRVU,1,29,179,,
PRVU,25,29,10,,
PRVU,58,29,11,,
MLBS,13,35,10,,
GBIME,51,17,100,,
AKPL,53,47,50,,
CHL,58,49,100,,
NRIC,3,49,165,,
NRIC,3,13,160,,
HIDCL,25,13,310,,
GHL,43,32,20,,
GHL,43,32,88,,
SHEL,45,39,10,,
RHPL,13,52,30,,
RHPL,13,33,200,,
AHPC,32,3,100,,
AHPC,28,3,700,,
ICFC,40,20,200,,
BPCL,22,8,50,,
HDL,38,45,10,,
SHPC,57,28,1000,,
PLIC,45,45,50,,
LBL,47,46,100,,
NLICL,57,36,350,,
NLICL,38,36,100,,
SLI,16,35,10,,
SICL,16,14,100,,
AHPC,14,4,1000,,
SLICL,36,45,15,,
BPCL,22,8,30,,
JBLB,11,32,10,,
API,1,14,200,,
SANIMA,55,37,31,,
JBBL,8,25,150,,
NUBL,10,35,154,,
AKPL,53,17,270,,
AKPL,53,45,230,,
NRIC,38,13,40,,
GBIME,51,21,30,,
GBIME,54,21,50,,
GBIME,58,21,20,,
JBBL,22,14,100,,
NICLBSL,55,33,10,,
NICLBSL,55,41,25,,
NICLBSL,55,16,10,,
CCBL,52,43,420,,
NICLBSL,55,43,20,,
NICLBSL,55,41,10,,
CCBL,42,43,250,,
CCBL,38,43,100,,
CCBL,16,43,230,,
MLBL,57,54,500,,
JBBL,32,25,154,,
GLH,6,42,100,,
GLH,6,58,50,,
NRIC,21,13,200,,
GFCL,57,21,150,,
RMDC,6,36,10,,
BFC,42,17,50,,
CHL,42,8,90,,
BFC,42,14,50,,
CHL,42,52,180,,
AKPL,50,45,10,,
UMHL,41,58,14,,
NIFRA,38,45,20,,
NLG,19,6,16,,
ULI,28,55,10,,
PLI,16,36,10,,
HDHPC,26,35,200,,
AHPC,28,4,100,,
NIFRA,45,17,50,,
MKJC,32,40,10,,
UPPER,45,45,50,,
HIDCL,5,13,650,,
HIDCL,5,35,279,,
HIDCL,5,42,100,,
HIDCL,5,7,31,,
HIDCL,5,17,100,,
HIDCL,5,43,500,,
HIDCL,5,11,80,,
HIDCL,5,26,260,,
HDHPC,14,35,100,,
SWBBL,35,45,10,,
CBBL,57,42,20,,
CBBL,57,49,30,,
KBL,55,42,20,,
UPPER,59,42,40,,
SAPDBL,1,11,30,,
JBBL,32,54,170,,
JBBL,32,38,76,,
BFC,57,42,20,,
NLICL,25,19,14,,
AHPC,28,56,200,,
RADHI,14,57,100,,
RADHI,14,7,105,,
AHPC,49,55,100,,
AHPC,49,42,85,,
SIFC,25,45,50,,
NIFRA,38,45,10,,
NUBL,45,35,200,,
JBBL,56,38,150,,
NUBL,54,35,10,,
NIFRA,45,26,50,,
CCBL,43,13,20,,
TPC,41,19,10,,
MLBS,13,51,10,,
UPCL,25,42,100,,
UPCL,17,42,100,,
NIFRA,45,45,40,,
HIDCL,25,6,11,,
NHPC,52,50,300,,
CFCL,36,45,100,,
CFCL,4,45,100,,
NHPC,38,50,672,,
UPCL,6,59,85,,
NUBL,8,35,200,,
AKPL,3,52,10,,
AKPL,42,52,90,,
AKPL,58,52,300,,
SANIMA,57,37,10,,
BPCL,22,32,50,,
MLBS,41,10,10,,
MLBS,41,21,10,,
NMBMF,28,45,21,,
NMBMF,56,45,19,,
NMBMF,13,45,10,,
NMBMF,28,45,50,,
PRVU,21,34,100,,
CIT,7,57,20,,
RLFL,44,55,585,,
RLFL,49,55,200,,
RLFL,1,55,200,,
KBL,58,5,100,,
API,49,14,500,,
SCB,58,42,21,,
SAHAS,16,54,10,,
UIC,34,53,100,,
PCBL,16,49,20,,
PCBL,16,45,90,,
NABIL,57,6,45,,
NABIL,57,35,100,,
NABIL,57,47,100,,
NABIL,57,38,100,,
NABIL,57,20,175,,
NABIL,57,38,200,,
NABIL,57,14,80,,
NGPL,45,50,80,,
NUBL,56,35,130,,
NUBL,56,38,50,,
NUBL,56,6,20,,
TRH,49,21,20,,
RLI,49,29,42,,
SCB,17,19,10,,
SFCL,59,8,258,,
SFCL,59,21,200,,
SFCL,59,57,20,,
SFCL,59,22,29,,
SFCL,59,13,600,,
SFCL,59,42,300,,
SFCL,59,58,20,,
SFCL,59,52,238,,
SFCL,59,58,335,,
ULI,26,47,20,,
HDL,38,39,10,,
HIDCL,19,41,100,,
NICA,55,29,20,,
NICA,33,29,20,,
CBL,49,50,200,,
MLBL,56,54,100,,
FOWAD,58,19,40,,
CFCL,19,29,295,,
CFCL,19,4,205,,
NGPL,38,50,20,,
MLBS,13,32,10,,
GBIME,1,6,1026,,
GBIME,57,6,20,,
GBIME,21,6,20,,
GBIME,42,6,17,,
GBIME,28,6,11,,
GBIME,57,6,40,,
GBIME,1,6,66,,
NUBL,58,6,30,,
GUFL,14,36,300,,
SBL,39,32,130,,
UPPER,45,45,350,,
UPPER,45,44,200,,
UPPER,45,58,310,,
UPPER,45,38,40,,
UPPER,45,25,100,,
SPDL,29,34,500,,
SPDL,29,4,1300,,
SPDL,29,38,100,,
SPDL,29,35,10,,
SPDL,29,34,50,,
SPDL,29,52,500,,
SPDL,29,4,1100,,
SPDL,29,22,200,,
SPDL,29,32,340,,
NRIC,29,49,100,,
API,3,14,47,,
SSHL,52,32,50,,
NICA,43,36,11,,
NIFRA,45,36,50,,
NHPC,54,40,200,,
GHL,11,32,12,,
MHNL,22,28,1000,,
MHNL,22,39,100,,
MHNL,22,49,10,,
MLBSL,22,45,20,,
GBIME,49,42,10,,
BOKL,29,49,35,,
NRIC,29,49,100,,
BOKL,29,21,65,,
KBL,43,42,100,,
GBIME,1,43,50,,
GBIME,1,6,84,,
SANIMA,42,37,159,,
SANIMA,42,41,111,,
JLI,16,3,10,,
SHINE,16,28,500,,
NABIL,42,17,10,,
NABIL,42,17,50,,
NABIL,42,57,30,,
GIC,21,7,20,,
KSBBL,5,33,430,,
SPDL,29,59,50,,
NRIC,28,49,300,,
GBIME,54,6,700,,
GBIME,7,6,20,,
GBIME,25,6,100,,
GBIME,8,6,216,,
MLBSL,53,45,10,,
NABIL,3,57,50,,
MEGA,58,35,30,,
SAHAS,16,36,10,,
MEGA,6,35,200,,
MEGA,33,35,100,,
MEGA,58,35,70,,
HIDCL,50,26,20,,
SPC,14,16,1,,
CFCL,45,14,40,,
NABIL,25,57,10,,
SAHAS,16,28,10,,
NRIC,33,49,50,,
SICL,26,14,20,,
SICL,7,14,20,,
ICFC,40,20,100,,
UPCL,6,49,15,,
CIT,42,49,198,,
CIT,1,49,10,,
CIT,57,49,12,,
CIT,39,49,10,,
NBL,56,47,50,,
NBL,56,4,50,,
NBL,56,42,40,,
NBL,56,45,90,,
CHL,51,52,10,,
SFCL,21,58,65,,
SFCL,21,42,435,,
SAHAS,16,57,10,,
RLFL,34,32,20,,
CHCL,38,4,160,,
TRH,47,33,50,,
MKLB,55,49,10,,
NLICL,46,19,119,,
MEN,26,36,10,,
JLI,16,36,10,,
SRBL,22,44,500,,
SRBL,22,49,56,,
GBIME,21,42,100,,
API,3,3,160,,
DHPL,11,58,20,,
JBBL,58,38,100,,
SANIMA,58,41,50,,
SWBBL,14,29,200,,
NICLBSL,17,42,10,,
SAHAS,16,42,10,,
BFC,28,41,400,,
BFC,28,17,10,,
MNBBL,51,34,20,,
JBBL,38,38,500,,
NTC,26,58,135,,
NTC,49,58,20,,
NTC,19,58,30,,
NTC,34,58,200,,
NTC,45,58,100,,
NTC,21,58,65,,
NTC,51,58,450,,
CGH,36,14,30,,
CGH,17,14,20,,
NRN,29,57,10,,
CGH,45,14,50,,
CGH,17,14,50,,
NIFRA,49,45,30,,
KPCL,1,4,200,,
HDL,58,55,18,,
UPCL,38,49,50,,
HDL,38,55,10,,
CHCL,57,4,20,,
UNHPL,58,4,36,,
MLBL,38,54,87,,
MLBL,22,54,140,,
KBL,4,42,200,,
NLIC,47,42,90,,
DHPL,11,59,471,,
NUBL,25,35,18,,
TPC,14,57,10,,
IGI,45,5,50,,
NABIL,45,57,10,,
DHPL,53,59,300,,
PLI,16,39,10,,
JBBL,32,58,366,,
JBBL,42,58,20,,
AKPL,3,59,250,,
PROFL,10,45,100,,
NIFRA,26,45,10,,
GIC,21,7,30,,
GIC,53,7,20,,
MLBL,22,56,400,,
JOSHI,56,21,200,,
MLBL,51,56,100,,
CHCL,58,4,10,,
SABSL,22,32,17,,
CHDC,21,54,10,,
SFCL,21,42,500,,
SAHAS,16,28,10,,
JFL,14,44,120,,
JFL,57,44,50,,
PFL,49,43,15,,
CBL,46,50,26,,
KSBBL,50,33,100,,
GBIME,8,38,200,,
NHPC,38,33,328,,
GBBL,14,57,103,,
GBBL,14,45,75,,
GBBL,14,41,1000,,
GBBL,14,32,50,,
GBBL,14,29,200,,
GBBL,14,42,72,,
NHDL,40,37,100,,
CBBL,25,7,22,,
NTC,51,26,50,,
NRIC,29,49,100,,
NRIC,17,49,50,,
BPCL,36,38,53,,
BPCL,36,34,51,,
EIC,33,22,100,,
NLICL,46,56,70,,
GBIME,16,42,25,,
NIFRA,45,17,70,,
NRIC,35,43,40,,
NRIC,37,43,60,,
NHPC,25,36,200,,
PCBL,29,28,150,,
SAHAS,16,41,10,,
MBL,22,16,173,,
HDHPC,58,43,265,,
NABIL,55,57,100,,
CHL,14,49,460,,
MMF1,50,25,100,,
MKJC,28,11,10,,
MKJC,28,59,10,,
MKJC,28,49,10,,
MKJC,28,3,180,,
SAHAS,16,41,10,,
SAHAS,16,1,10,,
SAHAS,16,29,60,,
SAHAS,16,49,10,,
SAHAS,16,6,10,,
SAHAS,16,49,10,,
SAHAS,16,22,10,,
SAHAS,16,34,10,,
SAHAS,16,57,10,,
SAHAS,16,7,800,,
SAHAS,16,41,10,,
SAHAS,16,44,100,,
SAHAS,16,36,10,,
SAHAS,16,58,10,,
SAHAS,16,55,10,,
SAHAS,16,38,10,,
SAHAS,16,42,10,,
SAHAS,16,55,10,,
SAHAS,16,14,10,,
SAHAS,16,42,10,,
SAHAS,16,55,10,,
SAHAS,16,36,10,,
SAHAS,16,11,50,,
SAHAS,16,8,10,,
SAHAS,16,56,10,,
SAHAS,16,58,10,,
SAHAS,16,55,10,,
SAHAS,16,26,120,,
SAHAS,16,41,10,,
SHPC,11,57,44,,
NRIC,37,41,40,,
GHL,25,44,50,,
GHL,25,19,350,,
GHL,25,58,30,,
KPCL,32,5,30,,
AHPC,49,42,200,,
SHPC,42,57,30,,
KBL,55,42,10,,
MNBBL,35,34,70,,
PMHPL,32,34,100,,
CZBIL,16,26,50,,
NGPL,6,57,100,,
MLBS,13,51,10,,
NICA,45,46,42,,
NICA,57,46,10,,
NICA,44,46,100,,
NICA,34,46,55,,
NICA,17,46,40,,
GBIME,41,42,123,,
NMB,38,33,385,,
MLBSL,22,6,30,,
MLBSL,1,6,10,,
UPCL,52,58,300,,
MPFL,32,29,100,,
SANIMA,44,41,39,,
SANIMA,44,43,26,,
ULI,28,8,10,,
SJCL,42,52,20,,
API,3,49,922,,
API,3,38,11,,
MNBBL,33,28,45,,
MKJC,28,3,100,,
API,3,57,300,,
API,3,39,350,,
API,3,17,10,,
RLI,59,3,10,,
API,3,34,1000,,
API,3,26,200,,
JBLB,4,4,80,,
HURJA,57,51,150,,
SINDU,8,45,150,,
PSF,49,42,100,,
API,58,26,800,,
API,58,40,200,,
UMHL,43,8,80,,
PCBL,10,28,50,,
MEGA,34,34,557,,
MEGA,34,26,100,,
MEGA,34,38,83,,
MEGA,34,58,110,,
MEGA,34,38,150,,
SHPC,34,57,100,,
SAHAS,3,28,10,,
SFCL,41,51,55,,
NHDL,16,37,200,,
ICFC,42,7,80,,
ICFC,42,21,15,,
ADBL,55,45,108,,
ADBL,43,45,25,,
SHINE,38,53,55,,
SHINE,38,34,30,,
SHINE,38,19,21,,
SHINE,38,32,200,,
SHINE,38,57,55,,
SHINE,38,7,134,,
SFCL,41,17,100,,
UNHPL,8,4,50,,
SFCL,21,17,200,,
API,19,40,410,,
GBBL,36,45,190,,
GBBL,36,14,50,,
ILBS,35,49,12,,
PMHPL,4,32,150,,
NUBL,57,21,100,,
NICLBSL,32,42,40,,
UNHPL,4,4,500,,
CCBL,16,43,750,,
CCBL,16,43,20,,
SHINE,36,49,100,,
CCBL,25,43,200,,
CCBL,53,43,10,,
CCBL,16,43,10,,
CCBL,47,43,10,,
CFCL,14,38,100,,
SHEL,45,55,10,,
NIFRA,32,45,50,,
NIFRA,32,11,50,,
KPCL,32,34,150,,
GFCL,57,32,120,,
SLI,59,8,10,,
SHINE,32,7,329,,
SHINE,32,58,171,,
KBL,42,42,38,,
KBL,42,41,90,,
KBL,42,35,22,,
KPCL,28,5,500,,
NRIC,39,49,100,,
NRIC,39,34,100,,
UPPER,11,25,100,,
GBIME,8,55,85,,
NTC,21,5,70,,
RLI,14,32,42,,
KPCL,26,34,30,,
SHL,14,17,1000,,
PRVU,42,34,140,,
SAHAS,26,47,10,,
PMHPL,32,41,100,,
UPPER,13,25,200,,
GFCL,57,29,36,,
SPDL,29,59,20,,
CBL,57,50,270,,
NUBL,25,35,50,,
SIFC,49,45,100,,
GBIME,8,58,19,,
PLI,16,45,10,,
PROFL,43,36,100,,
MHNL,45,49,30,,
HIDCL,19,38,20,,
HIDCL,19,34,100,,
HIDCL,19,45,120,,
GBIME,8,47,117,,
DHPL,55,59,10,,
NBF3,3,25,100,,
MLBL,59,33,1000,,
NIFRA,38,4,100,,
NIFRA,38,6,20,,
NIFRA,38,58,50,,
AKPL,50,20,10,,
NIFRA,38,39,25,,
AKPL,50,17,20,,
JFL,21,41,20,,
JFL,21,13,30,,
SAHAS,26,55,10,,
NLG,16,6,100,,
KSBBL,39,33,100,,
CFCL,49,4,35,,
CBBL,29,51,10,,
MLBL,53,3,310,,
NUBL,22,41,10,,
NUBL,10,41,20,,
MLBS,13,25,10,,
RADHI,58,51,10,,
NBB,36,18,674,,
NBB,36,6,10,,
NBB,36,42,986,,
NBB,36,45,200,,
NBB,36,45,100,,
SHIVM,19,36,10,,
SHIVM,19,56,100,,
API,19,28,558,,
SHIVM,19,57,10,,
GBIME,8,42,700,,
BOKL,25,21,65,,
BOKL,25,49,135,,
SAHAS,26,49,10,,
MLBSL,45,45,30,,
MLBSL,45,49,20,,
MLBSL,45,21,10,,
MLBSL,45,6,10,,
HDHPC,45,33,100,,
KSBBL,57,33,200,,
JBLB,11,8,10,,
JBLB,11,46,10,,
PMHPL,32,32,850,,
PMHPL,32,42,100,,
PMHPL,32,52,50,,
NBL,44,19,33,,
MNBBL,51,34,10,,
ILBS,35,39,25,,
API,28,28,42,,
API,28,13,94,,
API,28,51,500,,
API,28,42,64,,
API,28,3,300,,
NLIC,47,39,10,,
JBLB,56,4,10,,
NHPC,56,34,200,,
NHPC,56,56,50,,
SAHAS,26,34,10,,
API,29,46,500,,
SADBL,32,44,1000,,
SAHAS,26,58,10,,
CFCL,58,4,300,,
PRVU,25,34,50,,
KKHC,57,44,101,,
KKHC,1,44,79,,
NICLBSL,32,39,10,,
MERO,8,34,40,,
SRBL,38,49,520,,
SRBL,38,44,500,,
SRBL,38,34,300,,
SRBL,38,56,80,,
JBLB,4,4,10,,
SPDL,29,52,230,,
SPDL,38,52,170,,
NRIC,37,49,175,,
NRIC,37,34,25,,
SWBBL,50,36,10,,
CFCL,38,4,100,,
AKPL,50,11,20,,
NABIL,58,28,170,,
AHPC,4,49,471,,
AHPC,17,49,50,,
AHPC,46,49,80,,
AHPC,45,49,500,,
AHPC,36,49,200,,
AHPC,34,49,72,,
AHPC,35,49,40,,
AHPC,57,49,50,,
AHPC,36,49,100,,
AHPC,41,49,10,,
AHPC,58,49,127,,
AHPC,38,49,300,,
AHPC,49,42,715,,
AHPC,49,58,100,,
AHPC,49,38,50,,
AHPC,49,42,260,,
AHPC,49,21,500,,
AHPC,49,28,125,,
AHPC,49,45,50,,
TPC,19,49,10,,
NICLBSL,17,22,30,,
JBLB,1,17,10,,
GHL,19,19,30,,
NABIL,58,28,300,,
HPPL,32,26,100,,
HPPL,42,26,100,,
SAHAS,40,36,10,,
SAHAS,40,34,50,,
LBBL,46,59,94,,
LBBL,51,59,100,,
LBBL,20,59,20,,
LBBL,25,59,76,,
AKPL,50,11,30,,
JBBL,29,38,100,,
KKHC,1,39,21,,
JBBL,22,38,74,,
API,17,42,30,,
API,58,51,37,,
API,11,51,50,,
API,38,51,23,,
DHPL,44,59,100,,
MLBL,22,33,460,,
MLBL,44,33,100,,
MLBL,57,33,100,,
MLBL,37,33,100,,
PCBL,20,56,135,,
PCBL,57,56,55,,
PCBL,25,56,40,,
SIFC,57,45,50,,
NHPC,22,34,100,,
GBIME,8,41,20,,
GBBL,41,45,10,,
NUBL,10,56,20,,
API,42,42,386,,
API,52,42,20,,
KKHC,58,39,200,,
HIDCL,26,45,20,,
IGI,54,5,122,,
IGI,54,7,62,,
IGI,54,17,10,,
IGI,54,39,150,,
IGI,54,29,50,,
IGI,54,36,606,,
UMHL,41,34,200,,
RLI,59,55,10,,
PMHPL,32,39,300,,
GFCL,58,45,200,,
CFCL,50,4,10,,
NUBL,42,35,34,,
NUBL,42,58,50,,
NABIL,38,28,100,,
GFCL,38,49,30,,
ULI,28,49,10,,
CHL,14,58,40,,
CHL,11,58,10,,
MLBS,39,55,10,,
MLBS,39,58,10,,
MLBS,39,17,10,,
MLBS,39,4,10,,
MLBS,39,26,10,,
MLBS,39,35,10,,
MLBS,39,21,10,,
MLBS,39,35,10,,
MLBS,39,21,10,,
MLBS,39,59,10,,
NRIC,37,34,75,,
NRIC,37,45,25,,
JBLB,1,58,10,,
NABIL,54,28,100,,
HDL,38,44,10,,
NIFRA,22,39,50,,
JBBL,22,49,100,,
JBBL,22,49,46,,
JBBL,22,55,10,,
JBBL,22,41,200,,
JBBL,22,17,50,,
JBBL,22,13,100,,
JBBL,22,26,300,,
JBBL,22,34,100,,
JBBL,22,59,100,,
JBBL,22,36,1000,,
JBBL,22,26,120,,
MLBL,21,3,1000,,
NGPL,10,57,50,,
ICFC,3,21,10,,
AKPL,43,42,168,,
AKPL,5,42,182,,
SICL,7,56,80,,
SICL,45,56,20,,
TPC,19,38,10,,
UNHPL,32,4,33,,
UPPER,18,49,19,,
SPDL,29,32,160,,
SPDL,29,22,130,,
NICSF,43,34,100,,
API,52,14,300,,
AKPL,5,53,500,,
AKPL,5,36,20,,
MLBS,28,22,10,,
UNHPL,40,4,100,,
BOKL,35,26,83,,
BOKL,38,26,50,,
BOKL,57,26,500,,
BOKL,53,26,417,,
RADHI,42,51,10,,
NLIC,34,1,19,,
NLIC,14,1,10,,
AHPC,58,34,290,,
AHPC,19,34,30,,
AHPC,58,34,30,,
AHPC,34,34,50,,
SGI,13,45,200,,
NBB,51,45,100,,
NABIL,28,28,200,,
NBL,46,19,167,,
NBL,46,57,100,,
NBL,46,4,33,,
API,52,46,500,,
MFIL,40,1,500,,
MFIL,40,51,100,,
GIC,34,7,10,,
GIC,41,7,20,,
NGPL,7,57,100,,
SADBL,43,57,50,,
NUBL,7,21,13,,
NUBL,36,21,20,,
NABIL,55,28,174,,
NUBL,8,21,50,,
NABIL,55,58,10,,
NUBL,42,21,17,,
NABIL,55,45,40,,
NABIL,55,8,76,,
PLI,8,55,10,,
NBB,58,45,100,,
SAHAS,26,38,10,,
SLI,3,58,10,,
SLI,3,29,100,,
SANIMA,26,43,500,,
SIL,25,38,150,,
SLI,47,42,10,,
DHPL,1,59,20,,
SAHAS,41,34,50,,
PRVU,59,34,415,,
PRVU,59,37,85,,
ICFC,43,21,10,,
API,18,34,10,,
HIDCL,58,45,10,,
HIDCL,58,25,10,,
NIFRA,52,39,125,,
NIFRA,34,59,41,,
UMRH,25,45,10,,
ULI,28,53,10,,
PMHPL,32,16,1000,,
PLI,18,14,90,,
PLI,40,14,50,,
BPCL,35,34,200,,
BPCL,35,58,50,,
AHPC,34,45,50,,
JBLB,4,50,110,,
JBLB,4,45,50,,
JBLB,4,49,10,,
JBLB,4,58,10,,
JBLB,4,34,10,,
JOSHI,56,17,210,,
SLI,47,29,20,,
HIDCL,13,25,40,,
MLBS,28,54,10,,
NRIC,14,26,19,,
NRIC,21,26,46,,
NRIC,44,26,35,,
UPPER,18,22,46,,
NHPC,22,16,90,,
AKPL,14,36,10,,
NIBD84,25,58,300,,
JSLBB,58,57,10,,
EBL,29,16,100,,
HURJA,45,51,60,,
GHL,43,35,10,,
NICA,17,36,10,,
JSLBB,52,51,25,,
NICA,32,36,20,,
MLBL,52,3,150,,
KSBBL,5,50,70,,
KSBBL,33,50,50,,
IGI,52,36,20,,
NIL,28,57,15,,
NRN,6,21,50,,
NIL,28,42,70,,
NRN,6,16,260,,
SINDU,22,17,100,,
UPPER,57,4,34,,
MLBS,43,49,10,,
CGH,33,19,10,,
SAHAS,26,45,10,,
GBBL,51,6,42,,
GBBL,45,6,108,,
GBBL,36,6,200,,
GBBL,38,6,200,,
GBBL,13,6,240,,
GBBL,34,6,100,,
GBBL,6,6,200,,
GBBL,19,6,260,,
GBBL,14,6,200,,
MHNL,34,33,40,,
SRBL,43,35,20,,
API,59,42,10,,
CBBL,38,51,30,,
NBL,1,36,30,,
NBL,49,36,50,,
NBL,53,36,20,,
SHEL,45,58,10,,
PROFL,52,49,15,,
KBL,7,35,50,,
KBL,20,35,150,,
JBBL,28,25,359,,
NUBL,58,57,50,,
NUBL,11,57,50,,
NUBL,57,57,40,,
NUBL,19,57,10,,
BOKL,53,41,83,,
UPCL,21,50,25,,
NUBL,19,50,10,,
UPCL,6,50,90,,
NHPC,57,16,10,,
RADHI,41,58,10,,
MLBL,42,59,100,,
MLBL,34,59,100,,
MFIL,29,56,100,,
SAHAS,26,49,10,,
HIDCL,13,34,150,,
HDHPC,14,5,53,,
HDHPC,55,5,11,,
HDHPC,3,5,20,,
HDHPC,3,5,20,,
HDHPC,33,5,100,,
SAHAS,26,45,10,,
GBBL,14,28,400,,
NABIL,32,51,20,,
NABIL,32,44,23,,
UNHPL,49,4,22,,
NLICL,46,33,311,,
NBL,57,4,50,,
NLICL,6,33,300,,
NLICL,43,33,50,,
NLICL,7,33,30,,
GBIME,8,46,500,,
GBIME,8,51,25,,
GBIME,8,38,115,,
GBIME,8,57,200,,
GBIME,8,41,200,,
GBIME,8,41,100,,
GBIME,8,42,203,,
API,37,42,290,,
API,37,49,210,,
NLBBL,43,44,80,,
MNBBL,33,17,410,,
MEGA,45,19,100,,
ULI,58,47,180,,
ULI,58,16,20,,
GBIME,42,1,14,,
GBIME,16,42,10,,
MBL,46,49,50,,
JBBL,1,25,80,,
GBBL,19,14,100,,
GBBL,19,34,140,,
NABIL,29,44,12,,
UPPER,57,55,300,,
NTC,3,5,35,,
NTC,3,42,30,,
NTC,3,57,35,,
NTC,3,41,200,,
MLBL,35,3,40,,
SAHAS,26,41,10,,
SAHAS,25,4,10,,
SPDL,38,59,30,,
JBBL,41,25,11,,
DHPL,55,59,99,,
NTC,21,47,65,,
NTC,21,34,10,,
NTC,21,20,50,,
NTC,21,34,10,,
UMHL,52,29,194,,
LBBL,58,19,500,,
NIFRA,3,58,35,,
NIFRA,58,58,15,,
AHPC,16,45,100,,
JBBL,57,25,50,,
UMHL,52,34,150,,
BFC,6,58,30,,
BFC,6,34,25,,
BFC,6,6,30,,
NRIC,34,32,10,,
FMDBL,46,51,50,,
KKHC,46,58,10,,
NHPC,41,16,100,,
NGPL,58,57,10,,
JFL,59,13,200,,
AHPC,28,4,900,,
KPCL,32,59,150,,
SAHAS,25,49,10,,
BPCL,16,38,50,,
GBIME,16,42,100,,
JFL,43,13,30,,
NHDL,32,56,200,,
SMB,36,59,40,,
SPDL,1,22,50,,
NIFRA,36,59,399,,
NIFRA,36,45,100,,
NIFRA,36,52,50,,
NIFRA,36,16,401,,
NIFRA,36,13,50,,
MKJC,28,28,20,,
NABBC,45,33,25,,
AIL,8,32,10,,
SLI,47,35,10,,
SLI,47,40,10,,
ULI,28,43,10,,
CZBIL,25,7,12,,
ULI,28,29,10,,
ULI,28,58,10,,
ULI,28,38,10,,
GFCL,57,1,500,,
SBCF,47,13,200,,
SLI,47,52,10,,
ICFC,57,8,10,,
PRVU,38,37,15,,
SLI,47,36,10,,
PMHPL,32,34,20,,
NUBL,57,57,10,,
NUBL,19,57,31,,
NUBL,43,57,25,,
NUBL,40,57,34,,
GBBL,38,42,200,,
UNHPL,49,4,250,,
UPPER,57,32,50,,
JLI,16,45,10,,
HIDCL,45,34,200,,
NIFRA,58,13,50,,
PMHPL,32,50,200,,
UPPER,57,45,450,,
SHEL,45,29,10,,
SAHAS,25,46,10,,
NABIL,41,44,20,,
AHPC,28,39,100,,
ULI,34,38,190,,
GRDBL,34,45,10,,
ULI,34,38,10,,
NABIL,34,44,50,,
NABIL,34,44,75,,
NUBL,43,35,10,,
NHPC,22,17,500,,
UMHL,52,57,93,,
BPCL,45,38,50,,
CZBIL,25,49,100,,
SCB,25,19,26,,
SCB,25,49,80,,
MNBBL,33,17,500,,
API,19,34,125,,
GBIME,29,42,100,,
KSBBL,49,47,55,,
KSBBL,43,47,10,,
KSBBL,39,47,40,,
MEGA,55,19,100,,
MEGA,55,19,100,,
SHPC,50,57,26,,
SHPC,50,28,49,,
CFCL,51,44,80,,
SANIMA,41,43,20,,
BOKL,52,41,17,,
NHPC,45,16,500,,
NHPC,45,32,1000,,
NHPC,45,50,450,,
NHPC,45,34,200,,
SHIVM,11,14,250,,
AKJCL,21,47,65,,
AKJCL,28,47,135,,
KSBBL,41,35,30,,
CHDC,58,35,50,,
CHDC,18,35,250,,
UPCL,58,49,35,,
UPCL,58,35,15,,
SAHAS,3,38,10,,
HIDCL,22,34,19,,
HIDCL,39,34,20,,
HIDCL,52,34,100,,
HIDCL,29,34,11,,
UPCL,14,35,200,,
UPCL,6,35,35,,
UPCL,1,35,100,,
UPCL,28,35,150,,
AKJCL,28,52,165,,
NABIL,50,44,320,,
LBBL,25,20,24,,
LBBL,35,20,500,,
LBBL,38,20,10,,
LBBL,6,20,1000,,
LBBL,34,20,16,,
LBBL,43,20,50,,
SLI,47,52,10,,
HIDCL,29,57,25,,
NLG,25,17,40,,
ADBL,53,1,20,,
ADBL,14,1,50,,
SPDL,49,22,100,,
API,44,34,375,,
NABIL,58,51,18,,
NABIL,29,51,12,,
PMHPL,32,40,250,,
MLBS,7,58,20,,
NTC,32,42,100,,
UPCL,29,49,200,,
NABIL,38,44,100,,
NCCB,44,16,210,,
NICLBSL,29,4,10,,
NABIL,50,44,300,,
UMHL,45,57,157,,
UMHL,45,41,10,,
NICA,32,45,30,,
UMHL,45,41,333,,
NIFRA,3,47,60,,
NHDL,41,41,30,,
NHDL,41,32,115,,
SHINE,41,7,15,,
NUBL,21,35,10,,
CHDC,21,42,150,,
CHDC,21,58,50,,
MNBBL,33,17,90,,
MNBBL,33,38,50,,
MNBBL,33,19,100,,
MNBBL,33,57,260,,
JBBL,53,53,390,,
AKJCL,57,52,50,,
NTC,32,44,10,,
JBLB,11,35,10,,
JBLB,11,57,10,,
SHIVM,57,14,20,,
MLBSL,45,34,10,,
JOSHI,56,58,20,,
JOSHI,56,57,770,,
NTC,53,28,200,,
NTC,53,57,10,,
ICFC,16,21,75,,
AHPC,58,42,43,,
NUBL,42,35,100,,
HDHPC,14,55,47,,
HDHPC,3,55,20,,
HDHPC,34,55,150,,
NMB,38,34,115,,
NHPC,22,33,500,,
SMB,47,59,10,,
SANIMA,58,43,100,,
GBIME,52,42,400,,
MLBL,35,33,50,,
SHEL,45,57,10,,
RLI,7,32,10,,
RLI,16,32,40,,
SHINE,21,7,222,,
SHINE,21,57,380,,
SHINE,21,50,398,,
SAHAS,3,7,10,,
SLI,26,58,10,,
GFCL,50,29,40,,
NIFRA,3,13,20,,
SAHAS,3,46,10,,
SAHAS,3,25,10,,
SAHAS,3,4,10,,
SAHAS,3,4,443,,
SLI,26,38,10,,
KPCL,26,16,20,,
KPCL,1,16,30,,
PCBL,49,45,10,,
SHINE,32,50,20,,
SHINE,32,50,82,,
UPCL,28,58,100,,
CZBIL,25,49,100,,
UPPER,57,29,30,,
UPPER,57,26,96,,
STC,49,58,10,,
CFCL,42,44,420,,
CBL,57,45,80,,
API,41,21,96,,
API,11,21,70,,
API,45,21,334,,
NBL,49,4,20,,
HDL,26,55,50,,
NUBL,46,35,10,,
ALICL,55,33,388,,
AKPL,5,1,300,,
DDBL,6,55,16,,
AHPC,58,43,40,,
AHPC,59,43,10,,
GBBL,14,34,10,,
SBL,55,57,450,,
AKPL,5,36,18,,
HURJA,57,37,350,,
SHIVM,8,14,30,,
MDB,38,58,50,,
MDB,58,58,50,,
RADHI,40,58,100,,
LGIL,32,45,100,,
LGIL,41,45,50,,
CBL,11,45,320,,
AKJCL,50,52,100,,
GBBL,53,34,200,,
NUBL,35,35,14,,
ICFC,41,34,50,,
ICFC,41,19,50,,
CCBL,47,57,10,,
NFS,45,17,10,,
SINDU,22,44,50,,
SINDU,44,44,50,,
UPPER,19,26,100,,
GBBL,1,34,100,,
GBIME,28,58,19,,
SAHAS,35,22,10,,
BOKL,52,41,48,,
NCCB,44,16,200,,
SHPC,49,16,50,,
SHPC,44,16,50,,
SHPC,13,16,100,,
SHPC,35,16,200,,
SHPC,14,16,100,,
KPCL,1,16,20,,
KPCL,41,16,20,,
KPCL,1,16,50,,
MNBBL,58,57,10,,
MNBBL,59,57,150,,
MNBBL,11,57,80,,
NRIC,21,49,50,,
NRIC,21,45,750,,
NRIC,21,56,134,,
NRIC,21,50,20,,
MLBL,13,20,1000,,
SMATA,17,59,10,,
NUBL,40,33,66,,
NUBL,42,33,24,,
NUBL,36,33,50,,
NUBL,49,33,10,,
NUBL,42,33,50,,
SHPC,22,28,19,,
SANIMA,59,43,354,,
SANIMA,59,39,82,,
UMHL,25,8,100,,
NRIC,44,50,10,,
NRIC,41,50,170,,
NHPC,6,50,110,,
TPC,21,4,10,,
SHINE,32,44,2018,,
SHL,59,35,100,,
UPPER,53,26,50,,
NRIC,29,56,100,,
SAPDBL,17,38,400,,
SAHAS,40,38,10,,
SSHL,57,28,200,,
NHPC,52,34,200,,
JBBL,32,53,200,,
BFC,28,41,100,,
BFC,28,37,100,,
BFC,28,56,170,,
KEF,42,13,500,,
HIDCL,14,25,50,,
UPPER,21,26,20,,
NRIC,41,58,30,,
UPCL,25,49,100,,
NHDL,32,28,300,,
NIFRA,3,56,60,,
NIFRA,3,32,150,,
NIFRA,3,28,60,,
AHPC,17,32,30,,
NBB,39,42,300,,
MLBSL,52,49,10,,
MLBSL,52,58,17,,
MLBSL,52,34,10,,
MLBSL,52,21,10,,
NUBL,22,35,10,,
NABBC,14,4,17,,
API,57,50,14,,
SCB,13,49,100,,
AKPL,59,58,50,,
PMHPL,32,1,10,,
PMHPL,32,1,20,,
PMHPL,32,47,110,,
PMHPL,32,1,50,,
PMHPL,32,6,200,,
PMHPL,32,45,100,,
PMHPL,32,17,30,,
PMHPL,32,25,10,,
SFCL,34,58,199,,
SFCL,13,58,10,,
SFCL,22,58,100,,
SFCL,14,58,41,,
SFCL,52,58,50,,
CBBL,59,51,10,,
CBBL,28,51,24,,
ALICL,39,33,100,,
DDBL,32,55,50,,
SAHAS,40,4,10,,
KPCL,43,16,30,,
NCCB,28,16,90,,
SAHAS,40,34,10,,
MLBL,13,57,500,,
KSBBL,43,47,40,,
BOKL,13,41,20,,
BOKL,34,41,32,,
NHDL,41,28,200,,
BOKL,56,41,100,,
SHIVM,8,58,20,,
SSHL,57,28,20,,
SSHL,49,28,100,,
NBB,16,56,50,,
NBB,17,56,50,,
SAHAS,40,57,10,,
SAHAS,40,50,10,,
SKBBL,42,53,15,,
HIDCL,29,28,14,,
UPCL,32,58,200,,
UMHL,38,38,225,,
UMHL,5,38,105,,
UMHL,58,38,20,,
UMHL,14,38,300,,
SPDL,58,59,240,,
KPCL,26,34,20,,
PRIN,35,33,47,,
PRIN,46,33,500,,
PRIN,26,33,300,,
PRIN,42,33,100,,
PRIN,52,33,100,,
PRIN,39,33,100,,
PRIN,37,33,20,,
NIL,52,42,20,,
NIBSF2,32,45,165,,
NUBL,21,35,50,,
ALICL,46,33,50,,
SHPC,57,28,932,,
SHPC,57,45,68,,
CHL,26,8,200,,
SFCL,21,51,100,,
UPPER,1,26,34,,
SANIMA,59,59,64,,
UNHPL,36,4,400,,
AKPL,14,34,965,,
HDHPC,3,14,20,,
AHPC,45,32,450,,
SANIMA,34,59,10,,
EBL,41,16,200,,
BOKL,57,49,50,,
JFL,38,13,40,,
AHPC,57,32,300,,
MLBS,39,47,20,,
MLBS,35,47,100,,
MLBS,13,47,10,,
MLBS,26,47,10,,
MLBS,28,47,20,,
MLBS,16,47,40,,
FMDBL,38,51,50,,
EDBL,29,45,100,,
NLIC,57,51,10,,
NRIC,41,38,50,,
API,45,11,16,,
MKJC,58,28,10,,
ULI,16,19,10,,
ULI,16,36,10,,
NHPC,38,5,910,,
NHPC,6,5,90,,
ILBS,41,55,54,,
ILBS,34,55,50,,
ILBS,56,55,20,,
GBIME,25,42,99,,
MNBBL,56,19,100,,
ALICL,38,33,50,,
CFCL,4,25,30,,
CFCL,47,25,50,,
CFCL,50,25,250,,
AHPC,59,56,20,,
HDHPC,59,14,945,,
HDHPC,59,45,105,,
HDHPC,59,58,50,,
HDHPC,59,49,1000,,
HDHPC,59,41,300,,
HDHPC,59,49,100,,
MFIL,29,40,88,,
KBL,20,58,50,,
NRIC,29,40,100,,
SAHAS,35,44,10,,
SHPC,13,57,100,,
NABIL,25,44,50,,
GBBL,49,34,100,,
TPC,14,49,10,,
TPC,14,45,100,,
TPC,14,22,10,,
TPC,14,4,10,,
TPC,14,6,10,,
TPC,14,58,10,,
TPC,14,43,10,,
TPC,14,4,10,,
KPCL,43,16,70,,
KMCDB,37,41,10,,
JOSHI,45,57,180,,
UMHL,52,38,100,,
SHPC,57,45,282,,
SHPC,57,28,307,,
SHPC,57,29,200,,
SHPC,57,52,31,,
SHPC,57,42,30,,
ADBL,53,28,51,,
SHPC,57,42,150,,
DDBL,16,55,10,,
UMHL,41,38,200,,
CZBIL,25,44,261,,
CZBIL,42,44,500,,
CZBIL,26,44,239,,
NIFRA,44,46,60,,
UNHPL,41,4,20,,
UNHPL,41,34,80,,
MFIL,29,45,10,,
NHPC,29,50,50,,
KSBBL,58,47,20,,
NICL,32,35,35,,
NICL,32,6,65,,
UPCL,25,49,100,,
LBBL,34,33,500,,
SAHAS,35,44,40,,
NHPC,44,50,910,,
NHPC,44,33,90,,
AKJCL,28,45,377,,
AKJCL,13,45,200,,
AKJCL,19,45,50,,
AKJCL,57,45,150,,
AKJCL,58,45,235,,
AKJCL,19,45,188,,
AKJCL,43,45,200,,
AKJCL,29,45,100,,
SAPDBL,32,28,63,,
PROFL,51,49,47,,
PROFL,51,38,153,,
ULI,35,41,20,,
SHEL,33,22,10,,
ALICL,25,33,20,,
ALICL,3,33,25,,
ALICL,35,33,100,,
ALICL,1,33,16,,
ALICL,39,33,50,,
KSBBL,56,47,240,,
PROFL,19,20,80,,
PROFL,28,20,20,,
PROFL,32,20,100,,
PROFL,38,20,50,,
NABIL,52,49,10,,
NHPC,17,33,10,,
API,11,35,30,,
MLBS,34,41,10,,
GBIME,41,42,88,,
CHL,41,8,50,,
GBIME,41,45,12,,
SFCL,6,42,50,,
NUBL,57,59,500,,
NUBL,37,59,20,,
AKPL,43,34,500,,
AKPL,43,34,400,,
AKJCL,21,35,400,,
CBBL,28,47,20,,
UMHL,38,38,100,,
UMHL,46,38,50,,
SAHAS,58,4,20,,
KSBBL,56,56,10,,
KSBBL,33,56,50,,
KSBBL,58,56,50,,
KSBBL,57,56,90,,
HDL,52,56,10,,
HPPL,14,42,30,,
HPPL,14,42,70,,
ULI,22,34,10,,
SAHAS,57,4,30,,
SAHAS,57,58,10,,
SAHAS,57,41,10,,
ICFC,42,55,33,,
SAHAS,35,55,10,,
BOKL,34,41,80,,
BOKL,52,41,20,,
BOKL,58,41,40,,
BOKL,34,41,50,,
UPPER,41,1,500,,
BOKL,32,41,10,,
PRVU,26,19,500,,
JBBL,53,53,50,,
GBBL,34,34,940,,
HIDCL,41,34,100,,
HIDCL,13,34,80,,
AHPC,57,32,200,,
API,58,35,50,,
API,18,35,10,,
NBB,29,42,200,,
NRIC,33,35,200,,
JBBL,38,44,50,,
JBBL,41,44,50,,
JBBL,5,44,100,,
JBBL,4,44,200,,
JBBL,40,44,100,,
NIFRA,44,42,25,,
NIFRA,44,17,10,,
GIC,38,58,30,,
GIC,47,58,100,,
GIC,34,58,100,,
GIC,32,58,100,,
GIC,28,58,50,,
GIC,22,58,50,,
GIC,39,58,100,,
GIC,39,58,90,,
GIC,19,58,90,,
NRIC,22,50,100,,
NBL,53,58,280,,
NBL,1,58,40,,
MLBL,28,28,83,,
MLBL,35,28,500,,
MLBL,13,28,300,,
MLBL,22,28,100,,
MLBL,16,28,77,,
MLBL,57,28,30,,
MLBL,25,28,100,,
MLBL,57,28,100,,
MLBL,59,28,200,,
MLBL,49,28,10,,
ADBL,57,34,10,,
JBLB,39,51,20,,
NUBL,58,49,151,,
NUBL,58,42,49,,
LBBL,45,52,25,,
FMDBL,28,8,100,,
LBBL,45,57,175,,
LBBL,45,44,120,,
LBBL,45,33,115,,
LBBL,45,33,80,,
LBBL,38,33,200,,
LBBL,38,58,100,,
NICL,55,6,170,,
NICL,55,57,30,,
NICL,55,52,100,,
NRN,53,44,100,,
PCBL,25,49,40,,
CFCL,50,33,1520,,
CFCL,56,33,250,,
UPPER,41,50,18,,
NHPC,3,50,480,,
NHPC,3,40,20,,
API,18,35,10,,
SHL,34,35,200,,
HDHPC,34,46,350,,
AKJCL,19,58,312,,
AHPC,16,45,50,,
HIDCL,14,55,50,,
SAHAS,35,21,10,,
SFCL,21,38,50,,
SFCL,21,38,200,,
RADHI,44,58,10,,
RADHI,6,58,42,,
RADHI,28,58,10,,
RADHI,1,58,50,,
JBLB,38,39,10,,
NIFRA,28,57,50,,
DHPL,55,4,25,,
JLI,28,41,10,,
JLI,28,11,510,,
JLI,28,6,10,,
NRIC,59,50,100,,
NLBBL,50,44,120,,
MLBBL,18,35,100,,
NUBL,35,38,100,,
GBIME,57,45,530,,
GBIME,57,41,100,,
GBIME,57,50,370,,
MFIL,29,40,140,,
MERO,38,56,90,,
MERO,32,56,10,,
SGI,47,45,20,,
MFIL,44,40,50,,
DDBL,49,55,36,,
NABIL,57,49,36,,
NABIL,57,58,14,,
CBBL,28,55,56,,
NMFBS,1,36,10,,
BOKL,7,49,50,,
NUBL,45,38,20,,
HDHPC,41,46,50,,
BOKL,59,49,365,,
SHINE,13,28,500,,
SHINE,28,44,100,,
SAHAS,35,4,10,,
SHL,40,35,100,,
SHL,14,35,600,,
NICA,43,46,80,,
RLFL,45,32,30,,
AHPC,22,3,980,,
ULI,22,32,10,,
SLI,22,4,10,,
CZBIL,26,28,73,,
DDBL,16,55,10,,
SMATA,17,26,10,,
NRN,5,44,10,,
ULI,22,41,10,,
MLBL,28,33,100,,
MLBL,47,33,100,,
MLBL,53,33,100,,
PCBL,58,49,30,,
KSBBL,57,36,410,,
AKPL,11,36,70,,
SRBL,57,56,80,,
AIL,28,8,10,,
SBL,1,57,50,,
HDHPC,25,46,200,,
BOKL,38,49,300,,
NHPC,37,40,30,,
NHPC,37,33,70,,
JSLBB,58,29,24,,
NGPL,52,58,75,,
NGPL,29,58,50,,
JBBL,34,53,360,,
JBBL,34,13,100,,
JBBL,34,33,2540,,
SIFC,41,52,300,,
SIFC,41,57,500,,
SIFC,41,57,200,,
SIFC,41,42,50,,
SIFC,41,38,500,,
SIFC,41,38,100,,
SIFC,41,42,50,,
SIFC,41,20,300,,
GBIME,42,22,169,,
GBIME,7,22,30,,
GBIME,36,22,332,,
MERO,32,56,90,,
MERO,57,56,10,,
API,52,7,107,,
MLBL,13,4,2200,,
MLBL,13,32,300,,
CCBL,16,57,20,,
MBL,6,13,200,,
MBL,40,13,500,,
MBL,44,13,150,,
MBL,57,13,100,,
MBL,53,13,50,,
SBL,45,44,250,,
SBL,57,44,300,,
SBL,55,44,114,,
SBL,43,44,100,,
HDHPC,39,46,200,,
SCB,7,49,50,,
PMHPL,41,1,16,,
JBBL,1,33,100,,
SIC,58,47,10,,
HIDCL,58,26,20,,
CHL,13,8,10,,
NABIL,58,49,45,,
SLI,59,49,10,,
GIC,19,46,10,,
JBBL,57,33,30,,
TPC,58,4,490,,
TPC,58,41,10,,
TPC,58,45,200,,
TPC,58,46,10,,
NICLBSL,17,58,10,,
SHEL,33,14,10,,
NTC,53,37,200,,
NHPC,38,33,30,,
DDBL,32,55,10,,
UPPER,41,58,96,,
UPPER,41,39,70,,
MLBSL,22,58,10,,
MLBSL,22,58,10,,
MLBSL,22,49,28,,
FMDBL,28,29,400,,
FMDBL,44,29,50,,
FMDBL,14,29,50,,
JBBL,4,6,300,,
JBBL,40,6,300,,
PLI,18,4,10,,
GBBL,41,34,10,,
NFS,45,17,10,,
GBBL,42,34,100,,
FOWAD,33,36,10,,
NIFRA,36,4,20,,
UPPER,41,4,34,,
NUBL,45,56,180,,
NUBL,47,56,20,,
NRIC,33,37,399,,
NTC,53,53,200,,
NTC,53,46,90,,
HPPL,14,33,50,,
UPPER,59,58,100,,
SHL,45,35,200,,
SHL,49,35,100,,
SHL,6,35,200,,
SAHAS,40,14,10,,
CFCL,50,29,150,,
GBIME,13,28,101,,
MFIL,17,40,10,,
KSBBL,32,35,20,,
TPC,58,55,10,,
TPC,1,55,20,,
CHL,13,55,50,,
TPC,57,55,500,,
BOKL,11,49,100,,
NMBHF1,28,18,1248,,
NICLBSL,17,29,90,,
AKPL,43,57,100,,
CFCL,50,41,80,,
API,52,19,73,,
BARUN,58,45,10,,
RMDC,56,56,100,,
SHEL,33,36,10,,
SHEL,33,3,40,,
SAHAS,40,17,20,,
NABIL,43,49,30,,
HIDCL,13,38,100,,
SAPDBL,32,57,150,,
KBL,57,22,50,,
KBL,57,57,20,,
SAPDBL,38,57,50,,
NRIC,39,37,50,,
AKJCL,28,1,20,,
AKJCL,55,35,200,,
FOWAD,52,42,14,,
PCBL,57,6,145,,
API,25,13,41,,
API,28,13,31,,
CCBL,29,40,100,,
SDLBSL,58,45,11,,
MERO,57,6,20,,
HDHPC,22,46,200,,
ULI,22,50,10,,
NMB,41,58,34,,
KKHC,57,6,10,,
KKHC,42,6,290,,
NLG,36,33,500,,
AIL,5,34,10,,
MFIL,28,45,10,,
API,52,19,27,,
API,52,34,150,,
API,52,35,23,,
MFIL,42,45,100,,
RLFL,49,38,50,,
RLFL,49,45,50,,
UMHL,35,41,100,,
UMHL,38,35,200,,
AIL,5,16,10,,
API,28,50,41,,
NHPC,38,26,20,,
API,44,35,64,,
NGPL,42,17,200,,
NBL,34,4,197,,
NBL,34,33,103,,
JLI,16,4,10,,
MLBL,45,29,300,,
AHPC,41,28,30,,
NMB,41,42,396,,
SLI,28,35,80,,
SLI,49,35,10,,
PFL,50,43,75,,
PFL,50,34,25,,
NUBL,58,38,40,,
NUBL,58,25,10,,
NICLBSL,41,49,10,,
NICL,58,6,20,,
MLBS,1,42,10,,
CBL,11,16,40,,
MFIL,49,45,100,,
PCBL,20,49,20,,
NUBL,33,59,206,,
NRIC,29,19,20,,
CHL,13,8,40,,
CHL,13,52,400,,
SLI,49,41,10,,
NHPC,40,26,30,,
SHL,25,35,500,,
MLBL,34,4,100,,
UPPER,57,1,500,,
BPCL,16,49,40,,
NLIC,49,33,100,,
MHNL,11,58,40,,
SANIMA,20,55,121,,
UPCL,6,58,15,,
UPCL,52,58,500,,
UPCL,55,58,200,,
UPCL,57,58,25,,
NMB,41,49,20,,
MKJC,28,46,10,,
CGH,44,45,120,,
CGH,35,45,30,,
NHPC,40,29,70,,
NUBL,50,38,20,,
NUBL,50,4,15,,
NUBL,50,41,15,,
GFCL,49,41,10,,
GBIME,44,28,10,,
MLBL,13,4,2500,,
SHEL,42,3,100,,
DHPL,55,16,175,,
SLI,28,6,10,,
CBL,11,26,40,,
NUBL,5,41,125,,
NUBL,5,38,75,,
SAHAS,39,49,10,,
SAHAS,39,29,10,,
CCBL,16,33,980,,
SANIMA,20,36,10,,
SFCL,14,58,159,,
GBIME,36,58,500,,
SFCL,35,58,860,,
PMHPL,19,42,50,,
MHNL,36,45,10,,
NUBL,58,38,200,,
RLI,16,58,20,,
NIL,33,57,10,,
MHNL,47,45,30,,
MHNL,52,45,10,,
MHNL,26,45,50,,
UPPER,59,16,10,,
UPPER,47,16,24,,
CFCL,18,58,10,,
CFCL,18,58,10,,
CHDC,44,58,10,,
HIDCL,13,58,100,,
HIDCL,13,7,200,,
HIDCL,13,34,20,,
SAHAS,40,58,10,,
NABIL,32,49,25,,
KSBBL,32,52,80,,
MNBBL,43,14,15,,
JLI,34,4,10,,
NUBL,33,49,294,,
NUBL,13,49,190,,
NUBL,41,49,200,,
NUBL,43,49,100,,
NUBL,25,49,100,,
NUBL,49,49,100,,
NUBL,52,49,16,,
NABIL,32,42,100,,
NABIL,32,44,75,,
MLBL,59,4,500,,
MLBL,59,45,1000,,
CORBL,50,52,140,,
ULI,22,56,10,,
UMHL,38,41,35,,
JOSHI,45,58,20,,
JOSHI,45,58,10,,
JOSHI,45,39,100,,
HDHPC,17,56,50,,
NHPC,14,33,100,,
SHEL,17,4,10,,
HDHPC,38,5,170,,
API,28,14,16,,
SHEL,7,3,50,,
AKPL,59,58,30,,
NICA,6,46,150,,
SFCL,35,45,140,,
RLFL,34,20,300,,
NBF3,52,47,3000,,
NUBL,47,41,100,,
NUBL,52,4,10,,
JOSHI,57,39,50,,
UPPER,33,1,70,,
UPPER,33,42,50,,
UPPER,33,45,100,,
UPPER,33,58,100,,
UPPER,33,38,80,,
JBLB,38,41,10,,
SHINE,41,44,100,,
NICLBSL,39,45,10,,
CHCL,44,28,248,,
CHCL,38,28,25,,
CHCL,14,28,200,,
CHCL,16,28,77,,
CHCL,39,28,100,,
TPC,35,28,10,,
CHCL,16,28,50,,
AKPL,55,35,400,,
JBBL,14,33,300,,
JBBL,33,33,30,,
HIDCL,57,34,10,,
PROFL,28,58,10,,
AKJCL,6,36,148,,
UMRH,49,34,10,,
NICLBSL,17,42,200,,
NICLBSL,17,22,10,,
NABIL,17,44,10,,
NICLBSL,17,49,10,,
LBBL,59,33,20,,
NUBL,13,49,55,,
NUBL,57,49,500,,
NUBL,49,49,35,,
NUBL,55,49,400,,
NUBL,43,49,10,,
RADHI,28,56,75,,
RADHI,49,56,50,,
RADHI,1,56,100,,
SAHAS,40,42,10,,
PRVU,42,55,60,,
API,28,7,60,,
KBL,38,57,30,,
NABIL,4,44,30,,
SAHAS,35,52,10,,
SHEL,36,45,50,,
SHEL,36,6,100,,
NRN,45,17,100,,
MNBBL,43,28,25,,
NBB,58,55,20,,
NBB,41,55,10,,
NBB,57,55,945,,
NBB,8,55,850,,
SIL,55,45,22,,
NBB,3,55,175,,
AHPC,17,28,30,,
CCBL,29,57,20,,
NRIC,50,38,31,,
GBIME,59,50,550,,
ULI,35,39,10,,
NLG,5,33,20,,
NLG,17,33,50,,
NLG,47,33,20,,
NLG,52,33,30,,
NLG,22,33,260,,
NLG,32,33,18,,
MEGA,57,4,107,,
MEGA,39,4,100,,
MEGA,49,4,250,,
MEGA,57,4,30,,
MEGA,32,4,200,,
MEGA,38,4,10,,
MEGA,57,4,403,,
NIFRA,46,4,30,,
UMHL,14,41,50,,
UMHL,56,41,382,,
UMHL,56,38,118,,
NUBL,49,41,42,,
UMHL,43,38,382,,
GUFL,28,13,35,,
MFIL,57,45,120,,
MFIL,57,26,20,,
MFIL,57,40,160,,
OHL,33,5,10,,
TPC,1,4,10,,
SANIMA,20,43,21,,
SFCL,3,45,340,,
MHNL,41,45,20,,
SANIMA,22,43,300,,
SFCL,38,45,20,,
SANIMA,42,43,310,,
SANIMA,17,43,80,,
SANIMA,45,43,200,,
SANIMA,39,43,79,,
SANIMA,16,43,10,,
ULI,22,13,10,,
NGPL,28,16,314,,
JLI,34,46,10,,
NUBL,6,55,26,,
SHINE,6,44,50,,
GILB,49,32,11,,
GILB,49,17,50,,
GILB,49,46,39,,
LGIL,18,57,60,,
JBLB,38,14,10,,
EIC,49,55,95,,
EIC,45,55,30,,
KKHC,43,49,80,,
SLI,49,45,10,,
HDHPC,38,46,130,,
SHEL,26,45,50,,
NRIC,50,4,25,,
NFS,45,47,30,,
TPC,58,58,10,,
NUBL,55,41,15,,
NICA,57,52,10,,
ULI,35,57,200,,
ULI,35,58,10,,
NICA,36,52,10,,
DDBL,22,13,50,,
GBBL,13,36,10,,
NABIL,58,44,11,,
AKPL,34,3,296,,
AKPL,34,55,204,,
ALICL,1,38,34,,
ALICL,32,38,230,,
ALICL,42,38,50,,
ALICL,32,38,200,,
ALICL,59,38,100,,
ALICL,52,38,36,,
ALICL,50,38,200,,
ALICL,43,38,100,,
AKJCL,45,36,50,,
NUBL,28,58,20,,
MHNL,26,58,25,,
JBBL,33,55,70,,
NLIC,57,35,40,,
SLI,59,45,10,,
MLBL,45,45,1000,,
MLBL,45,50,300,,
MLBL,45,20,122,,
PRVU,38,38,500,,
SAHAS,35,41,10,,
SADBL,32,44,100,,
NABIL,1,44,130,,
HDHPC,50,46,870,,
HDHPC,50,14,50,,
HDHPC,50,58,80,,
SHEL,33,49,10,,
NGPL,43,16,186,,
NGPL,43,58,14,,
NABIL,53,44,10,,
SHINE,58,44,100,,
CFCL,3,49,300,,
NABIL,32,44,230,,
PCBL,56,36,100,,
NABIL,6,44,25,,
NICLBSL,49,42,10,,
JBBL,44,55,100,,
MNBBL,47,44,100,,
GBIME,49,50,30,,
AKJCL,57,36,152,,
PSF,49,41,100,,
RBCLPO,4,26,50,,
MLBSL,45,49,21,,
SFCL,3,42,100,,
MFIL,28,40,40,,
MFIL,28,49,50,,
MFIL,28,40,200,,
API,28,34,352,,
MFIL,28,42,210,,
SHINE,41,44,15,,
SHINE,35,44,100,,
SHINE,38,44,50,,
SHINE,38,44,50,,
SHINE,18,44,17,,
SHINE,13,44,400,,
PCBL,56,55,223,,
NIFRA,35,4,10,,
AKJCL,57,36,50,,
UPCL,45,11,100,,
NIFRA,35,41,50,,
AKJCL,45,36,100,,
AKJCL,52,36,100,,
NRIC,50,19,50,,
NBB,49,57,500,,
MLBL,14,20,78,,
MLBL,14,20,222,,
NIFRA,42,56,95,,
NIFRA,17,56,60,,
NBL,1,55,60,,
NIFRA,17,49,50,,
CBBL,28,3,50,,
NBB,3,36,10,,
UPCL,41,11,171,,
JBBL,57,55,100,,
JBBL,40,58,600,,
JBBL,28,58,100,,
JBBL,14,58,100,,
UMHL,43,6,68,,
NUBL,55,6,35,,
HDHPC,53,14,100,,
NUBL,4,58,50,,
JOSHI,6,38,90,,
JOSHI,6,32,10,,
NHPC,59,32,1000,,
NHPC,59,17,10,,
NHPC,59,6,320,,
SPDL,16,36,100,,
SPDL,19,36,25,,
SPDL,45,36,20,,
MEN,26,34,10,,
SSHL,57,45,110,,
SPDL,45,58,150,,
RLFL,34,40,60,,
MHNL,35,58,15,,
JBBL,56,55,20,,
NRIC,44,50,500,,
NRIC,44,45,60,,
NRIC,44,26,100,,
CBBL,45,34,100,,
CBBL,45,58,30,,
CBBL,45,37,150,,
UPCL,41,16,79,,
RLI,16,56,10,,
KRBL,32,52,100,,
NFS,41,47,150,,
SBI,28,34,500,,
GBBL,39,28,200,,
SLI,3,4,10,,
SLI,3,22,10,,
NIFRA,8,58,20,,
NIFRA,8,16,50,,
NIFRA,8,56,30,,
CZBIL,26,42,10,,
RBCLPO,7,26,10,,
SAHAS,35,34,10,,
MEGA,57,28,97,,
MEGA,19,28,10,,
RLFL,45,40,120,,
NIFRA,17,58,10,,
BOKL,59,55,135,,
BOKL,19,55,20,,
BOKL,50,55,145,,
BOKL,28,55,200,,
NABIL,19,44,20,,
GFCL,22,41,10,,
NICLBSL,39,39,10,,
NABIL,34,44,10,,
GBBL,45,26,395,,
NUBL,55,36,100,,
HIDCL,55,45,100,,
UPPER,28,38,20,,
MLBL,34,20,100,,
NUBL,55,45,41,,
SAHAS,35,36,10,,
NHPC,52,6,180,,
NHPC,52,57,20,,
NHPC,52,33,100,,
GBBL,49,26,200,,
BOKL,34,45,40,,
SAHAS,35,17,10,,
NICL,17,6,30,,
NABIL,50,44,155,,
GBBL,49,42,200,,
SAHAS,35,1,510,,
ICFC,41,1,50,,
MLBS,1,17,10,,
RLFL,42,40,500,,
NBL,50,33,67,,
BARUN,37,38,190,,
BARUN,38,38,10,,
NABIL,52,44,50,,
NCCB,28,5,10,,
NUBL,55,42,10,,
PCBL,34,55,200,,
KPCL,52,16,10,,
KPCL,46,16,100,,
KPCL,32,16,490,,
HIDCL,41,56,40,,
HIDCL,37,56,100,,
HIDCL,42,56,160,,
CZBIL,26,16,28,,
ALICL,28,33,200,,
NHPC,22,42,400,,
DHPL,55,49,41,,
DHPL,55,28,150,,
GBBL,38,42,200,,
API,59,34,80,,
API,59,34,53,,
API,3,34,15,,
MFIL,39,8,100,,
SHL,26,56,400,,
DHPL,28,28,100,,
DHPL,33,28,50,,
BFC,53,57,100,,
UPCL,7,58,240,,
NLIC,57,33,200,,
EIC,45,46,90,,
MHNL,38,58,10,,
DHPL,45,49,20,,
SFCL,3,45,300,,
SAHAS,39,45,10,,
NABIL,49,44,15,,
NTC,58,46,10,,
NUBL,55,33,50,,
SFCL,3,58,50,,
SHINE,18,7,33,,
SHINE,59,7,30,,
SHINE,38,7,100,,
SHINE,34,7,25,,
SHINE,32,7,212,,
SHINE,16,7,100,,
MLBL,38,20,100,,
MLBL,14,20,78,,
NICA,43,52,10,,
NICA,43,58,10,,
NICA,43,58,10,,
AKPL,41,26,75,,
AKPL,41,55,20,,
MLBS,1,13,10,,
HIDCL,58,45,10,,
CZBIL,18,16,272,,
CZBIL,18,32,828,,
NABIL,58,44,10,,
NUBL,55,41,30,,
NICLBSL,14,17,10,,
CBL,44,57,25,,
AKJCL,41,55,100,,
JBBL,6,55,500,,
NICLBSL,14,56,10,,
KSBBL,45,42,30,,
NABIL,42,44,20,,
NABIL,38,44,10,,
NABIL,17,44,20,,
NABIL,49,44,100,,
NABIL,28,44,10,,
NABIL,43,44,25,,
NABIL,40,44,34,,
API,3,45,15,,
API,3,13,70,,
SAHAS,35,49,100,,
PMHPL,41,1,34,,
CCBL,6,33,20,,
GBIME,36,58,105,,
JBBL,4,55,120,,
NUBL,55,50,300,,
NUBL,55,55,89,,
NUBL,55,36,190,,
NUBL,55,39,80,,
NUBL,55,59,10,,
NUBL,55,38,10,,
NUBL,55,59,240,,
NRIC,43,45,20,,
NRIC,43,49,180,,
CBL,19,22,10,,
ULI,1,57,10,,
MLBL,14,58,35,,
NHPC,19,32,1000,,
NHPC,19,41,280,,
NHPC,19,28,20,,
GBIME,36,6,63,,
NUBL,22,59,60,,
NUBL,22,41,30,,
SHPC,43,7,75,,
SHPC,16,7,25,,
SAHAS,35,38,10,,
TRH,20,38,30,,
NUBL,53,41,10,,
SCB,41,49,70,,
SCB,41,41,30,,
MBL,1,52,30,,
NABIL,8,58,41,,
SIC,58,47,10,,
NIFRA,17,38,50,,
NGPL,28,38,500,,
NRN,45,42,30,,
GILB,50,46,11,,
TPC,38,6,10,,
NGPL,22,26,50,,
SAHAS,35,35,10,,
ICFC,41,36,50,,
MHNL,35,55,20,,
MHNL,38,55,10,,
NHPC,38,55,50,,
ALICL,28,33,300,,
KPCL,32,47,10,,
KPCL,41,47,90,,
NRIC,50,37,100,,
CBL,19,33,964,,
CBL,19,55,25,,
NLG,32,33,82,,
NLG,6,33,18,,
EIC,45,55,80,,
EIC,5,55,100,,
EIC,43,55,170,,
NUBL,52,41,50,,
CHL,58,52,100,,
BOKL,50,34,500,,
BOKL,50,8,355,,
UPCL,46,50,50,,
SBI,49,34,150,,
NGPL,3,26,200,,
NABIL,40,42,16,,
NABIL,50,42,234,,
NHPC,38,41,50,,
API,33,13,251,,
API,33,16,20,,
API,33,37,200,,
API,33,28,29,,
JOSHI,45,32,40,,
SHL,34,35,1000,,
ULI,1,58,10,,
SMATA,33,58,40,,
NUBL,44,41,10,,
BOKL,46,8,50,,
MLBL,14,20,587,,
DDBL,58,13,10,,
SIL,5,11,25,,
NUBL,38,41,20,,
NBL,45,33,50,,
NBB,39,57,300,,
NUBL,56,41,100,,
NUBL,17,41,100,,
NUBL,5,41,100,,
SAHAS,35,36,10,,
NBL,36,33,40,,
SAHAS,35,34,10,,
AKPL,57,56,200,,
LBBL,55,8,200,,
CBL,1,26,150,,
NABIL,50,22,16,,
MLBL,32,20,150,,
MLBL,32,19,50,,
CZBIL,57,32,162,,
SKBBL,19,34,50,,
SLI,49,20,10,,
HIDCL,41,17,124,,
NIFRA,17,41,40,,
ICFC,13,41,100,,
ICFC,47,41,100,,
NHPC,38,16,900,,
AKJCL,17,34,200,,
AKJCL,41,34,100,,
LBL,45,46,199,,
JBBL,28,55,740,,
HURJA,56,22,80,,
KSBBL,32,42,100,,
BOKL,58,8,95,,
KRBL,28,52,200,,
HIDCL,7,45,90,,
HIDCL,7,59,10,,
AKPL,57,28,32,,
PFL,28,4,40,,
PFL,43,4,50,,
PFL,28,4,10,,
MLBL,49,41,40,,
CHCL,16,28,123,,
CHCL,16,28,100,,
CHCL,6,28,1350,,
CHCL,58,28,20,,
CHCL,36,28,100,,
CHCL,49,28,100,,
CHCL,20,28,40,,
CHCL,43,28,50,,
CHCL,44,28,100,,
CHCL,49,28,75,,
PRVU,20,38,1000,,
PRVU,20,39,2500,,
PRVU,20,7,200,,
PRVU,20,8,500,,
NABIL,41,58,10,,
JBBL,28,26,180,,
JBBL,28,22,30,,
JBBL,28,33,140,,
JBBL,28,38,650,,
NHPC,55,16,100,,
SAHAS,35,39,10,,
NICLBSL,58,34,10,,
CZBIL,28,40,162,,
SRBL,43,58,75,,
JBLB,39,8,10,,
NUBL,41,19,20,,
NUBL,41,19,50,,
NUBL,36,19,50,,
NUBL,49,19,50,,
NUBL,41,19,30,,
NUBL,38,19,50,,
SBL,55,28,86,,
SBL,49,28,75,,
SBL,42,28,20,,
SBL,41,28,10,,
KKHC,52,49,20,,
SAHAS,35,52,10,,
NUBL,13,39,20,,
CIT,57,50,58,,
CIT,56,50,17,,
SSHL,46,34,130,,
GBBL,28,28,1000,,
GBBL,26,28,100,,
PLI,16,57,10,,
SBL,49,32,100,,
GBBL,38,42,100,,
GBBL,38,49,20,,
GBBL,38,45,80,,
GBBL,36,45,500,,
SFCL,3,14,10,,
JBBL,49,38,50,,
UMHL,43,52,10,,
HDHPC,50,14,500,,
JBBL,28,22,30,,
CIT,35,55,200,,
NRN,38,16,70,,
RLI,16,20,10,,
NLBBL,22,36,100,,
UPPER,28,28,180,,
UPPER,50,28,20,,
NIFRA,17,56,300,,
HPPL,52,42,10,,
LBL,1,46,200,,
LBL,22,46,200,,
CCBL,16,57,800,,
MLBL,32,20,100,,
HIDCL,41,58,430,,
HIDCL,38,58,70,,
SICL,11,35,24,,
NGPL,28,58,12,,
SADBL,45,44,100,,
NICLBSL,19,41,30,,
SAHAS,35,35,10,,
BARUN,1,38,200,,
KBL,58,34,200,,
MEGA,41,43,190,,
NRIC,28,49,100,,
NTC,11,22,140,,
RADHI,8,7,95,,
RADHI,8,26,30,,
RADHI,8,57,75,,
NABIL,49,58,1000,,
SAHAS,35,41,20,,
NUBL,1,38,90,,
SAHAS,35,55,10,,
SAHAS,35,39,10,,
UMHL,43,41,440,,
SAHAS,55,39,980,,
SAHAS,55,47,10,,
NHPC,20,42,136,,
MLBL,42,20,163,,
MLBL,42,20,37,,
NBL,56,33,15,,
NRIC,58,49,50,,
NRIC,26,49,500,,
NRIC,26,49,20,,
NRIC,43,49,50,,
NRIC,59,49,100,,
EIC,58,47,17,,
PFL,13,34,45,,
PFL,13,50,15,,
PFL,13,17,50,,
HIDCL,38,50,30,,
NUBL,14,36,10,,
SAHAS,45,39,10,,
JBBL,42,38,50,,
NRIC,1,56,20,,
NRIC,1,16,30,,
AKJCL,47,55,30,,
AKJCL,34,55,150,,
TPC,58,57,10,,
AKJCL,1,55,145,,
SLBBL,41,42,15,,
SLBBL,33,42,100,,
CHL,14,57,30,,
UIC,32,53,50,,
NHPC,42,42,1000,,
NHPC,35,33,10,,
NHPC,14,33,126,,
HIDCL,38,38,100,,
PLI,8,20,10,,
CHDC,17,46,20,,
KSBBL,42,34,50,,
MLBS,28,35,10,,
CBBL,56,37,50,,
PROFL,34,38,100,,
PROFL,14,38,47,,
PROFL,39,38,150,,
UIC,46,40,395,,
UMHL,38,28,200,,
UMHL,38,28,300,,
AHPC,17,42,50,,
NRIC,26,38,80,,
NRIC,26,38,120,,
NRIC,22,38,80,,
NRIC,1,38,50,,
NICL,32,47,150,,
NRIC,46,38,54,,
NRIC,26,38,300,,
NRIC,14,38,80,,
JBBL,13,38,200,,
GILB,36,49,37,,
NGPL,55,58,288,,
NGPL,55,33,62,,
SAHAS,40,41,10,,
PRVU,26,7,300,,
ICFC,13,56,80,,
ICFC,11,56,20,,
ULI,47,35,10,,
ULI,47,35,65,,
RADHI,28,38,15,,
API,41,28,10,,
RLFL,45,40,20,,
NGPL,57,33,20,,
CFCL,38,47,100,,
CFCL,58,47,100,,
JBBL,28,16,200,,
SADBL,57,44,500,,
SADBL,57,44,890,,
SADBL,32,44,10,,
NUBL,1,38,30,,
NUBL,55,38,70,,
NRIC,41,56,10,,
NRIC,14,41,20,,
CCBL,16,57,1000,,
SAHAS,40,38,50,,
SAHAS,40,45,10,,
KBL,58,41,85,,
KBL,42,41,15,,
NICA,43,4,50,,
NIFRA,36,56,30,,
NIFRA,36,20,20,,
NHPC,3,28,100,,
SHL,3,35,1000,,
NIFRA,34,20,30,,
MLBL,22,20,763,,
AIL,4,52,200,,
AIL,4,50,10,,
AIL,4,41,100,,
API,45,34,65,,
NBL,57,33,90,,
NBL,57,41,10,,
MEGA,41,55,24,,
NTC,11,53,15,,
NTC,11,5,45,,
HDL,36,41,15,,
HDL,52,41,10,,
NRIC,50,41,46,,
MLBSL,22,49,11,,
MLBS,28,45,10,,
NHPC,14,45,100,,
HURJA,56,57,200,,
MLBL,22,58,47,,
AHPC,35,4,150,,
MLBL,53,57,200,,
SSHL,53,34,200,,
NHPC,57,33,236,,
NHPC,57,58,10,,
SADBL,32,7,700,,
SADBL,32,57,980,,
KBL,4,34,300,,
NRN,17,45,70,,
UPCL,38,50,80,,
NRIC,50,14,20,,
PMHPL,11,47,500,,
SADBL,45,57,10,,
NIFRA,35,56,50,,
NUBL,55,32,50,,
NUBL,55,38,280,,
JBBL,42,38,50,,
NIFRA,6,56,240,,
BOKL,34,49,52,,
LEC,49,28,10,,
JBBL,28,42,30,,
API,59,34,335,,
KRBL,45,58,80,,
SHPC,16,49,25,,
PFL,28,36,46,,
PFL,49,36,20,,
PFL,8,36,34,,
API,41,34,100,,
CFCL,52,58,10,,
ALICL,32,33,100,,
NABIL,50,49,50,,
RLFL,14,40,300,,
NFS,45,32,20,,
MLBS,28,58,10,,
SHINE,32,58,288,,
SHINE,49,58,100,,
SHINE,1,58,35,,
PMHPL,11,6,250,,
NUBL,13,38,20,,
HIDCL,3,41,90,,
HIDCL,58,41,20,,
NICA,1,46,57,,
UIC,39,40,100,,
NIFRA,6,45,30,,
NICL,32,53,56,,
NUBL,1,42,20,,
NUBL,1,46,56,,
NGPL,35,33,100,,
ADBL,41,34,50,,
NUBL,53,46,10,,
NABBC,57,45,50,,
GBIME,17,40,73,,
UPPER,35,32,50,,
GBIME,44,40,25,,
SPDL,45,20,150,,
MEGA,41,50,500,,
CZBIL,57,33,40,,
CCBL,57,58,200,,
MEGA,41,1,100,,
KSBBL,45,42,20,,
NABIL,6,49,50,,
SSHL,46,17,100,,
SSHL,46,56,300,,
SJCL,19,34,50,,
ICFC,19,45,205,,
GBBL,49,45,500,,
NLIC,28,22,50,,
JLI,45,46,10,,
MLBL,22,44,100,,
MLBL,22,35,90,,
SFCL,52,45,50,,
NTC,42,5,1065,,
NTC,19,5,100,,
NTC,59,5,100,,
NTC,59,5,500,,
NTC,59,5,1000,,
NTC,38,5,190,,
NFS,41,16,50,,
KBL,58,55,30,,
PRVU,57,38,25,,
SICL,16,35,26,,
SWBBL,45,28,75,,
SWBBL,38,28,80,,
SWBBL,36,28,25,,
NBL,46,41,145,,
NBL,59,41,45,,
AHPC,35,37,50,,
AHPC,35,57,100,,
SAHAS,19,39,120,,
SAHAS,40,55,10,,
MLBS,49,20,10,,
UMHL,38,41,60,,
PFL,47,4,100,,
NABIL,45,49,80,,
NABIL,45,38,20,,
NABIL,43,38,80,,
BOKL,50,49,948,,
BOKL,50,28,573,,
BOKL,50,28,20,,
BOKL,50,58,110,,
BOKL,50,8,349,,
NIFRA,17,26,1000,,
NIFRA,17,11,1000,,
NUBL,19,46,14,,
NTC,38,58,10,,
SBL,41,49,40,,
NRIC,49,45,13,,
NUBL,58,46,20,,
NHPC,38,16,1000,,
NBL,38,33,15,,
MSLB,22,11,16,,
SAHAS,45,39,20,,
SAHAS,57,39,50,,
SAHAS,34,39,240,,
SAHAS,14,39,40,,
KPCL,41,4,10,,
HPPL,26,52,10,,
CHDC,18,46,280,,
CHDC,18,52,10,,
CHDC,18,46,10,,
NUBL,57,4,40,,
SHINE,1,58,77,,
GBIME,36,49,1000,,
SPDL,43,20,50,,
SJCL,13,34,150,,
SJCL,13,32,100,,
LBBL,6,33,20,,
KPCL,32,4,20,,
CBL,45,55,200,,
UMHL,13,8,20,,
ULI,26,28,10,,
ULI,26,58,10,,
NUBL,1,4,50,,
UMHL,38,56,350,,
EIC,32,55,300,,
EIC,53,55,50,,
SPDL,14,37,150,,
SPDL,14,45,177,,
LBBL,38,33,15,,
SAHAS,14,22,10,,
NICSF,43,57,100,,
NRIC,56,56,50,,
API,45,58,165,,
API,16,58,100,,
JBBL,14,41,100,,
JBBL,38,41,100,,
MNBBL,38,43,75,,
MNBBL,41,43,125,,
MNBBL,22,43,200,,
SLI,59,38,10,,
KSBBL,32,38,100,,
NLIC,16,47,21,,
KPCL,52,4,10,,
API,34,58,45,,
API,34,57,155,,
SAHAS,55,55,10,,
HDHPC,43,14,50,,
NHPC,14,19,100,,
NLBBL,19,16,50,,
NHPC,16,19,900,,
SIC,43,47,25,,
SANIMA,20,36,100,,
RLFL,4,4,260,,
CHL,56,57,70,,
CHL,56,58,50,,
NABIL,43,44,20,,
NBL,36,33,70,,
UPCL,38,45,20,,
NHPC,16,28,100,,
NRIC,41,56,21,,
NRIC,41,42,29,,
NRIC,41,58,10,,
NRIC,41,35,40,,
MLBL,45,35,10,,
API,49,57,585,,
SWBBL,46,38,11,,
HIDCL,39,43,75,,
SHINE,1,44,423,,
SHINE,32,44,500,,
SHINE,34,44,77,,
UMHL,38,4,90,,
NABIL,46,44,100,,
NGPL,6,58,500,,
NGPL,6,46,700,,
NGPL,6,38,300,,
NGPL,6,35,20,,
AHPC,57,57,300,,
RADHI,6,57,50,,
CIT,1,13,17,,
NBB,8,45,150,,
NUBL,44,4,10,,
NUBL,45,4,100,,
UNHPL,6,22,50,,
NUBL,44,42,30,,
NUBL,44,42,10,,
CBL,46,33,10,,
SANIMA,20,59,1435,,
SANIMA,20,45,500,,
SANIMA,20,42,15,,
SANIMA,20,20,50,,
NICLBSL,47,58,10,,
KRBL,38,36,50,,
RADHI,43,57,50,,
NABIL,14,44,100,,
SBL,38,49,10,,
NRIC,33,35,40,,
EIC,34,5,100,,
UNHPL,56,39,500,,
ULI,36,49,10,,
ULI,36,32,10,,
JLI,17,41,10,,
SAHAS,34,57,10,,
PIC,46,32,40,,
NABIL,1,44,100,,
SHPC,11,13,90,,
SHPC,16,13,10,,
SHPC,49,13,450,,
SHPC,47,13,50,,
SHPC,44,13,50,,
SHPC,58,13,150,,
NHPC,14,26,1000,,
PRVU,53,38,50,,
MLBS,43,49,10,,
NIFRA,6,58,30,,
KBL,58,5,198,,
NABIL,14,44,100,,
NABIL,35,44,10,,
ADBL,34,34,20,,
ADBL,14,34,26,,
GBIME,57,41,80,,
PMHPL,11,7,65,,
SLICL,19,13,200,,
AKPL,1,44,100,,
NUBL,44,59,20,,
AKPL,35,44,100,,
KSBBL,45,42,50,,
ALICL,32,45,70,,
LICN,13,47,10,,
DDBL,16,13,10,,
DDBL,11,13,20,,
RLFL,35,4,400,,
RLFL,35,36,100,,
SAHAS,34,4,10,,
PROFL,32,45,200,,
PROFL,38,45,50,,
CBBL,28,3,100,,
UPCL,3,16,1000,,
UPCL,38,16,50,,
CIT,38,13,30,,
CBL,4,33,26,,
PCBL,34,34,100,,
NGPL,35,33,400,,
SHINE,34,55,223,,
SHINE,32,55,160,,
SBI,49,1,150,,
KKHC,28,58,16,,
KKHC,33,58,500,,
KKHC,42,58,100,,
RLFL,45,36,200,,
KKHC,58,58,20,,
KBL,58,34,200,,
NHPC,50,33,200,,
BFC,42,32,10,,
SHPC,58,56,350,,
CZBIL,16,4,150,,
NRIC,26,49,400,,
AKJCL,1,58,155,,
NRIC,26,42,50,,
NRIC,26,55,10,,
NRIC,26,16,10,,
NRIC,26,49,30,,
JBBL,59,38,10,,
JBBL,41,16,100,,
AKJCL,41,58,145,,
AKJCL,41,34,500,,
AKJCL,41,34,355,,
NUBL,36,16,50,,
NUBL,44,16,100,,
NUBL,47,16,150,,
NUBL,35,16,300,,
NRIC,56,49,20,,
ULI,47,53,10,,
CIT,22,13,10,,
NIL,33,49,13,,
MNBBL,13,36,40,,
MNBBL,13,57,20,,
UPPER,50,52,40,,
PRVU,57,38,400,,
MLBSL,8,34,10,,
ULI,47,55,10,,
SFCL,3,57,222,,
API,44,34,36,,
SIFC,57,58,150,,
UNHPL,41,34,520,,
SLI,47,16,10,,
GILB,20,49,30,,
NUBL,57,59,23,,
NUBL,35,59,200,,
NUBL,38,59,30,,
NUBL,49,59,500,,
NUBL,28,59,38,,
NUBL,43,59,10,,
NUBL,45,59,100,,
NUBL,57,59,99,,
MHNL,36,49,103,,
ULI,36,41,10,,
ULI,36,47,60,,
ULI,36,42,10,,
ICFC,19,57,50,,
NFS,45,55,100,,
API,55,34,200,,
UPPER,50,42,20,,
HDHPC,19,38,157,,
NBL,52,33,50,,
MHNL,38,45,20,,
MLBL,16,20,23,,
MLBL,43,20,40,,
MLBL,35,20,200,,
MLBL,45,20,1187,,
MLBL,47,20,50,,
ICFC,19,1,10,,
NRIC,50,49,100,,
NRIC,59,49,100,,
NRIC,14,49,200,,
NRIC,46,49,50,,
SLI,3,7,10,,
SLI,3,34,10,,
CGH,41,14,50,,
NIFRA,17,34,90,,
OHL,59,34,122,,
UMHL,45,7,100,,
ULI,47,4,10,,
AKPL,52,26,18,,
NIFRA,14,58,20,,
NIFRA,14,55,20,,
NIFRA,14,45,99,,
CBL,4,50,2300,,
AHPC,52,42,20,,
KKHC,52,58,10,,
KKHC,52,58,10,,
SFCL,3,42,43,,
AKJCL,38,34,50,,
CCBL,57,57,981,,
SHINE,57,57,20,,
UNHPL,6,4,170,,
UNHPL,28,4,20,,
UNHPL,36,4,10,,
NGPL,7,33,100,,
SJCL,55,8,10,,
NABIL,34,44,300,,
NABIL,57,44,200,,
NABIL,59,44,70,,
NIFRA,45,45,40,,
PCBL,38,6,15,,
AHPC,41,4,596,,
MLBSL,1,22,15,,
API,59,34,10,,
SLI,47,35,10,,
CZBIL,16,34,75,,
CZBIL,49,34,26,,
NHPC,14,45,210,,
ICFC,19,16,15,,
ICFC,19,17,20,,
ICFC,19,36,200,,
PMHPL,32,17,470,,
NUBL,57,59,401,,
NUBL,57,59,253,,
NUBL,7,59,99,,
MFIL,4,8,150,,
AKPL,52,38,59,,
AHPC,49,42,170,,
RLFL,34,36,200,,
PCBL,1,36,108,,
PCBL,32,36,280,,
PCBL,39,36,10,,
MEGA,41,38,87,,
HDHPC,3,38,20,,
HDHPC,52,38,13,,
HDHPC,58,38,10,,
LEC,45,56,250,,
NUBL,7,42,101,,
BFC,28,13,850,,
BFC,34,13,50,,
BFC,1,13,50,,
BFC,45,13,50,,
ULI,47,22,10,,
SLI,3,56,110,,
NABIL,19,8,20,,
SIFC,20,58,100,,
API,50,34,30,,
CIT,45,13,50,,
RURU,32,49,20,,
PPCL,14,57,80,,
PPCL,14,45,10,,
SFCL,3,14,10,,
PPCL,14,58,20,,
SAHAS,34,41,10,,
UMHL,45,16,100,,
NIFRA,28,58,50,,
MNBBL,13,57,130,,
MNBBL,13,34,65,,
MNBBL,13,8,60,,
API,49,28,415,,
API,13,28,10,,
API,33,28,75,,
NHPC,14,16,464,,
JBBL,5,38,390,,
JBBL,44,38,100,,
ICFC,57,57,50,,
NUBL,43,42,99,,
MLBL,52,28,500,,
MLBL,42,28,100,,
MLBL,18,28,200,,
SLICL,50,44,130,,
EBL,36,52,30,,
EBL,36,18,1381,,
SLI,28,22,10,,
ICFC,38,17,50,,
CHDC,18,46,190,,
CHDC,18,49,10,,
HDHPC,32,14,300,,
MEGA,14,38,50,,
SHPC,58,45,20,,
AKJCL,38,19,100,,
NHPC,47,16,50,,
SAHAS,34,16,10,,
JBLB,39,19,10,,
SFCL,3,41,25,,
SAHAS,34,35,10,,
NHPC,45,16,200,,
API,33,14,25,,
SLICL,1,34,60,,
SLICL,19,34,50,,
LICN,38,47,10,,
NICA,1,14,93,,
GBBL,1,45,200,,
SHPC,44,28,50,,
PMHPL,38,34,10,,
TPC,58,47,100,,
MLBS,38,22,10,,
TPC,58,45,10,,
TPC,58,43,100,,
TPC,58,32,10,,
TPC,58,4,10,,
TPC,58,4,55,,
MLBS,28,14,10,,
MLBS,28,38,10,,
MLBS,28,28,10,,
AHPC,41,44,100,,
EBL,16,18,50,,
SLI,3,38,10,,
SLI,3,42,10,,
SLI,3,57,10,,
SLI,3,50,10,,
MHNL,45,45,60,,
NRIC,38,16,10,,
IGI,22,46,10,,
NLIC,3,57,20,,
NHPC,7,16,50,,
NRIC,59,49,100,,
HIDCL,34,42,289,,
UPPER,50,41,20,,
TPC,41,4,15,,
SHPC,38,28,63,,
JBLB,17,38,10,,
CHL,57,13,100,,
SANIMA,32,20,50,,
NUBL,57,39,10,,
CCBL,57,49,19,,
NUBL,57,49,37,,
HIDCL,39,42,21,,
HIDCL,39,38,79,,
UMHL,18,52,50,,
NUBL,45,14,15,,
MLBSL,45,45,9,,
MHNL,26,28,100,,
SIL,34,56,93,,
SIL,34,56,37,,
GIC,39,56,10,,
GMFIL,14,58,10,,
KBL,20,34,200,,
NUBL,38,14,10,,
NUBL,43,19,13,,
CBL,4,33,1000,,
CBL,4,34,420,,
CBL,4,56,175,,
CBL,4,22,100,,
CBL,4,46,50,,
CBL,4,38,20,,
CBL,4,34,40,,
CBL,4,42,40,,
CBL,4,52,300,,
CBL,4,58,529,,
PLIC,35,13,30,,
PLIC,14,13,10,,
JBBL,5,43,110,,
JBBL,50,43,200,,
JBBL,49,43,35,,
JBBL,45,43,55,,
NBB,3,38,15,,
AKPL,52,58,100,,
AKPL,52,46,23,,
HIDCL,39,38,100,,
GBIME,58,40,28,,
UPPER,57,34,50,,
SJCL,26,28,30,,
KBL,20,41,100,,
CIT,47,16,150,,
NRIC,38,1,20,,
NRIC,32,1,100,,
NHPC,42,16,101,,
NHPC,58,16,135,,
NBB,42,6,90,,
NBB,42,3,260,,
JOSHI,47,58,10,,
JOSHI,43,58,10,,
SANIMA,16,20,10,,
SANIMA,34,20,90,,
ALICL,16,55,16,,
IGI,32,52,53,,
NUBL,41,14,25,,
NUBL,41,49,15,,
NUBL,41,59,10,,
SFCL,3,42,265,,
SFCL,3,49,50,,
SFCL,3,58,200,,
SFCL,3,52,200,,
SFCL,3,16,85,,
JLI,41,58,10,,
API,58,34,100,,
AHPC,41,13,10,,
AHPC,41,45,200,,
AHPC,41,40,94,,
NGPL,38,26,20,,
NGPL,38,33,40,,
AHPC,22,3,20,,
MBL,57,45,58,,
MBL,1,45,10,,
MEGA,32,58,140,,
CCBL,41,49,10,,
NHPC,53,52,250,,
JBBL,45,49,45,,
NLIC,20,57,30,,
KSBBL,6,42,50,,
KSBBL,1,42,250,,
NABIL,59,32,330,,
NABIL,41,32,20,,
NABIL,6,32,50,,
NABIL,13,32,10,,
NABIL,52,32,90,,
MLBSL,1,19,10,,
RHPL,57,41,30,,
KSBBL,1,42,50,,
KRBL,58,58,20,,
NBL,59,57,135,,
NMBMF,56,45,11,,
SAHAS,57,49,10,,
HIDCL,38,38,100,,
LEC,45,20,10,,
MBL,1,41,50,,
MBL,1,47,90,,
MNBBL,38,57,610,,
MNBBL,59,57,290,,
MNBBL,22,57,100,,
AKJCL,57,34,40,,
GBIME,11,55,50,,
BOKL,32,45,60,,
SPDL,8,45,13,,
SHPC,44,28,30,,
SAHAS,34,45,10,,
NTC,42,49,2935,,
NTC,53,49,10,,
NTC,26,49,10,,
CCBL,16,49,50,,
NTC,57,49,45,,
KBL,58,26,360,,
SIFC,20,38,900,,
MLBS,28,35,10,,
MLBS,28,58,10,,
MLBS,28,47,10,,
MLBS,28,19,10,,
MLBS,28,49,10,,
MLBS,28,35,10,,
MLBS,28,34,10,,
MLBS,28,55,10,,
MLBS,28,22,10,,
EBL,43,18,59,,
EBL,43,33,41,,
HIDCL,36,38,150,,
PLIC,6,49,90,,
PMHPL,19,6,300,,
PMHPL,19,6,100,,
SFCL,38,14,10,,
AKPL,50,46,10,,
API,49,50,50,,
API,3,50,49,,
RMDC,44,44,70,,
UPPER,47,55,50,,
MLBSL,1,34,10,,
MLBSL,1,7,10,,
NFS,53,22,50,,
SIFC,58,38,100,,
HIDCL,14,6,50,,
SAHAS,34,45,10,,
HIDCL,32,38,257,,
GBIME,58,40,25,,
MLBS,32,38,10,,
GBIME,38,40,50,,
GFCL,57,59,50,,
GFCL,4,59,150,,
GFCL,36,59,10,,
CGH,41,14,50,,
HIDCL,19,38,34,,
HIDCL,19,28,41,,
NABIL,52,8,10,,
NABIL,38,8,20,,
NABIL,16,8,20,,
RHPL,40,22,80,,
CCBL,16,13,400,,
NHPC,58,28,150,,
ULI,47,34,10,,
GLH,43,20,10,,
NIFRA,57,45,300,,
NIFRA,46,45,61,,
SLBBL,6,42,400,,
AHPC,36,28,500,,
UPCL,38,58,450,,
NUBL,43,3,38,,
RLFL,19,46,420,,
SHPC,52,28,550,,
SHPC,52,49,150,,
AKJCL,49,34,55,,
SLICL,53,44,50,,
SFCL,38,41,25,,
NICLBSL,47,22,10,,
KSBBL,57,33,50,,
KSBBL,39,33,100,,
NIFRA,41,46,50,,
SWBBL,38,58,120,,
NICA,26,14,57,,
NHPC,58,6,10,,
MHNL,45,45,40,,
MHNL,45,45,10,,
SPDL,6,45,60,,
SFCL,38,39,100,,
SFCL,38,49,235,,
RLI,26,32,10,,
GBBL,3,45,470,,
GBBL,3,26,30,,
GBBL,3,28,400,,
NGPL,59,33,100,,
MLBL,45,20,2868,,
MLBL,13,20,500,,
MLBL,57,20,462,,
MLBL,22,20,20,,
MLBL,4,20,150,,
SPDL,6,38,109,,
NLIC,20,45,20,,
HIDCL,49,28,100,,
LBBL,59,28,17,,
LBBL,59,58,18,,
LBBL,59,14,15,,
ADBL,14,58,24,,
MHNL,58,28,109,,
MHNL,58,47,100,,
ADBL,11,58,40,,
JBBL,32,33,500,,
ICFC,57,57,200,,
ICFC,57,17,100,,
ICFC,57,56,300,,
ICFC,57,17,220,,
SGI,58,4,10,,
UPPER,32,34,150,,
UPPER,32,33,50,,
MLBS,22,58,10,,
HIDCL,47,28,500,,
MERO,19,6,20,,
JFL,17,42,500,,
TPC,58,4,130,,
TPC,58,34,10,,
SHINE,32,28,500,,
SHINE,32,46,340,,
HIDCL,33,28,200,,
NUBL,42,3,100,,
GIC,39,20,10,,
AKPL,43,57,192,,
SPDL,6,8,13,,
SHINE,41,46,100,,
SHINE,41,43,200,,
SLBBL,32,42,100,,
SLBBL,50,42,50,,
SLBBL,34,42,10,,
SLBBL,33,42,20,,
HPPL,52,58,10,,
RHPL,57,34,120,,
SJCL,39,28,10,,
SJCL,39,56,90,,
SWBBL,47,58,20,,
SHIVM,47,45,50,,
SAHAS,34,6,10,,
NHPC,49,52,70,,
CHL,49,47,130,,
JLI,41,38,10,,
MLBL,57,44,38,,
MLBL,16,44,200,,
MLBL,36,44,23,,
MLBL,38,44,139,,
API,3,41,51,,
GBIME,33,40,300,,
KBL,58,49,40,,
SJCL,6,49,30,,
ICFC,28,17,50,,
RLFL,34,46,20,,
AKPL,58,57,500,,
PCBL,32,57,220,,
PCBL,59,57,100,,
PCBL,22,57,200,,
PCBL,49,57,30,,
PCBL,34,57,100,,
NRIC,57,6,90,,
NRIC,57,17,10,,
PCBL,1,57,150,,
NGPL,26,33,20,,
MLBS,11,22,10,,
NBL,59,41,100,,
MFIL,16,8,50,,
SSHL,43,56,50,,
SAHAS,34,19,80,,
SAHAS,57,19,50,,
SAHAS,19,19,70,,
HIDCL,47,28,50,,
IGI,45,17,20,,
UMHL,38,52,50,,
UMHL,45,52,50,,
UMHL,41,52,100,,
UMHL,14,52,300,,
KBL,58,13,100,,
API,22,41,19,,
SWBBL,34,7,35,,
SAHAS,19,42,10,,
NUBL,1,3,457,,
MHNL,28,47,100,,
NABIL,16,8,50,,
NBL,49,43,100,,
CCBL,45,13,100,,
UNHPL,57,52,100,,
UPCL,38,49,50,,
HIDCL,56,28,200,,
SHPC,42,49,100,,
RLI,43,45,10,,
NUBL,3,3,295,,
NUBL,3,28,105,,
NUBL,3,59,50,,
NUBL,3,32,50,,
AKPL,3,57,100,,
ALICL,58,57,14,,
PMHPL,19,38,290,,
API,35,34,124,,
API,35,58,10,,
API,35,39,41,,
API,35,38,20,,
API,35,36,427,,
AIL,32,20,10,,
SLI,22,35,10,,
JBBL,35,33,700,,
ULI,6,22,10,,
NBL,59,4,110,,
API,28,36,73,,
API,28,28,927,,
GBIME,58,40,10,,
SHINE,45,43,100,,
API,42,28,50,,
NBL,59,13,610,,
NBL,56,13,20,,
NBL,50,13,200,,
NBL,D01,13,70,,
AKPL,41,57,200,,
AKPL,5,57,500,,
AKPL,34,57,1000,,
AKPL,14,57,483,,
UPPER,20,33,50,,
UPPER,20,32,50,,
JFL,38,49,10,,
SICL,35,45,50,,
HIDCL,39,28,100,,
ICFC,16,36,50,,
SAHAS,19,42,10,,
HIDCL,16,28,300,,
HIDCL,32,28,100,,
MLBL,38,45,338,,
BARUN,37,58,220,,
RADHI,58,58,330,,
BARUN,1,36,130,,
CORBL,33,53,40,,
AKPL,14,52,17,,
HDHPC,50,38,635,,
HDHPC,50,46,275,,
HDHPC,50,37,90,,
SANIMA,7,42,225,,
SANIMA,7,45,110,,
SANIMA,7,35,165,,
NHPC,58,33,350,,
PROFL,14,58,15,,
NHPC,58,52,10,,
PROFL,50,58,45,,
SHEL,55,58,10,,
AKJCL,16,56,1500,,
SANIMA,37,35,35,,
SHINE,6,43,50,,
ALICL,55,57,20,,
GBIME,57,22,10,,
PPCL,38,58,54,,
BOKL,32,34,80,,
BOKL,32,45,60,,
SHINE,50,43,50,,
API,53,28,50,,
API,14,28,100,,
MLBS,28,35,10,,
GBBL,52,58,49,,
GBBL,52,58,31,,
GBBL,52,40,20,,
SADBL,57,53,10,,
NHPC,58,38,20,,
IGI,59,16,177,,
IGI,47,16,100,,
HIDCL,53,28,300,,
MHNL,57,28,41,,
SHINE,41,43,100,,
API,33,28,100,,
NICA,41,14,83,,
HIDCL,45,28,150,,
PROFL,14,58,38,,
HIDCL,58,28,120,,
NHDL,52,57,20,,
NMB,19,22,10,,
KSBBL,49,36,10,,
KSBBL,35,36,50,,
KSBBL,36,36,30,,
MNBBL,53,34,35,,
MNBBL,53,38,200,,
MNBBL,53,57,200,,
MNBBL,53,46,10,,
BPCL,38,58,50,,
MNBBL,53,16,55,,
PMHPL,32,57,300,,
PMHPL,32,36,30,,
PMHPL,32,17,200,,
ILBS,42,32,12,,
GBIME,59,40,50,,
API,59,28,200,,
CCBL,45,33,100,,
HIDCL,34,28,839,,
HIDCL,34,41,130,,
HIDCL,34,22,31,,
KKHC,53,58,50,,
KKHC,5,58,10,,
NHPC,58,33,1000,,
NHPC,28,52,170,,
SCB,34,17,60,,
IGI,22,50,100,,
LBBL,59,14,15,,
NRIC,58,6,10,,
CGH,41,58,16,,
NRN,45,45,10,,
FMDBL,14,45,90,,
SIL,34,45,13,,
FMDBL,11,45,10,,
GFCL,36,41,20,,
GFCL,36,41,10,,
MHNL,34,28,200,,
HIDCL,45,22,50,,
NRIC,42,6,15,,
NRIC,43,6,40,,
SAHAS,19,57,10,,
NIFRA,26,16,49,,
NIFRA,26,58,20,,
NIFRA,26,37,231,,
EBL,36,33,150,,
JBBL,8,33,20,,
SICL,26,58,20,,
HDHPC,45,45,100,,
AKPL,50,56,10,,
BOKL,43,57,80,,
BOKL,43,45,150,,
BOKL,43,33,1980,,
ADBL,11,22,10,,
SLICL,5,32,75,,
AKPL,59,42,65,,
SIFC,41,1,100,,
AKPL,45,42,204,,
AKPL,43,42,231,,
NICA,41,42,17,,
NHPC,58,44,335,,
NGPL,4,33,20,,
NIFRA,41,45,50,,
SLI,22,22,10,,
NUBL,11,44,16,,
UPCL,7,47,260,,
UPCL,45,47,40,,
UPCL,38,47,100,,
UPCL,26,47,100,,
HIDCL,57,34,200,,
NHPC,22,44,200,,
NHPC,26,44,200,,
NHPC,50,44,275,,
NHPC,50,44,100,,
NHPC,58,44,1000,,
NHPC,58,44,175,,
NHPC,19,44,300,,
NHPC,38,44,100,,
NHPC,35,44,15,,
BPCL,18,8,50,,
BPCL,57,8,10,,
ALICL,50,57,300,,
NBB,57,47,55,,
MLBL,38,58,23,,
CHDC,18,45,250,,
FOWAD,45,26,30,,
CCBL,45,49,50,,
RHPL,43,34,130,,
RHPL,43,28,70,,
SADBL,39,11,70,,
SHL,1,35,1000,,
API,13,28,2000,,
ICFC,34,34,100,,
API,58,28,500,,
PLIC,22,49,100,,
PLIC,36,49,10,,
NICA,26,35,50,,
NTC,57,49,255,,
NTC,57,49,300,,
NTC,59,49,145,,
NTC,53,49,50,,
NTC,53,49,100,,
NTC,8,49,50,,
NTC,59,49,100,,
GBIME,32,40,166,,
GBIME,7,40,273,,
NGPL,35,33,20,,
MERO,49,6,20,,
SCB,45,17,100,,
GBBL,47,40,30,,
AKPL,45,28,271,,
SFCL,4,45,50,,
DHPL,49,16,100,,
DHPL,35,16,100,,
DHPL,14,16,200,,
DHPL,35,16,45,,
NABIL,16,6,30,,
NABIL,50,6,10,,
MLBL,45,20,945,,
MLBL,59,20,55,,
SAHAS,34,38,100,,
SPDL,6,47,20,,
NFS,58,39,30,,
SMFBS,5,49,10,,
SMFBS,38,49,10,,
NHPC,35,28,100,,
NIFRA,34,37,50,,
BOKL,43,33,200,,
NABIL,36,6,100,,
GBIME,7,36,27,,
SAHAS,22,32,10,,
API,34,28,100,,
UPPER,59,32,80,,
UPPER,59,28,40,,
UPPER,59,32,50,,
MMFDB,35,42,181,,
MMFDB,49,42,75,,
HIDCL,8,22,19,,
HIDCL,8,50,100,,
HIDCL,8,56,880,,
ICFC,34,50,200,,
SSHL,32,6,400,,
UPCL,7,17,100,,
NUBL,55,6,50,,
NBL,D01,43,130,,
NBL,D01,37,875,,
HDHPC,20,28,1000,,
NUBL,41,42,40,,
NUBL,41,58,30,,
SIFC,20,38,200,,
BOKL,7,33,100,,
MHNL,38,28,50,,
UPCL,45,53,60,,
ALICL,57,57,50,,
SAPDBL,53,8,100,,
SAPDBL,34,8,100,,
NIBSF1,4,58,1000,,
NICLBSL,45,45,10,,
AKJCL,28,41,300,,
NABIL,57,6,10,,
UMHL,38,33,330,,
GBIME,7,19,100,,
RMF1,34,7,460,,
BPCL,14,8,10,,
MFIL,36,13,100,,
ALICL,17,57,250,,
ALICL,17,57,250,,
ALICL,16,57,20,,
ALICL,43,57,50,,
ALICL,50,57,200,,
ALICL,59,57,50,,
ALICL,53,57,100,,
GBIME,7,41,100,,
NGPL,41,33,200,,
PCBL,41,6,40,,
API,34,42,14,,
UNHPL,6,50,30,,
NABIL,43,6,50,,
JBLB,52,58,10,,
MLBL,59,55,45,,
MLBL,59,55,100,,
MLBL,16,55,232,,
MLBL,22,55,500,,
MLBL,14,55,200,,
UMHL,26,33,250,,
SANIMA,37,7,15,,
SHPC,44,42,20,,
HIDCL,45,56,100,,
MKJC,28,41,10,,
MFIL,53,8,50,,
MFIL,42,8,50,,
MFIL,53,8,100,,
JSLBB,33,58,10,,
CCBL,42,58,200,,
TPC,35,49,10,,
CZBIL,35,33,60,,
CZBIL,35,47,140,,
ICFC,13,50,600,,
AKPL,45,56,25,,
NBL,45,43,70,,
AKPL,20,56,73,,
SLI,49,34,10,,
LBBL,17,28,50,,
NTC,59,28,88,,
NTC,36,28,100,,
MEGA,32,47,150,,
NHPC,58,34,730,,
NHPC,19,34,270,,
AKJCL,50,56,603,,
AKJCL,57,56,27,,
AKJCL,38,56,100,,
AKJCL,28,56,475,,
AKJCL,38,56,375,,
AKJCL,41,56,80,,
AKJCL,7,56,220,,
AKJCL,36,56,600,,
AKJCL,57,56,20,,
UNHPL,35,58,20,,
PMHPL,11,55,100,,
BFC,20,43,10,,
MLBS,28,41,10,,
SGI,45,47,10,,
BOKL,32,33,300,,
NMB,19,42,50,,
NMB,19,28,162,,
DHPL,35,14,200,,
MHNL,52,58,20,,
NABIL,42,4,42,,
NABIL,34,4,10,,
NHPC,19,37,200,,
GILB,14,32,10,,
GILB,14,16,12,,
GILB,14,45,32,,
AKPL,35,56,159,,
AKPL,35,40,200,,
AKPL,35,58,68,,
AKPL,35,41,17,,
AKPL,35,58,56,,
UPPER,28,49,20,,
BFC,19,43,100,,
NIFRA,5,1,100,,
HIDCL,32,36,20,,
AKPL,43,40,69,,
AKPL,33,40,121,,
PPCL,38,50,146,,
GBLBS,34,39,26,,
NHPC,19,50,470,,
SICL,11,45,100,,
API,22,28,150,,
SPDL,6,35,12,,
PPCL,38,58,500,,
JBBL,38,33,100,,
NICSF,1,7,200,,
CBL,44,26,100,,
PCBL,1,6,20,,
BFC,45,43,20,,
NICA,26,38,300,,
JBBL,19,33,400,,
EBL,19,33,10,,
SCB,45,17,250,,
SCB,53,17,50,,
SCB,37,17,20,,
SCB,45,17,20,,
AKPL,33,44,200,,
NHPC,58,34,95,,
NHPC,45,34,300,,
NHPC,58,34,1000,,
NHPC,58,34,150,,
NHPC,34,34,255,,
NHPC,59,34,200,,
NICA,43,38,70,,
API,53,28,200,,
API,53,39,100,,
API,53,37,50,,
API,53,58,100,,
NRIC,16,41,50,,
MLBSL,32,35,25,,
MLBSL,32,46,10,,
MLBSL,32,3,40,,
NUBL,35,58,116,,
NUBL,35,35,84,,
ICFC,16,14,10,,
JLI,16,45,10,,
AKJCL,57,58,70,,
AKJCL,57,47,10,,
ADBL,11,42,150,,
SHINE,1,37,339,,
SHINE,1,38,26,,
SHINE,1,34,100,,
KRBL,36,58,100,,
UMHL,11,17,30,,
BOKL,53,33,150,,
SADBL,45,53,80,,
AKJCL,36,47,50,,
NBB,17,47,100,,
NBB,6,47,145,,
JBBL,22,33,50,,
SHINE,46,6,100,,
SHINE,8,6,200,,
SHINE,38,6,200,,
NIFRA,57,37,100,,
NIFRA,33,37,50,,
SADBL,42,53,10,,
MNBBL,59,49,10,,
IGI,59,42,80,,
SLI,14,49,10,,
HDHPC,28,58,10,,
NUBL,1,3,43,,
NUBL,57,3,100,,
HDHPC,57,42,150,,
NUBL,35,55,100,,
AKJCL,41,47,410,,
AKJCL,41,45,98,,
MLBS,28,43,10,,
CCBL,42,58,50,,
AKPL,33,22,50,,
AKPL,33,19,600,,
AKPL,33,1,29,,
JBBL,19,33,90,,
SPDL,6,22,75,,
MNBBL,5,49,500,,
MNBBL,57,49,60,,
MNBBL,47,49,10,,
MNBBL,14,49,20,,
MNBBL,8,49,150,,
MNBBL,49,49,250,,
FMDBL,14,58,13,,
EBL,19,33,30,,
IGI,40,42,400,,
DHPL,35,32,55,,
UMRH,49,34,90,,
UMRH,49,34,10,,
BFC,45,17,50,,
NMFBS,53,8,30,,
NMFBS,38,8,10,,
HIDCL,32,38,123,,
RMF1,1,7,140,,
HPPL,14,14,30,,
HPPL,57,14,10,,
HPPL,17,14,50,,
HPPL,14,14,10,,
CFCL,19,58,10,,
RADHI,17,58,200,,
RADHI,17,58,119,,
RADHI,34,58,10,,
KBLD86,45,46,25,,
RADHI,16,58,200,,
KBLD86,45,46,25,,
RADHI,26,58,20,,
RADHI,45,58,50,,
RADHI,8,58,12,,
RADHI,49,58,23,,
RADHI,53,58,30,,
RADHI,58,58,70,,
UNHPL,35,53,60,,
SFCL,20,45,200,,
MLBS,28,56,10,,
PFL,57,38,50,,
PIC,46,47,20,,
GBIME,32,42,13,,
ULI,47,49,10,,
PRVU,53,58,50,,
PRVU,53,45,400,,
PRVU,53,45,330,,
PRVU,53,57,125,,
BFC,57,45,20,,
BFC,53,45,100,,
BFC,34,45,30,,
NHPC,58,50,460,,
NHPC,59,50,70,,
JLI,26,3,15,,
JLI,26,58,10,,
PRVU,19,7,500,,
NIFRA,33,1,50,,
JFL,11,49,100,,
NUBL,34,35,16,,
EBL,13,33,10,,
GUFL,47,17,110,,
GUFL,45,17,40,,
GUFL,52,17,50,,
MHNL,28,8,50,,
JBBL,19,45,10,,
PCBL,1,35,150,,
HDHPC,38,42,50,,
GBIME,32,7,10,,
HDHPC,38,42,300,,
GBIME,32,36,11,,
NUBL,40,45,10,,
GHL,43,50,10,,
SWBBL,46,57,70,,
HDHPC,41,52,200,,
SWBBL,37,57,200,,
SWBBL,52,57,50,,
SWBBL,34,57,100,,
PCBL,1,38,180,,
RHPL,13,35,300,,
RHPL,13,45,30,,
CORBL,32,53,10,,
NABBC,41,45,25,,
NLIC,14,42,18,,
NLIC,57,42,55,,
RMDC,49,6,100,,
RMDC,53,6,100,,
LBBL,59,49,115,,
LBBL,59,14,15,,
LBBL,59,58,20,,
LBBL,59,7,435,,
LBBL,59,28,400,,
AKPL,53,1,100,,
AKPL,42,1,50,,
AKPL,38,1,21,,
MLBS,28,46,10,,
GBBL,17,40,50,,
PCBL,33,38,20,,
GLH,50,45,10,,
AKPL,38,57,100,,
UPCL,26,57,500,,
CBBL,45,32,10,,
GBBL,58,49,10,,
NLIC,57,34,200,,
NLIC,57,36,45,,
ULI,47,41,10,,
MLBSL,57,43,10,,
SIFC,7,58,478,,
SIFC,7,34,100,,
SIFC,7,46,222,,
NABIL,42,8,54,,
NABIL,42,16,10,,
ILBS,1,49,12,,
PPCL,38,58,20,,
SAHAS,40,57,10,,
SFCL,6,42,20,,
RHPL,13,34,170,,
RHPL,32,34,30,,
LBBL,58,53,40,,
LBBL,59,53,50,,
BFC,45,58,10,,
MBL,57,47,10,,
RADHI,58,47,230,,
JBBL,58,14,100,,
SAHAS,40,8,10,,
NRIC,50,41,50,,
NRIC,58,19,100,,
RHPL,32,49,70,,
BOKL,43,45,80,,
BOKL,32,45,120,,
NUBL,19,45,110,,
NUBL,19,59,90,,
NABIL,57,16,50,,
NRIC,50,41,50,,
AKJCL,36,47,30,,
EBL,13,33,10,,
UNHPL,35,45,305,,
HIDCL,53,45,20,,
UNHPL,58,45,80,,
UNHPL,38,45,50,,
HIDCL,38,45,40,,
UNHPL,6,45,15,,
ALICL,14,33,500,,
AKJCL,36,58,40,,
NRN,13,45,100,,
PCBL,57,45,50,,
PCBL,42,45,65,,
AKPL,38,1,290,,
PPCL,38,32,500,,
NUBL,52,59,10,,
UPPER,28,41,10,,
BPCL,14,56,10,,
GBIME,45,36,19,,
NMFBS,57,14,10,,
CHDC,45,45,10,,
CBBL,38,1,50,,
NABIL,34,8,50,,
AKPL,26,1,10,,
NHPC,58,34,200,,
MSLB,52,34,40,,
UNHPL,6,32,110,,
UNHPL,22,32,50,,
HURJA,39,45,200,,
NABIL,13,40,49,,
NABIL,38,40,10,,
NABIL,45,40,21,,
NABIL,47,40,10,,
SINDU,38,22,30,,
MNBBL,8,14,350,,
MNBBL,4,14,100,,
MNBBL,35,14,180,,
GBIME,45,49,281,,
NICLBSL,45,17,10,,
SHPC,8,42,10,,
GFCL,45,52,25,,
BARUN,56,45,50,,
PMHPL,43,43,50,,
MLBSL,57,47,10,,
API,45,28,410,,
API,45,14,500,,
NABIL,47,58,10,,
API,45,42,90,,
NICA,26,58,73,,
AKJCL,36,36,30,,
AHPC,33,3,100,,
NHPC,11,37,100,,
LBBL,59,28,100,,
SAHAS,47,8,10,,
JLI,16,4,10,,
AKPL,50,1,10,,
SLI,26,58,10,,
API,18,42,10,,
API,58,42,50,,
API,35,42,50,,
CFCL,45,58,50,,
MNBBL,35,55,70,,
MNBBL,52,55,430,,
MNBBL,45,55,100,,
MNBBL,57,55,250,,
MNBBL,45,55,50,,
MNBBL,1,55,100,,
UMHL,11,41,300,,
UMHL,38,41,200,,
NTC,19,11,100,,
PRVU,47,7,1500,,
CFCL,19,58,10,,
HGI,5,45,107,,
SAHAS,47,35,10,,
ULI,36,53,10,,
JLI,16,46,10,,
SABSL,22,33,62,,
CBBL,D01,32,365,,
CBBL,32,32,101,,
CBBL,42,32,30,,
CBBL,20,32,200,,
CBBL,20,32,100,,
CBBL,22,32,50,,
CBBL,16,32,50,,
CBBL,53,32,35,,
UPCL,42,58,300,,
SFCL,58,19,10,,
SHINE,28,37,161,,
SHINE,28,46,339,,
NRIC,50,46,20,,
NRIC,50,56,250,,
NRIC,50,45,50,,
NRIC,50,58,10,,
NRIC,50,49,10,,
NRIC,50,57,10,,
NHPC,34,37,100,,
KBL,20,32,23,,
RSDC,57,50,20,,
AHPC,3,6,100,,
SANIMA,46,42,10,,
PPCL,38,45,100,,
BOKL,43,33,100,,
SABSL,22,16,10,,
PROFL,13,49,20,,
PCBL,34,49,68,,
PCBL,34,47,32,,
NABIL,45,13,29,,
NABIL,7,13,19,,
NABIL,4,13,52,,
CORBL,32,38,40,,
PPCL,38,8,50,,
CCBL,1,49,79,,
NRIC,50,6,384,,
NRIC,49,6,50,,
NRIC,35,6,66,,
HIDCL,8,50,20,,
SHEL,34,45,100,,
JBLB,16,58,10,,
AKPL,38,45,89,,
SHINE,13,46,50,,
AKPL,5,45,500,,
AKPL,57,45,40,,
AKPL,57,45,300,,
AKPL,26,45,10,,
AKPL,38,45,61,,
NRIC,35,49,34,,
MLBL,16,20,768,,
MLBL,36,20,30,,
MLBL,16,20,500,,
MLBL,46,20,20,,
MLBL,38,20,200,,
MLBL,57,20,472,,
MLBL,45,20,100,,
MLBL,37,20,150,,
MLBL,58,20,100,,
MLBL,53,20,500,,
MLBL,58,20,100,,
MLBL,59,20,70,,
NHPC,47,33,100,,
NHPC,47,39,400,,
MLBS,28,4,10,,
NHPC,42,39,100,,
CHL,14,56,19,,
PROFL,14,59,100,,
MLBL,37,33,500,,
SHEL,13,28,45,,
EIC,18,37,200,,
SFCL,42,19,11,,
SHPC,8,6,50,,
SHPC,8,58,20,,
SHPC,8,58,20,,
SIFC,4,36,39,,
AIL,8,45,10,,
SLI,26,58,10,,
ULI,47,58,10,,
SPC,14,45,1,,
AKPL,38,55,17,,
HIDCL,42,34,55,,
SGI,45,20,10,,
SLI,22,36,10,,
SLI,22,45,10,,
BFC,5,58,40,,
BFC,5,45,30,,
PPCL,38,50,150,,
PPCL,38,4,80,,
ILBS,14,14,12,,
NICL,59,42,50,,
KBL,20,57,10,,
SLI,8,38,10,,
ULI,36,58,10,,
NGPL,47,33,100,,
RLI,16,4,10,,
NFS,34,34,160,,
NFS,34,37,200,,
ADBL,49,55,50,,
LBBL,6,17,50,,
LBBL,6,17,100,,
NRIC,49,49,100,,
BARUN,1,58,150,,
GFCL,14,52,175,,
GFCL,14,38,25,,
BOKL,58,33,200,,
UPCL,53,47,100,,
CHDC,45,56,30,,
GRDBL,45,45,10,,
API,45,28,213,,
API,45,52,62,,
GRDBL,32,45,70,,
SLI,58,7,10,,
SHPC,11,58,10,,
UMHL,39,33,100,,
AKJCL,28,57,150,,
UMHL,38,33,320,,
UMHL,38,33,180,,
NUBL,1,33,150,,
NUBL,33,33,200,,
MLBS,14,58,10,,
NRN,5,16,500,,
NRN,45,16,100,,
NRN,49,16,50,,
RHPL,13,43,150,,
RHPL,22,43,50,,
RHPL,53,43,130,,
CFCL,3,38,90,,
GBIME,38,49,50,,
NABIL,7,36,31,,
NABIL,34,36,125,,
NABIL,28,36,24,,
AHPC,46,36,352,,
UMHL,52,33,80,,
NRIC,39,49,189,,
NRIC,39,38,25,,
NRIC,39,35,10,,
NRIC,39,42,30,,
RMDC,26,45,206,,
RMDC,26,7,100,,
RMDC,26,43,20,,
RMDC,26,5,75,,
RMDC,26,39,89,,
RMDC,26,59,10,,
SHPC,38,28,47,,
PIC,46,47,110,,
FMDBL,22,58,100,,
NGPL,34,38,150,,
RLFL,34,17,20,,
RLFL,20,17,50,,
JBLB,5,45,30,,
UNHPL,6,42,75,,
UNHPL,5,42,500,,
NUBL,33,22,100,,
NUBL,43,22,20,,
ALICL,43,33,50,,
ALICL,59,33,50,,
ALICL,39,33,100,,
UMRH,49,34,90,,
UMRH,47,34,10,,
SHINE,13,14,50,,
SHINE,57,14,50,,
MLBS,28,42,10,,
AKPL,38,59,128,,
RLI,17,20,10,,
PLIC,36,50,10,,
MLBL,59,49,430,,
MLBL,36,49,300,,
MLBL,36,49,500,,
MLBL,13,49,500,,
MLBL,59,49,20,,
MLBL,57,49,250,,
GFCL,57,38,200,,
AKJCL,28,58,375,,
SSHL,57,53,13,,
SSHL,45,53,37,,
NUBL,38,3,62,,
NUBL,56,3,20,,
HDHPC,42,46,300,,
HDHPC,53,46,200,,
HDHPC,45,46,225,,
NLIC,1,33,27,,
PRVU,38,57,50,,
PRVU,38,45,10,,
NABIL,1,16,52,,
HDHPC,43,37,210,,
DDBL,34,38,20,,
GBIME,38,49,200,,
GBIME,45,49,19,,
SABSL,22,28,134,,
GBIME,11,53,150,,
NABIL,57,59,20,,
NABIL,57,59,80,,
CHL,35,56,100,,
NHDL,45,37,200,,
PROFL,13,28,80,,
PROFL,39,28,10,,
PROFL,34,28,100,,
PROFL,58,28,10,,
UPCL,39,45,100,,
JBLB,5,33,20,,
MLBL,57,36,250,,
MLBL,35,36,50,,
NABIL,57,16,20,,
NABIL,38,16,50,,
NABIL,34,16,70,,
GBIME,45,58,15,,
SCB,34,17,220,,
JBBL,32,34,200,,
JBBL,32,20,110,,
PLI,8,36,10,,
PRVU,42,45,30,,
CBL,50,16,14,,
NABBC,13,45,25,,
NHPC,17,33,50,,
PLI,8,20,10,,
NHPC,34,42,100,,
NHPC,45,42,100,,
BARUN,53,45,30,,
BARUN,53,58,401,,
AHPC,33,38,48,,
AHPC,6,38,814,,
AHPC,28,38,138,,
PMHPL,38,58,35,,
NFS,45,8,10,,
CBBL,53,47,30,,
CBBL,32,47,10,,
CBBL,57,47,30,,
AKPL,50,56,30,,
MLBL,59,28,492,,
JBLB,5,40,20,,
SPDL,39,7,400,,
GBIME,45,32,56,,
NUBL,43,35,50,,
NABIL,47,50,20,,
UPPER,28,49,33,,
UPPER,59,49,17,,
SAHAS,45,11,10,,
PRVU,47,45,60,,
RLFL,20,39,300,,
LBBL,4,53,50,,
HIDCL,8,38,17,,
CHDC,3,49,45,,
BFC,53,33,50,,
SSHL,45,50,163,,
SSHL,46,50,67,,
SSHL,8,50,20,,
RLFL,5,46,50,,
SBL,22,32,50,,
HDHPC,43,34,180,,
HDHPC,43,49,100,,
HDHPC,43,52,10,,
NUBL,43,39,20,,
NHPC,58,17,340,,
NHPC,45,17,1000,,
NHPC,45,17,250,,
NHPC,58,17,10,,
NHPC,32,17,900,,
PRVU,47,49,40,,
GBIME,45,58,10,,
JBBL,59,20,90,,
JBBL,59,45,10,,
NUBL,43,46,60,,
CFCL,14,38,150,,
KBL,46,57,390,,
KBL,46,45,110,,
IGI,58,42,10,,
SADBL,45,28,100,,
TRH,17,43,50,,
NABIL,52,16,10,,
CFCL,14,45,150,,
RLFL,20,36,150,,
CCBL,52,36,50,,
RLFL,34,36,50,,
NIFRA,5,20,50,,
KBL,42,49,40,,
SAHAS,43,49,10,,
JBBL,1,58,20,,
MLBL,47,45,62,,
MLBL,47,38,188,,
NABIL,34,50,30,,
NABIL,14,50,50,,
HIDCL,46,14,240,,
HIDCL,8,14,100,,
HIDCL,49,14,60,,
SPDL,45,49,37,,
NUBL,34,46,100,,
SHEL,5,28,50,,
HDHPC,45,28,155,,
JLI,52,35,100,,
EIC,39,45,100,,
NUBL,14,46,20,,
AKPL,38,36,164,,
AKPL,26,36,34,,
BOKL,35,57,250,,
AHPC,28,50,50,,
SLI,58,57,10,,
SLI,58,36,30,,
JBBL,34,35,50,,
UMHL,1,33,100,,
NTC,59,8,400,,
HIDCL,49,34,40,,
SLI,26,57,10,,
SAHAS,8,58,10,,
ICFC,35,17,60,,
ICFC,35,58,90,,
AHPC,14,56,200,,
RADHI,49,14,27,,
RADHI,47,14,73,,
CFCL,14,38,100,,
AKPL,26,7,100,,
NRN,49,57,50,,
NRN,45,57,150,,
UPPER,59,49,50,,
TPC,58,43,10,,
FMDBL,6,58,10,,
AKPL,26,14,100,,
AKPL,26,38,50,,
AKPL,26,58,15,,
AKPL,26,35,324,,
AKPL,26,3,377,,
SLI,42,50,10,,
SLI,42,26,10,,
SLI,42,35,10,,
SLI,42,49,10,,
BOKL,35,42,75,,
MEGA,32,26,100,,
HGI,34,45,64,,
RMF1,1,26,160,,
RMF1,58,26,200,,
NHPC,58,57,980,,
NHPC,58,17,20,,
NHPC,58,17,100,,
NHPC,58,46,900,,
GFCL,28,38,35,,
PPCL,14,4,20,,
PPCL,14,45,30,,
GLH,53,7,10,,
NICLBSL,22,20,10,,
AHPC,28,57,500,,
NUBL,57,46,300,,
NIFRA,32,34,300,,
NIFRA,58,34,110,,
TPC,57,4,300,,
MLBS,28,13,10,,
MLBS,28,49,10,,
MLBS,28,34,10,,
SADBL,45,34,180,,
SBL,47,57,50,,
NABIL,42,16,18,,
BOKL,7,33,50,,
UPPER,59,32,30,,
NRIC,16,26,26,,
NRIC,16,57,24,,
PRIN,52,8,100,,
PRIN,37,8,10,,
PLI,8,53,10,,
DDBL,32,6,100,,
BARUN,58,58,15,,
SAHAS,8,8,10,,
HIDCL,45,34,70,,
LBBL,42,20,50,,
LBBL,52,20,20,,
LBBL,53,20,200,,
LBBL,32,20,490,,
LBBL,34,20,200,,
LBBL,57,20,40,,
JFL,32,49,80,,
CHDC,3,46,10,,
RHPL,50,43,990,,
RHPL,53,43,10,,
NABIL,38,16,50,,
ADBL,49,38,150,,
JFL,38,38,100,,
ADBL,38,38,50,,
NBL,17,58,24,,
GFCL,22,38,25,,
SABSL,14,6,10,,
DDBL,17,38,10,,
DDBL,58,38,10,,
AKPL,17,3,200,,
NLIC,1,22,73,,
SAHAS,8,58,10,,
GBBL,42,36,11,,
NRIC,26,6,100,,
NUBL,40,46,30,,
IGI,8,42,10,,
SHEL,14,50,100,,
NUBL,45,46,100,,
NUBL,34,46,50,,
UPPER,59,45,100,,
HIDCL,16,34,75,,
CZBIL,58,47,10,,
PCBL,58,49,12,,
API,35,57,100,,
KBL,47,45,90,,
KKHC,5,26,20,,
SAPDBL,32,58,76,,
SAPDBL,14,58,24,,
NUBL,5,16,100,,
MLBL,58,38,62,,
HIDCL,46,38,106,,
HIDCL,28,38,15,,
HIDCL,47,38,79,,
NBL,17,26,122,,
NBL,13,26,70,,
USLB,34,49,10,,
AKPL,38,14,100,,
SAHAS,8,33,10,,
SAHAS,8,53,10,,
SAHAS,8,36,10,,
SAHAS,8,35,10,,
CCBL,28,36,1000,,
CCBL,17,36,300,,
NHPC,45,52,250,,
NRIC,50,57,130,,
NRIC,50,38,70,,
LEC,45,20,10,,
SKBBL,57,37,400,,
SKBBL,57,37,50,,
HIDCL,47,13,21,,
NBL,13,35,50,,
HIDCL,17,13,50,,
BOKL,35,34,410,,
BOKL,38,34,100,,
BOKL,34,34,490,,
PLI,8,47,10,,
MLBL,58,49,380,,
RADHI,47,13,27,,
RADHI,28,13,23,,
BOKL,34,49,710,,
FMDBL,6,52,50,,
NRIC,26,49,10,,
MLBL,58,34,50,,
AHPC,28,45,200,,
AHPC,28,28,112,,
HDHPC,45,47,120,,
HDHPC,58,47,35,,
SINDU,45,42,50,,
GIMES1,33,7,10000,,
GLH,53,49,10,,
JFL,8,49,20,,
NUBL,52,16,41,,
GBLBS,34,35,100,,
GFCL,58,38,20,,
GFCL,58,38,20,,
NHPC,59,32,130,,
HIDCL,42,34,60,,
HIDCL,42,16,40,,
ICFC,16,17,115,,
ICFC,50,17,160,,
ICFC,6,17,100,,
ICFC,38,17,175,,
BOKL,36,49,30,,
MBL,39,39,200,,
API,39,57,350,,
SSHL,6,33,180,,
SSHL,38,33,100,,
SSHL,46,33,420,,
NCCB,28,8,400,,
GFCL,57,38,100,,
API,58,57,10,,
SIFC,35,58,200,,
GIC,39,4,10,,
NHPC,59,59,100,,
AHPC,32,28,100,,
NRIC,39,38,30,,
NRIC,39,49,70,,
NGPL,14,34,200,,
NGPL,14,8,40,,
SHPC,43,38,70,,
SHPC,58,38,20,,
SHPC,57,38,10,,
AKPL,50,3,10,,
CHCL,20,57,10,,
KEF,42,58,500,,
NUBL,58,59,33,,
NABIL,47,16,30,,
NABIL,38,16,20,,
NABIL,58,16,30,,
NABIL,35,16,50,,
GFCL,49,38,20,,
NLIC,58,22,30,,
NLIC,14,22,50,,
NLIC,42,22,25,,
NLIC,7,22,25,,
NLIC,49,22,37,,
NLIC,50,22,20,,
NLIC,58,22,40,,
NTC,47,11,100,,
NUBL,58,59,30,,
NUBL,58,32,50,,
AHPC,22,28,50,,
ULI,47,4,10,,
NLIC,7,36,10,,
NUBL,57,59,300,,
SPDL,45,36,100,,
SINDU,45,49,200,,
HDHPC,17,52,40,,
HDHPC,17,17,10,,
NUBL,52,6,100,,
HIDCL,33,16,10,,
NIFRA,8,59,60,,
SAHAS,43,49,10,,
HIDCL,49,16,50,,
API,58,37,90,,
API,58,14,350,,
API,58,8,50,,
API,58,36,500,,
BOKL,43,49,260,,
NIFRA,58,47,53,,
BOKL,43,49,240,,
NABBC,57,8,10,,
NABBC,7,8,100,,
NABBC,58,8,95,,
NABBC,58,8,20,,
KBL,4,8,90,,
NABIL,45,16,50,,
NLIC,49,22,63,,
NABIL,39,16,10,,
CFCL,14,56,100,,
SPDL,45,34,100,,
RLFL,34,39,200,,
RLFL,45,39,300,,
NMB,49,28,10,,
GFCL,20,38,500,,
NIFRA,58,49,50,,
SAHAS,43,34,10,,
JLI,34,20,10,,
RADHI,57,49,40,,
SAHAS,58,58,10,,
GRDBL,32,4,30,,
GRDBL,17,4,100,,
AKPL,38,45,30,,
NGPL,52,8,500,,
NGPL,14,8,260,,
NABIL,57,6,10,,
NABIL,50,6,60,,
GLICL,13,34,300,,
LBBL,34,53,200,,
FMDBL,38,58,10,,
FMDBL,45,58,17,,
GBBL,39,58,20,,
AHPC,33,28,38,,
OHL,49,34,100,,
RADHI,34,36,100,,
NRIC,32,49,270,,
NRIC,32,53,230,,
UPPER,59,32,248,,
GFCL,35,38,15,,
NICA,45,45,50,,
NICA,45,45,100,,
AKPL,38,58,10,,
UMHL,13,33,640,,
UMHL,13,38,360,,
MLBS,47,34,10,,
AKPL,50,3,13,,
AKPL,50,45,17,,
BFC,42,50,45,,
SMB,45,42,38,,
SMB,36,42,20,,
NUBL,1,59,12,,
NBB,6,43,800,,
UPPER,59,49,55,,
NUBL,52,47,59,,
NUBL,16,47,41,,
CIT,57,17,45,,
NIFRA,58,11,50,,
CBBL,32,38,40,,
SLI,14,7,10,,
RHPL,56,43,50,,
GFCL,35,38,50,,
SADBL,45,38,240,,
CGH,20,58,10,,
CHCL,45,7,100,,
MLBS,49,38,10,,
CFCL,33,3,10,,
NHPC,59,45,100,,
LBBL,35,7,65,,
LBBL,35,7,130,,
LBBL,35,34,10,,
LBBL,35,58,20,,
LBBL,35,33,255,,
LBBL,35,22,20,,
UPPER,59,39,500,,
GBIME,39,53,113,,
GBIME,39,6,106,,
SADBL,45,33,700,,
SADBL,35,33,100,,
SADBL,43,33,200,,
NGPL,14,6,40,,
NHPC,39,45,200,,
NHPC,34,17,345,,
SADBL,57,46,15,,
NHPC,17,17,155,,
BARUN,1,58,10,,
GBBL,7,58,15,,
LBBL,32,58,10,,
LBBL,57,58,40,,
NUBL,16,39,12,,
NUBL,42,39,18,,
NUBL,42,39,20,,
NUBL,8,39,50,,
GBIME,22,6,30,,
SAHAS,28,57,10,,
SAHAS,28,6,10,,
SAHAS,28,42,10,,
SAHAS,28,16,10,,
SAHAS,28,6,10,,
SAHAS,28,49,10,,
SAHAS,28,58,10,,
SAHAS,28,35,10,,
SAHAS,28,49,10,,
SAHAS,28,49,10,,
MLBS,49,34,10,,
JBBL,32,33,255,,
JBBL,38,33,10,,
NLIC,16,58,40,,
NLIC,50,53,17,,
NLIC,58,53,43,,
BOKL,14,49,50,,
BOKL,59,49,100,,
BOKL,45,49,10,,
BOKL,43,49,50,,
JLI,8,58,10,,
PLI,8,45,10,,
NRIC,36,52,10,,
NRIC,36,20,40,,
NRIC,36,4,10,,
NRIC,36,7,100,,
NRIC,36,35,47,,
NIFRA,58,49,25,,
HIDCL,17,45,300,,
HIDCL,38,45,100,,
HIDCL,43,45,50,,
HIDCL,57,45,10,,
HIDCL,57,45,100,,
HIDCL,34,45,250,,
HIDCL,57,45,290,,
HIDCL,34,45,145,,
HIDCL,16,45,40,,
HIDCL,7,45,540,,
HIDCL,7,45,10,,
HIDCL,18,45,340,,
HIDCL,43,45,50,,
HIDCL,58,45,500,,
HIDCL,49,45,140,,
HIDCL,4,45,1000,,
HIDCL,42,45,200,,
HIDCL,7,45,10,,
HIDCL,32,45,200,,
NUBL,45,59,125,,
ULI,57,35,10,,
NUBL,45,16,75,,
SFCL,38,58,100,,
HIDCL,28,45,85,,
HIDCL,4,45,300,,
HIDCL,7,45,10,,
HIDCL,45,45,30,,
HIDCL,32,45,100,,
CIT,43,17,20,,
NIFRA,58,13,100,,
NIFRA,58,57,100,,
NIFRA,58,14,12,,
NIFRA,42,14,25,,
NIFRA,36,14,50,,
GLICL,52,34,100,,
MLBS,28,57,10,,
AKPL,38,6,490,,
TPC,38,43,90,,
TPC,38,58,10,,
CBL,50,42,411,,
CBL,50,57,20,,
NICA,49,46,500,,
NICA,57,46,50,,
NICA,58,46,100,,
ICFC,52,17,20,,
NRIC,6,35,53,,
NRIC,6,38,50,,
NRIC,6,35,30,,
NRIC,6,42,67,,
HIDCL,32,42,100,,
HIDCL,32,42,100,,
RHPL,45,43,100,,
RHPL,26,43,100,,
RHPL,26,43,420,,
RADHI,57,16,75,,
RADHI,20,16,25,,
BFC,42,14,100,,
MMF1,50,8,100,,
JFL,8,37,80,,
AKJCL,14,38,100,,
SINDU,39,42,300,,
PLIC,42,47,40,,
NUBL,43,16,10,,
NUBL,53,16,60,,
NUBL,45,16,30,,
NUBL,42,16,20,,
NUBL,52,16,100,,
NUBL,50,16,10,,
NUBL,32,16,124,,
NUBL,42,16,26,,
NUBL,22,16,25,,
NUBL,16,16,20,,
AKJCL,53,36,50,,
AKJCL,14,45,190,,
JLI,16,56,10,,
JLI,16,49,10,,
HIDCL,52,56,20,,
SIFC,35,34,200,,
CHDC,13,35,10,,
AKPL,50,6,10,,
LBBL,57,52,300,,
LBBL,57,34,10,,
LBBL,57,45,20,,
LBBL,57,4,10,,
AKJCL,38,45,100,,
HDHPC,52,17,40,,
HDHPC,52,36,10,,
GBBL,42,33,39,,
GBBL,18,33,300,,
GBBL,46,33,161,,
PMHPL,22,47,100,,
API,22,14,50,,
API,35,14,10,,
API,5,14,90,,
UMHL,13,45,526,,
CHDC,13,18,10,,
GBIME,49,53,45,,
LBBL,57,28,360,,
LBBL,59,28,100,,
LBBL,59,28,40,,
MHNL,5,47,500,,
GBIME,22,47,70,,
AHPC,49,28,10,,
MEGA,32,58,10,,
HDHPC,38,56,400,,
MLBS,28,38,10,,
NRIC,50,56,44,,
DDBL,58,6,50,,
GLH,57,58,10,,
SHPC,57,16,40,,
DDBL,50,6,50,,
SSHL,46,45,80,,
ULI,47,32,10,,
ULI,47,50,120,,
API,5,39,150,,
HDHPC,8,36,10,,
LBBL,57,4,40,,
NUBL,49,49,50,,
NABIL,50,49,50,,
TPC,20,49,10,,
SLI,14,42,10,,
UPCL,58,58,400,,
GBBL,39,58,20,,
SABSL,22,56,32,,
KBL,42,8,10,,
KBL,42,34,200,,
KBL,42,45,190,,
NLIC,58,45,25,,
AKPL,57,58,11,,
CHL,26,49,194,,
SLI,59,45,10,,
SAHAS,43,16,10,,
NHPC,17,42,200,,
JBBL,22,36,50,,
SHPC,45,13,100,,
UMHL,43,45,474,,
UMHL,43,49,26,,
SBL,52,39,300,,
SBL,45,39,200,,
AKJCL,38,45,10,,
SPDL,45,28,10,,
NRIC,45,47,42,,
BFC,45,14,100,,
NRIC,34,56,31,,
NUBL,42,3,100,,
AKPL,57,38,17,,
AKPL,57,36,50,,
AKPL,57,47,102,,
AKPL,57,58,280,,
JBBL,22,52,150,,
SINDU,39,58,50,,
UNHPL,52,58,10,,
NICL,56,17,10,,
API,5,46,260,,
UPPER,47,49,52,,
SPDL,45,38,10,,
MLBS,28,4,10,,
GBIME,42,53,15,,
MEGA,32,14,200,,
BOKL,50,34,920,,
SINDU,39,58,150,,
BOKL,57,34,500,,
RADHI,57,33,36,,
MPFL,45,38,500,,
NUBL,42,3,10,,
NUBL,42,50,40,,
SANIMA,57,42,50,,
NBB,6,13,55,,
NBB,11,13,200,,
NBB,39,13,200,,
NBB,16,13,50,,
NBB,38,13,100,,
NBB,28,13,395,,
MLBL,36,45,463,,
MLBL,36,43,400,,
EBL,7,14,219,,
SAHAS,39,52,10,,
PRVU,57,57,100,,
CORBL,32,38,10,,
UMHL,6,8,24,,
UMHL,42,8,76,,
USLB,47,17,10,,
HDHPC,34,36,30,,
MLBL,13,43,500,,
SPDL,45,53,50,,
SPDL,45,13,52,,
JFL,32,37,400,,
JFL,58,37,20,,
GIMES1,42,7,20000,,
NRN,38,16,100,,
NRN,7,16,100,,
NRN,4,16,400,,
NRN,47,16,20,,
CCBL,52,47,50,,
BOKL,42,33,100,,
AKPL,52,58,20,,
SPDL,36,13,100,,
JLI,42,58,10,,
PCBL,58,35,13,,
NICA,34,58,50,,
RADHI,57,8,12,,
RADHI,57,32,11,,
SHL,49,56,100,,
NUBL,35,50,100,,
MEGA,32,14,231,,
MEGA,32,45,69,,
SHPC,45,45,100,,
NRIC,59,46,128,,
UMHL,42,28,14,,
GBIME,57,34,471,,
GBIME,57,52,117,,
GBIME,57,38,150,,
GBIME,57,50,200,,
GBIME,57,45,62,,
BOKL,53,33,470,,
JOSHI,35,49,75,,
NHPC,17,58,95,,
GBIME,39,45,38,,
GBIME,39,46,62,,
RADHI,17,32,381,,
EBL,49,33,10,,
NIFRA,42,50,50,,
DDBL,16,38,10,,
NMB,42,28,12,,
NMB,57,28,500,,
NMB,59,28,484,,
NMB,8,28,99,,
NMB,14,28,105,,
KBL,32,45,300,,
NBL,17,58,18,,
UMHL,42,58,10,,
NBL,43,58,50,,
PPCL,38,34,10,,
API,49,20,15,,
SADBL,11,28,200,,
TRH,58,17,33,,
NUBL,50,3,30,,
SLI,52,8,10,,
MKJC,28,42,10,,
MKJC,28,42,10,,
NIFRA,42,58,50,,
GBIME,38,46,100,,
JBBL,22,13,500,,
MLBS,45,35,10,,
MLBS,45,58,10,,
MLBS,45,56,10,,
MLBS,45,57,10,,
MLBS,45,49,10,,
ICFC,45,17,50,,
HIDCL,33,57,128,,
HIDCL,33,46,124,,
HIDCL,33,28,80,,
HIDCL,33,28,100,,
BOKL,53,7,30,,
RLI,16,58,10,,
IGI,22,42,24,,
SHPC,8,7,200,,
SHPC,14,7,100,,
VLBS,50,46,50,,
SAHAS,40,49,10,,
SFCL,34,14,20,,
NUBL,57,3,100,,
API,7,46,240,,
API,7,45,250,,
API,7,17,10,,
JLI,33,35,20,,
SADBL,47,53,100,,
NLG,14,45,16,,
MFIL,34,32,40,,
SAHAS,40,58,10,,
GLH,57,47,10,,
UMHL,42,56,50,,
API,53,28,401,,
API,36,28,1000,,
API,56,28,1883,,
API,45,28,280,,
API,39,28,100,,
API,35,28,50,,
API,59,28,100,,
API,43,28,100,,
API,43,28,143,,
API,18,28,10,,
API,39,28,200,,
API,45,28,500,,
API,17,28,50,,
API,22,28,139,,
API,49,28,44,,
NUBL,58,35,118,,
NUBL,45,35,100,,
NUBL,43,35,429,,
GBIME,42,46,40,,
NUBL,32,35,50,,
GBIME,49,46,25,,
NUBL,45,35,200,,
GBIME,39,46,377,,
NUBL,8,35,12,,
NUBL,38,35,20,,
NUBL,57,35,71,,
SBL,52,36,90,,
UPCL,34,35,50,,
UPCL,14,35,50,,
ULI,47,50,80,,
ULI,47,46,10,,
ULI,47,45,10,,
BOKL,34,7,1470,,
MFIL,34,3,50,,
BOKL,34,57,30,,
AHPC,33,58,42,,
MFIL,34,8,10,,
SHPC,14,38,100,,
HDL,22,49,10,,
API,49,42,56,,
NHPC,52,58,400,,
NHPC,52,38,100,,
NHPC,52,6,500,,
NTC,59,14,100,,
AHPC,33,38,20,,
SPDL,34,13,10,,
SPDL,50,13,38,,
SLI,58,38,10,,
IGI,47,52,79,,
IGI,22,52,63,,
NABIL,50,45,100,,
NABIL,50,42,278,,
NICA,28,49,47,,
UPPER,14,57,106,,
UPPER,14,45,50,,
UPPER,14,58,30,,
UPPER,14,7,114,,
UPPER,14,34,100,,
UPPER,14,32,100,,
MLBS,39,58,10,,
GFCL,58,17,80,,
JFL,32,56,100,,
SHINE,49,43,500,,
JLI,33,53,10,,
NLIC,45,58,150,,
NIFRA,36,58,50,,
NIFRA,16,58,90,,
SAHAS,40,4,10,,
NTC,59,38,60,,
NICA,56,49,200,,
JBBL,53,38,1000,,
JBBL,53,33,80,,
AKPL,33,35,136,,
MLBS,47,45,10,,
MLBS,28,45,30,,
NBL,49,58,132,,
NBL,49,49,68,,
MERO,49,34,50,,
MERO,16,34,10,,
ICFC,38,40,25,,
CBL,35,6,315,,
JBBL,16,35,1000,,
HIDCL,58,57,1,,
NBL,32,49,50,,
HIDCL,52,57,100,,
NBL,7,49,20,,
SHPC,58,45,33,,
LBBL,59,57,933,,
SINDU,45,49,105,,
SINDU,4,49,10,,
SHPC,49,45,230,,
CIT,6,17,30,,
CIT,14,17,50,,
CIT,40,17,60,,
CIT,28,17,50,,
CIT,59,17,100,,
CIT,36,17,100,,
CIT,40,17,50,,
CIT,34,17,50,,
CIT,28,17,50,,
CIT,42,17,20,,
CIT,28,17,50,,
CIT,13,17,25,,
PLI,8,4,10,,
API,22,36,50,,
HIDCL,7,28,100,,
SANIMA,34,26,10,,
NRIC,26,46,122,,
CFCL,32,32,100,,
CHDC,17,46,10,,
UMHL,38,56,100,,
GFCL,45,38,90,,
GIC,39,38,90,,
BFC,17,53,15,,
NUBL,47,3,100,,
HDHPC,3,38,20,,
NUBL,3,3,25,,
NTC,59,42,100,,
NBL,7,42,210,,
AKJCL,38,57,625,,
BFC,57,45,150,,
GBIME,39,42,46,,
AKPL,33,11,1040,,
AKPL,33,26,50,,
AKPL,33,7,18,,
AKPL,33,42,11,,
AKPL,33,13,500,,
AKPL,33,28,15,,
AKPL,33,49,107,,
AKPL,26,49,11,,
NRN,47,34,10,,
NUBL,43,3,10,,
LBBL,57,57,17,,
LBBL,57,4,23,,
UMHL,58,35,70,,
RADHI,17,32,25,,
API,22,43,11,,
GBBL,6,58,59,,
GBBL,6,28,300,,
GBBL,6,7,141,,
MLBS,28,58,10,,
API,53,42,44,,
API,53,36,56,,
UIC,45,49,100,,
MLBS,28,42,10,,
SLI,58,8,10,,
KBL,4,50,10,,
JLI,33,49,10,,
AKPL,16,49,16,,
NHPC,53,26,65,,
NHPC,53,50,335,,
GBBL,57,7,20,,
CBL,50,16,55,,
CBL,58,16,35,,
GFCL,8,17,20,,
EBL,13,33,100,,
NRIC,17,46,250,,
PPCL,58,34,10,,
HDHPC,28,59,25,,
BOKL,34,57,470,,
NHPC,28,47,200,,
BOKL,34,28,30,,
HDL,38,52,10,,
HDL,45,52,10,,
API,52,36,30,,
AKJCL,45,42,155,,
AKJCL,38,42,130,,
AKJCL,26,42,310,,
AKJCL,36,42,405,,
SPDL,50,35,12,,
SPDL,50,58,450,,
NUBL,45,3,10,,
UPPER,47,40,100,,
AKPL,16,11,40,,
AKPL,58,11,10,,
SAHAS,40,58,10,,
AKJCL,36,37,595,,
AKJCL,6,37,200,,
AKJCL,6,37,50,,
AKJCL,36,37,155,,
PRVU,26,57,500,,
NTC,59,32,1595,,
NBB,28,8,105,,
NFS,32,47,10,,
NFS,34,47,20,,
NFS,34,47,80,,
RLFL,22,36,200,,
CCBL,7,57,50,,
NLIC,58,33,68,,
SHINE,53,36,50,,
MLBS,28,49,10,,
SAHAS,40,45,10,,
NICLBSL,45,45,39,,
NHPC,28,52,550,,
JBLB,49,58,50,,
JBLB,17,58,70,,
JBLB,58,42,10,,
HIDCL,58,58,180,,
MFIL,36,8,10,,
MFIL,34,8,100,,
MFIL,14,8,10,,
MFIL,34,8,70,,
MFIL,42,8,300,,
JBLB,17,32,10,,
HIDCL,58,22,200,,
NBL,47,58,100,,
NHPC,6,50,1000,,
AKPL,16,36,58,,
AHPC,16,36,50,,
GBIME,32,50,600,,
RADHI,17,3,200,,
DDBL,20,45,11,,
RHPL,26,45,80,,
NIFRA,16,58,10,,
HIDCL,58,47,29,,
HIDCL,14,47,21,,
NUBL,47,49,300,,
AKPL,16,42,32,,
NABIL,57,6,30,,
GIMES1,45,7,4000,,
HIDCL,14,42,79,,
JBBL,4,47,20,,
RADHI,17,49,10,,
FMDBL,45,58,20,,
PCBL,47,35,37,,
NABIL,57,42,100,,
SABSL,22,13,50,,
UPPER,59,49,40,,
AKPL,16,40,50,,
NRIC,28,42,233,,
NRIC,28,57,122,,
GBIME,33,50,50,,
NRIC,59,57,100,,
NHPC,32,50,500,,
SAHAS,39,36,10,,
NABIL,57,57,30,,
NUBL,57,13,50,,
GLICL,52,35,40,,
GLICL,52,45,100,,
HIDCL,58,34,90,,
HIDCL,47,34,10,,
PLI,49,8,10,,
SAHAS,13,4,10,,
SAHAS,58,4,2000,,
SAHAS,16,4,20,,
SAHAS,39,4,80,,
GBBL,38,7,70,,
AKJCL,57,57,270,,
NABIL,4,42,10,,
SFCL,28,59,100,,
NUBL,45,49,50,,
NRIC,59,57,100,,
UPPER,59,43,48,,
JBLB,17,16,10,,
SHPC,53,52,65,,
SHPC,26,52,100,,
SHPC,26,52,100,,
SHPC,57,52,75,,
SHPC,33,52,100,,
SHPC,58,52,60,,
NIFRA,42,58,20,,
JBLB,17,34,10,,
NIFRA,49,58,20,,
NMB,59,20,476,,
NMB,32,20,50,,
UPCL,32,52,100,,
NGPL,36,56,50,,
NGPL,42,56,50,,
HDHPC,49,50,100,,
HDHPC,49,34,150,,
HDHPC,49,46,250,,
MERO,38,49,100,,
UPCL,28,47,445,,
UPCL,45,47,300,,
JBLB,46,4,10,,
NICA,49,58,50,,
MLBS,28,49,10,,
PMHPL,20,49,10,,
SHINE,53,57,49,,
AKJCL,32,57,105,,
AKJCL,32,34,95,,
JBBL,45,47,100,,
UMHL,38,35,80,,
UMHL,38,39,120,,
EIC,39,37,20,,
CBL,50,6,175,,
CBL,50,50,140,,
CBL,50,53,185,,
JFL,32,57,100,,
JFL,8,57,100,,
TPC,20,52,10,,
NRN,49,34,100,,
SPDL,38,58,100,,
AKPL,16,22,100,,
NBL,7,26,70,,
NBL,59,26,100,,
NBL,6,26,100,,
NBL,D01,26,500,,
NBL,42,26,130,,
NBL,52,26,100,,
AKPL,26,57,500,,
MLBS,28,58,10,,
RLFL,34,46,10,,
NHPC,28,47,200,,
GBBL,5,7,50,,
NRIC,14,57,100,,
PRVU,47,49,100,,
NABIL,22,42,50,,
MSLB,52,36,10,,
CZBIL,49,39,200,,
CZBIL,43,39,50,,
CHDC,17,5,10,,
NRIC,35,57,78,,
AKJCL,42,34,95,,
AKJCL,42,50,155,,
GBBL,42,45,10,,
GBBL,6,45,90,,
PFL,37,45,45,,
PFL,49,45,10,,
PFL,52,45,10,,
JBBL,59,47,50,,
PRVU,47,58,500,,
HDHPC,28,53,40,,
BFC,14,43,270,,
HDHPC,52,53,10,,
UPPER,59,7,200,,
NIFRA,42,8,60,,
EBL,49,33,39,,
EBL,43,33,100,,
MLBL,59,45,137,,
MLBL,59,38,10,,
MLBL,59,34,100,,
MLBL,59,32,1000,,
MLBL,59,16,1753,,
SAHAS,39,52,10,,
NIL,52,42,10,,
SFCL,34,14,72,,
SFCL,34,58,28,,
SWBBL,32,45,10,,
SWBBL,14,45,20,,
MLBS,47,35,10,,
NUBL,57,53,50,,
API,56,36,64,,
API,56,56,100,,
API,56,59,1005,,
API,56,46,400,,
API,56,49,10,,
API,56,47,421,,
RLFL,59,36,300,,
RLFL,17,36,500,,
RLFL,37,36,500,,
RLFL,49,36,100,,
MLBS,47,32,10,,
PMHPL,18,58,10,,
UMHL,26,39,30,,
NICA,26,45,210,,
MHNL,26,56,50,,
NICA,57,45,90,,
UPCL,3,52,100,,
GBIME,42,50,10,,
MEGA,32,58,25,,
NHPC,38,34,75,,
NHPC,20,34,25,,
SPDL,14,28,100,,
MLBS,28,16,20,,
PFL,8,38,20,,
SAHAS,39,40,10,,
API,58,47,352,,
API,58,59,52,,
API,58,50,55,,
API,58,39,241,,
UPPER,59,28,235,,
UPPER,59,22,400,,
NUBL,38,49,50,,
RADHI,17,32,164,,
MLBS,47,4,10,,
AKPL,16,3,100,,
NUBL,57,3,129,,
API,43,39,300,,
API,32,39,10,,
SFCL,42,58,270,,
RADHI,17,58,101,,
SFCL,47,58,30,,
NBL,52,59,50,,
API,38,39,10,,
NABIL,39,17,10,,
JBBL,16,47,380,,
NABIL,53,17,30,,
NABIL,38,17,30,,
NABIL,6,17,75,,
MKJC,28,42,10,,
MEGA,38,45,15,,
NUBL,57,3,100,,
AKJCL,26,58,50,,
HDHPC,58,14,250,,
NGPL,36,58,95,,
SAHAS,39,49,10,,
NLIC,45,33,250,,
GBIME,38,50,40,,
NUBL,58,3,271,,
NUBL,58,7,29,,
SLI,52,13,10,,
NBB,45,3,140,,
NBB,45,42,260,,
JBBL,16,42,110,,
JBBL,16,17,10,,
PRVU,16,52,26,,
PRVU,58,52,14,,
NHPC,47,50,100,,
HIDCL,47,16,20,,
BOKL,32,45,500,,
NHPC,49,50,65,,
HPPL,26,58,10,,
AHPC,49,36,150,,
LBBL,39,58,250,,
NUBL,47,7,21,,
NUBL,47,49,279,,
GUFL,36,49,295,,
GUFL,52,49,200,,
JBBL,6,17,90,,
JBBL,6,20,110,,
JFL,32,45,30,,
JFL,32,8,200,,
HIDCL,42,58,300,,
AKPL,39,46,20,,
NLIC,50,33,20,,
NGPL,5,45,300,,
MFIL,34,6,30,,
MFIL,13,6,20,,
MFIL,53,6,50,,
MFIL,17,6,100,,
UPPER,14,22,100,,
NTC,35,58,25,,
MLBL,42,16,100,,
API,18,34,124,,
SAHAS,39,7,10,,
SHINE,58,46,200,,
UPPER,26,26,100,,
NRIC,35,49,50,,
GLH,59,36,10,,
API,38,34,10,,
SHPC,11,7,100,,
GBIME,32,50,100,,
NUBL,17,49,100,,
TPC,38,4,20,,
TPC,14,4,80,,
KSBBL,45,36,10,,
SFCL,47,38,500,,
SFCL,47,42,50,,
MLBS,47,42,10,,
HDHPC,50,14,100,,
NBL,52,37,50,,
SFCL,34,42,30,,
MLBL,38,57,30,,
BFC,57,22,124,,
JBBL,56,20,200,,
JBBL,49,20,95,,
JBBL,6,20,195,,
JBLB,47,58,10,,
SHEL,13,42,10,,
CGH,42,46,11,,
HIDCL,52,35,100,,
EBL,49,46,200,,
SIFC,4,46,278,,
CBBL,32,45,50,,
ULI,47,45,90,,
ULI,47,47,10,,
AKJCL,26,13,950,,
BFC,14,28,400,,
UPPER,52,32,1000,,
UPPER,52,32,200,,
RLFL,42,36,500,,
KBL,58,45,10,,
NRIC,26,14,20,,
NRIC,26,58,58,,
PFL,8,35,80,,
UMHL,35,39,100,,
SANIMA,57,39,10,,
HIDCL,57,7,710,,
HIDCL,34,7,240,,
HIDCL,58,7,40,,
HIDCL,49,7,10,,
RLFL,34,39,45,,
NTC,35,34,10,,
NTC,35,14,300,,
NTC,35,58,50,,
SPDL,38,57,45,,
UPCL,28,20,355,,
UPCL,4,20,175,,
GBBL,52,7,100,,
SIFC,4,34,62,,
SAHAS,39,49,10,,
UMHL,42,39,150,,
UPPER,47,58,40,,
HDL,45,16,50,,
HDL,39,16,40,,
HDL,17,16,10,,
HDL,56,16,200,,
NTC,59,45,50,,
NABIL,38,4,70,,
HIDCL,28,57,500,,
HIDCL,28,47,500,,
HIDCL,49,45,40,,
UPCL,4,34,25,,
NABIL,38,4,20,,
JOSHI,43,28,790,,
JOSHI,52,28,50,,
HIDCL,34,47,260,,
HIDCL,58,47,500,,
HIDCL,7,47,200,,
HIDCL,32,47,100,,
HIDCL,57,47,1000,,
HIDCL,14,47,2500,,
HIDCL,34,47,500,,
AKPL,39,47,80,,
HIDCL,14,47,500,,
SIFC,4,52,360,,
AKPL,16,36,20,,
AHPC,49,28,80,,
AKJCL,26,58,10,,
CBBL,49,32,50,,
NRIC,28,49,145,,
NRIC,58,49,10,,
NRIC,45,49,25,,
NRIC,26,49,50,,
NRIC,13,49,20,,
NHPC,49,45,115,,
NRIC,45,49,50,,
HURJA,39,45,59,,
GBIME,39,45,77,,
HURJA,39,45,300,,
GBIME,38,45,15,,
SBL,52,37,325,,
CBL,49,36,100,,
CBL,57,36,400,,
AKPL,16,37,84,,
GBBL,6,14,60,,
GFCL,49,45,30,,
AKJCL,45,13,50,,
NGPL,38,8,210,,
NGPL,58,8,103,,
NLIC,28,33,50,,
LBBL,38,58,52,,
GLH,57,58,10,,
LBBL,38,58,10,,
GHL,26,28,100,,
API,56,39,117,,
API,3,39,300,,
API,17,39,83,,
AKJCL,36,13,500,,
SHIVM,47,14,50,,
BOKL,42,57,500,,
NTC,13,34,20,,
MNBBL,52,45,70,,
NHPC,14,36,10,,
API,17,34,17,,
API,53,34,21,,
NIFRA,49,14,13,,
NUBL,52,49,40,,
HDHPC,47,14,100,,
UPCL,26,34,200,,
UMHL,50,49,50,,
UMHL,50,47,450,,
JLI,11,56,10,,
HDHPC,52,14,500,,
MLBL,37,58,350,,
MLBL,43,58,200,,
FMDBL,45,58,43,,
JBLB,59,45,10,,
NHPC,59,45,70,,
JBLB,58,36,10,,
GBBL,49,14,40,,
GBBL,4,14,40,,
GBBL,6,14,90,,
GBBL,16,14,20,,
API,53,16,129,,
GLH,57,13,10,,
MLBS,28,16,10,,
CBBL,46,49,18,,
MLBS,28,45,10,,
UPPER,59,38,200,,
UPPER,59,22,331,,
NHPC,28,45,315,,
NHPC,28,42,200,,
NHPC,28,34,485,,
SAHAS,39,57,20,,
API,58,16,50,,
NMB,59,50,40,,
NMB,59,50,100,,
NMB,57,50,110,,
NMB,32,50,200,,
NMB,57,50,50,,
BFC,14,43,330,,
AKPL,33,40,100,,
SHINE,52,46,60,,
IGI,52,52,10,,
JBLB,47,45,10,,
GHL,43,32,80,,
EIC,43,8,100,,
NIFRA,42,46,470,,
NIFRA,58,46,30,,
NABIL,49,57,15,,
NABIL,58,57,105,,
NABIL,49,57,10,,
NLIC,28,33,150,,
AHPC,16,20,140,,
AHPC,59,20,900,,
AHPC,59,20,50,,
AHPC,39,20,90,,
AHPC,11,20,150,,
AHPC,11,20,30,,
AHPC,47,20,40,,
EBL,49,46,285,,
NHPC,4,34,770,,
NUBL,58,49,50,,
NABIL,52,4,10,,
SPC,14,45,6,,
NUBL,3,49,50,,
ICFC,57,39,10,,
BOKL,50,34,80,,
NUBL,34,49,150,,
GBBL,32,7,150,,
TPC,38,14,10,,
NTC,13,59,10,,
API,37,34,1500,,
NGPL,52,58,20,,
NTC,53,3,137,,
CBL,57,45,100,,
JBBL,38,42,50,,
JBBL,38,32,100,,
JBBL,38,57,155,,
JBBL,38,49,195,,
NHPC,14,6,35,,
NHPC,38,6,65,,
SPDL,26,57,200,,
SWBBL,34,45,20,,
HDHPC,35,14,50,,
GBBL,22,7,100,,
MLBL,3,16,100,,
NHPC,32,34,745,,
NHPC,32,26,200,,
NHPC,32,49,55,,
PRVU,13,8,200,,
PRVU,22,8,300,,
NUBL,22,49,10,,
NUBL,22,35,90,,
SHPC,57,47,100,,
NUBL,42,35,10,,
SHPC,43,47,100,,
SAHAS,39,50,50,,
GBBL,16,45,280,,
GBBL,32,7,20,,
GBBL,32,28,100,,
NGPL,53,58,10,,
AHPC,47,13,200,,
AHPC,47,43,100,,
NUBL,42,53,74,,
AHPC,47,56,100,,
NUBL,53,53,26,,
AHPC,47,33,60,,
HIDCL,28,45,500,,
LBBL,35,28,10,,
NIFRA,58,28,50,,
UPCL,26,20,140,,
NABIL,49,42,140,,
HIDCL,6,45,60,,
NICA,49,13,20,,
NICA,56,13,30,,
ICFC,57,34,100,,
UPPER,47,52,34,,
PCBL,47,34,25,,
ICFC,28,34,100,,
PCBL,38,35,10,,
UPPER,58,35,53,,
ICFC,22,40,100,,
ICFC,57,40,200,,
NTC,11,59,100,,
NTC,35,59,390,,
UPPER,58,52,30,,
UPPER,58,38,42,,
GHL,43,57,20,,
PCBL,47,45,100,,
SSHL,46,34,70,,
NUBL,34,49,100,,
SAHAS,39,43,10,,
SAHAS,39,42,10,,
SAHAS,39,13,10,,
SAHAS,39,49,10,,
SAHAS,39,35,10,,
SAHAS,39,42,10,,
SAHAS,39,4,60,,
HIDCL,14,38,99,,
JBLB,4,56,10,,
UPCL,16,20,1129,,
UPCL,5,20,200,,
UPCL,16,20,300,,
UPCL,53,20,50,,
UPCL,3,20,200,,
UPCL,57,20,500,,
UPCL,45,20,21,,
UPCL,35,20,500,,
UPCL,33,20,100,,
AKJCL,26,59,50,,
NLIC,45,28,20,,
JOSHI,3,49,20,,
JBBL,49,57,10,,
SAHAS,47,4,190,,
SAHAS,47,58,10,,
BFC,46,22,46,,
MLBS,47,58,10,,
MLBS,47,38,10,,
SPDL,4,57,50,,
ICFC,57,36,50,,
NIFRA,42,39,225,,
NIFRA,4,39,100,,
NGPL,58,5,47,,
NIFRA,36,39,175,,
NGPL,52,5,50,,
NGPL,45,5,250,,
NGPL,22,5,14,,
NGPL,57,5,30,,
SHINE,38,57,600,,
PRVU,6,57,100,,
NGPL,47,5,40,,
SHINE,38,17,400,,
PRVU,49,57,125,,
NGPL,53,5,11,,
PRVU,34,57,100,,
HIDCL,14,40,401,,
HIDCL,33,40,50,,
HIDCL,26,40,100,,
HIDCL,59,40,49,,
NIFRA,36,58,25,,
RLFL,34,36,150,,
API,37,13,120,,
API,58,13,50,,
API,4,13,330,,
API,28,16,21,,
BOKL,50,58,11,,
NBL,42,58,20,,
NBL,D01,58,30,,
EBL,49,33,193,,
JBBL,34,57,82,,
JBBL,34,35,20,,
JBBL,34,58,98,,
AKJCL,26,58,130,,
NICLBSL,32,28,10,,
AKPL,14,38,17,,
PFL,57,35,20,,
TPC,57,4,100,,
NUBL,56,49,60,,
ICFC,6,36,450,,
ICFC,6,58,150,,
NIFRA,49,56,20,,
HIDCL,59,35,170,,
HIDCL,35,35,200,,
GBIME,34,38,20,,
NHPC,38,11,50,,
JBBL,49,57,100,,
CZBIL,49,36,74,,
LBBL,38,28,25,,
JLI,13,35,100,,
NLIC,35,35,140,,
NLIC,57,35,10,,
NLIC,53,35,50,,
API,4,45,170,,
HIDCL,59,56,60,,
SPDL,34,22,100,,
NTC,35,33,10,,
NIFRA,17,56,30,,
HPPL,14,28,10,,
NTC,35,59,500,,
SHPC,57,45,25,,
GBBL,6,34,50,,
JBLB,16,26,20,,
PCBL,47,8,338,,
JLI,38,8,10,,
PCBL,32,8,20,,
API,7,45,100,,
HIDCL,59,32,221,,
JOSHI,3,49,68,,
SHPC,11,59,100,,
EBL,49,33,16,,
EBL,28,33,100,,
EBL,45,33,181,,
EBL,49,33,10,,
UPPER,58,38,108,,
UPPER,58,6,110,,
UPPER,58,36,132,,
UPPER,58,13,150,,
KBL,26,45,360,,
IGI,45,52,24,,
SPDL,34,32,100,,
API,17,45,30,,
API,17,49,20,,
HIDCL,58,32,29,,
KSBBL,17,58,50,,
SAHAS,3,14,10,,
GBBL,6,37,10,,
JBBL,49,52,55,,
JBLB,34,49,41,,
RLFL,59,34,100,,
SHINE,36,17,100,,
HIDCL,58,38,24,,
HIDCL,45,38,68,,
NUBL,53,58,10,,
API,57,49,10,,
HDHPC,43,46,50,,
SAHAS,59,34,10,,
UMHL,42,32,200,,
PCBL,32,5,30,,
PCBL,6,5,100,,
JSLBB,58,38,20,,
API,13,32,56,,
NUBL,53,4,50,,
NUBL,53,18,14,,
HDHPC,57,45,30,,
HDHPC,14,45,300,,
HDHPC,26,45,170,,
HIDCL,13,32,20,,
NLIC,35,42,70,,
UPPER,57,40,200,,
NLIC,28,42,100,,
UPPER,58,40,100,,
NLIC,28,42,100,,
NLIC,18,42,30,,
MKJC,37,49,50,,
NTC,35,39,100,,
MKJC,28,49,10,,
AKJCL,13,58,70,,
NABIL,58,28,34,,
NUBL,59,18,10,,
NABIL,52,43,30,,
NABIL,35,43,10,,
NUBL,56,18,26,,
NUBL,56,59,24,,
NABIL,8,43,50,,
NABIL,38,43,10,,
MMFDB,5,42,20,,
MMFDB,35,42,500,,
MMFDB,33,42,100,,
NGPL,57,38,70,,
NGPL,5,38,20,,
NLIC,50,28,20,,
UPPER,58,45,400,,
MLBS,39,16,10,,
ALICL,50,16,100,,
JBLB,17,16,50,,
SLI,42,7,10,,
RLFL,34,36,800,,
API,49,42,700,,
SPDL,42,43,100,,
SPDL,35,43,300,,
ULI,4,34,470,,
HDHPC,26,8,10,,
IGI,14,52,13,,
SHIVM,46,34,100,,
NFS,34,16,20,,
NUBL,16,38,147,,
NUBL,13,38,11,,
NUBL,22,38,20,,
NUBL,57,38,45,,
SAHAS,34,50,10,,
HURJA,39,34,200,,
KSBBL,45,38,410,,
KSBBL,52,38,50,,
KSBBL,32,38,40,,
CIT,35,49,10,,
NHPC,38,58,50,,
JBBL,57,49,100,,
NUBL,57,49,200,,
NUBL,45,49,300,,
NUBL,14,49,100,,
TPC,14,52,110,,
TPC,3,52,40,,
JLI,38,38,10,,
UMHL,56,32,100,,
GBLBS,34,43,20,,
ICFC,13,58,200,,
ICFC,28,58,100,,
AKJCL,13,34,20,,
AKJCL,13,35,10,,
ULI,4,28,10,,
MNBBL,17,49,20,,
MNBBL,14,49,50,,
UPPER,57,3,100,,
GFCL,57,58,14,,
KSBBL,32,56,60,,
RLFL,34,36,800,,
SAHAS,49,34,20,,
SAHAS,20,34,10,,
SAHAS,38,34,60,,
GBLBS,34,39,50,,
NHPC,38,59,35,,
UMHL,38,40,210,,
UMHL,14,40,200,,
UMHL,42,40,90,,
UMHL,59,40,1000,,
SCB,35,42,24,,
JBLB,42,16,10,,
JBLB,46,16,80,,
JBLB,45,16,20,,
JBLB,46,16,10,,
UPPER,52,45,50,,
UPPER,39,45,100,,
BFC,46,56,44,,
BFC,46,58,10,,
UPPER,39,20,100,,
UPPER,57,20,500,,
UPPER,59,20,200,,
UPPER,50,20,200,,
UMHL,50,38,40,,
UMHL,50,22,60,,
API,7,42,50,,
NUBL,49,59,150,,
NTC,59,8,500,,
AHPC,59,56,200,,
GBIME,58,38,30,,
NBL,45,45,10,,
AHPC,59,43,100,,
NABIL,38,58,40,,
NABIL,4,58,10,,
NABIL,3,58,50,,
ULI,4,17,10,,
RHPL,17,22,900,,
UPCL,39,20,100,,
UPCL,13,20,460,,
NRIC,50,58,142,,
NRIC,50,35,25,,
NRIC,50,6,10,,
NRIC,50,28,50,,
NRIC,50,8,50,,
NRIC,50,35,30,,
NRIC,50,26,43,,
MLBL,59,20,500,,
SIFC,4,34,200,,
SCB,45,42,10,,
KSBBL,45,53,65,,
SPDL,35,16,10,,
SPDL,35,16,200,,
SPDL,20,16,133,,
SPDL,38,16,500,,
SPDL,45,16,54,,
SPDL,22,16,100,,
GILB,56,45,60,,
AKJCL,36,35,290,,
SHINE,43,7,772,,
LBBL,28,28,500,,
LBBL,53,28,100,,
LBBL,43,28,140,,
LBBL,18,28,200,,
LBBL,38,28,25,,
SINDU,45,45,100,,
SFCL,49,58,50,,
SFCL,38,58,50,,
UPPER,28,39,200,,
HIDCL,45,59,100,,
GLH,53,26,10,,
PROFL,58,42,10,,
PROFL,58,45,50,,
SPDL,34,57,30,,
SHEL,13,3,10,,
HDHPC,57,28,40,,
HDHPC,7,28,200,,
HDHPC,58,28,10,,
NUBL,14,59,35,,
NUBL,14,14,50,,
NUBL,14,49,115,,
API,7,4,50,,
JBBL,4,57,85,,
TPC,14,38,10,,
LBBL,38,14,175,,
LBBL,35,14,25,,
HDHPC,58,34,170,,
AKPL,49,7,50,,
JBLB,46,38,10,,
NUBL,52,49,100,,
MEGA,45,59,95,,
LGIL,20,53,30,,
MFIL,42,49,50,,
NTC,59,28,100,,
MLBL,36,43,20,,
GBLBS,34,6,15,,
HDHPC,35,34,10,,
NTC,11,28,200,,
MEGA,45,46,200,,
ICFC,34,42,10,,
NICA,45,26,70,,
API,13,35,110,,
BFC,56,49,80,,
BFC,42,49,220,,
ICFC,32,7,115,,
API,49,35,90,,
CBBL,39,34,25,,
CBBL,49,34,70,,
AKPL,49,36,50,,
AKPL,32,36,84,,
UPCL,43,34,275,,
UMHL,35,22,200,,
JBBL,52,57,200,,
JBBL,D01,57,315,,
NUBL,57,49,30,,
RLFL,17,36,250,,
AHPC,59,4,200,,
AHPC,59,43,300,,
AHPC,59,6,200,,
NFS,38,28,35,,
API,43,4,50,,
API,59,58,90,,
SAHAS,20,58,10,,
PRVU,38,52,160,,
AKPL,32,49,16,,
AKPL,57,49,15,,
GBBL,17,53,20,,
AKPL,39,49,100,,
HDHPC,56,34,20,,
NRIC,35,26,200,,
NRIC,50,26,10,,
NLIC,20,33,100,,
NLIC,13,33,22,,
UPPER,16,39,100,,
RURU,32,49,20,,
NMFBS,33,45,40,,
NMFBS,17,45,10,,
PFL,49,38,20,,
API,13,49,42,,
API,53,49,28,,
NCCB,56,17,10,,
AKJCL,34,39,160,,
AKJCL,34,39,250,,
AKJCL,42,39,100,,
NTC,45,28,200,,
JBBL,56,57,153,,
BFC,42,56,50,,
AHPC,39,11,10,,
NGPL,5,22,80,,
NGPL,45,22,100,,
GFCL,45,58,10,,
JBBL,D01,58,45,,
UMHL,34,22,140,,
ICFC,32,37,140,,
ICFC,46,37,60,,
ICFC,8,37,100,,
UPPER,42,39,200,,
NIFRA,58,34,29,,
NIFRA,32,34,30,,
NIFRA,49,34,10,,
NIFRA,18,34,31,,
HDHPC,56,20,50,,
HDHPC,56,5,200,,
SPDL,46,45,100,,
NHPC,4,43,180,,
NHPC,43,43,20,,
NFS,14,28,10,,
UIC,34,49,100,,
GBIME,34,52,483,,
HIDCL,56,32,70,,
NTC,53,8,15,,
GBIME,34,38,17,,
GBIME,53,38,83,,
NHPC,43,11,180,,
SBL,14,57,50,,
NHPC,6,11,20,,
ULI,4,17,10,,
HDHPC,58,20,100,,
HDHPC,58,20,25,,
HDHPC,22,20,25,,
GBIME,53,14,415,,
LEC,36,28,10,,
NHPC,6,17,10,,
SHINE,6,58,200,,
SHINE,6,57,750,,
CIT,56,58,20,,
MEGA,45,13,25,,
AHPC,34,38,100,,
NLIC,22,33,20,,
GILB,56,13,40,,
AKPL,57,17,83,,
AKPL,59,17,25,,
JFL,43,8,100,,
AKJCL,58,34,100,,
API,32,58,10,,
UPCL,43,16,275,,
PRVU,16,7,100,,
NABIL,49,22,10,,
MLBL,49,43,30,,
ADBL,4,46,43,,
ADBL,D01,46,37,,
ADBL,34,46,10,,
HIDCL,45,32,32,,
HIDCL,58,32,20,,
HIDCL,8,32,700,,
HIDCL,34,32,248,,
NRIC,50,42,40,,
NRIC,45,42,10,,
NUBL,45,42,50,,
MEGA,45,57,200,,
ILBS,34,45,22,,
JOSHI,3,58,10,,
NLIC,3,33,50,,
GBIME,53,32,100,,
GBIME,53,38,100,,
GBIME,53,42,302,,
EBL,45,33,819,,
NHPC,6,40,170,,
NTC,59,8,410,,
NTC,13,8,75,,
GBBL,32,7,180,,
ICFC,34,16,100,,
NFS,20,28,25,,
MNBBL,5,57,30,,
KBL,45,42,367,,
HIDCL,52,32,50,,
API,53,50,172,,
API,16,50,528,,
HIDCL,5,32,110,,
NHPC,16,40,50,,
NMB,57,52,50,,
JBBL,D01,26,140,,
JBBL,58,26,100,,
NLIC,14,33,10,,
UPPER,52,14,100,,
NHPC,5,40,20,,
API,16,17,472,,
MNBBL,5,43,170,,
MNBBL,6,43,30,,
MNBBL,11,43,100,,
HDHPC,22,14,25,,
NTC,13,58,25,,
PRVU,38,58,40,,
GBIME,38,58,400,,
NTC,45,58,10,,
NLIC,28,33,10,,
NLIC,33,33,50,,
NLIC,11,33,10,,
NLIC,52,33,190,,
NLIC,52,45,48,,
RHPL,17,34,100,,
RHPL,17,34,100,,
UMHL,42,38,100,,
UMHL,38,38,400,,
HDHPC,20,14,475,,
HDHPC,20,7,25,,
API,16,17,30,,
API,6,17,98,,
KBL,8,46,676,,
KBL,28,46,500,,
KBL,35,46,40,,
KBL,56,46,25,,
KBL,5,46,200,,
NHPC,17,40,10,,
NHPC,53,40,350,,
AKPL,59,5,300,,
AKPL,59,28,500,,
AKPL,59,3,600,,
AKPL,59,49,11,,
AKPL,59,5,34,,
AKPL,59,22,30,,
GLH,50,57,10,,
NHPC,58,49,20,,
UMHL,38,37,100,,
AHPC,16,38,100,,
AHPC,32,38,100,,
SAHAS,20,8,10,,
NTC,45,38,40,,
NTC,45,38,220,,
RMDC,42,5,25,,
NFS,38,58,35,,
NFS,36,58,30,,
ADBL,D01,42,163,,
ADBL,43,42,25,,
ADBL,58,42,12,,
GBLBS,34,38,100,,
SWBBL,16,14,10,,
NFS,3,28,60,,
NFS,14,28,20,,
NFS,14,28,50,,
NFS,4,28,100,,
RLFL,17,58,200,,
CHL,14,42,50,,
CHL,3,42,50,,
AKPL,35,22,20,,
GBBL,22,7,30,,
AKPL,35,16,20,,
GBBL,35,7,50,,
GBBL,11,7,100,,
GBBL,D01,7,20,,
RLFL,17,8,50,,
NUBL,50,4,50,,
PRVU,22,7,200,,
ULI,4,16,480,,
CIT,56,43,20,,
PMHPL,20,39,10,,
GUFL,52,17,15,,
AKJCL,45,56,480,,
AKJCL,45,49,20,,
DDBL,49,45,35,,
AKPL,35,56,102,,
AKPL,57,56,26,,
MLBL,45,16,51,,
MLBL,45,16,49,,
NBL,6,45,100,,
ICFC,46,8,15,,
RMDC,42,22,65,,
GBLBS,34,34,40,,
SPDL,20,28,17,,
AKPL,57,26,74,,
MLBL,42,16,101,,
HDHPC,7,7,475,,
NTC,59,35,90,,
BFC,56,57,90,,
CBBL,38,49,10,,
EBL,36,33,150,,
HIDCL,34,42,171,,
HIDCL,34,38,150,,
SBL,40,39,300,,
SBL,46,39,500,,
UPPER,52,37,28,,
UPPER,38,37,382,,
UPPER,38,38,100,,
SPDL,20,58,50,,
EBL,13,33,10,,
AKPL,11,26,50,,
SHINE,45,57,50,,
SHINE,57,57,200,,
SAHAS,20,58,10,,
CBL,28,50,500,,
CBL,57,50,100,,
CBL,7,50,40,,
SHPC,57,42,400,,
SHPC,49,42,100,,
SHPC,26,42,100,,
SHPC,43,42,50,,
SHPC,11,42,150,,
ICFC,7,8,25,,
ICFC,7,36,75,,
ULI,4,57,10,,
RADHI,57,5,100,,
API,6,49,817,,
API,6,45,50,,
GIMES1,17,32,5000,,
GIMES1,17,20,5000,,
AKPL,57,49,1,,
AKPL,57,45,10,,
MLBBL,14,58,10,,
JBBL,38,39,10,,
HDHPC,7,22,25,,
NICA,8,58,20,,
NHPC,53,35,150,,
NHPC,45,35,500,,
NHPC,52,35,1100,,
TPC,3,57,10,,
API,45,49,183,,
API,45,35,58,,
API,13,35,50,,
SHINE,43,46,270,,
NLIC,52,53,52,,
SADBL,57,58,180,,
SADBL,17,58,20,,
GUFL,52,42,85,,
GUFL,14,42,100,,
NABIL,34,14,20,,
RMDC,42,46,50,,
GBBL,59,7,30,,
AHPC,32,14,500,,
AKJCL,57,58,5,,
AKJCL,57,58,200,,
NIL,56,13,100,,
GFCL,14,11,103,,
ULI,4,45,10,,
NBL,D01,33,970,,
NBL,17,33,20,,
NBL,58,33,10,,
HIDCL,5,34,130,,
HIDCL,43,34,120,,
HIDCL,13,34,100,,
ICFC,32,36,390,,
NIFRA,53,39,30,,
SAHAS,28,16,10,,
MEGA,45,59,100,,
UPPER,16,45,100,,
UMHL,43,50,100,,
SLI,42,57,10,,
BFC,3,57,10,,
GBIME,38,52,85,,
JBBL,49,39,200,,
JBBL,45,39,67,,
JBBL,49,39,120,,
NUBL,58,4,80,,
NIFRA,53,58,10,,
SAHAS,20,13,10,,
KSBBL,18,42,110,,
NMB,52,37,13,,
NMB,42,37,15,,
NMB,47,37,30,,
NMB,47,37,30,,
NMB,47,37,30,,
UPPER,59,22,1000,,
NMB,34,37,34,,
ALICL,32,38,50,,
MLBL,57,58,100,,
JBBL,43,14,15,,
ICFC,28,36,10,,
KSBBL,32,42,100,,
MEGA,45,38,50,,
KSBBL,34,42,20,,
KSBBL,11,42,200,,
NUBL,35,59,20,,
NUBL,17,59,10,,
NUBL,45,59,20,,
NUBL,13,59,50,,
SANIMA,56,39,30,,
SHINE,22,38,300,,
SHINE,53,38,500,,
SHINE,42,38,50,,
SHINE,26,38,200,,
JBBL,49,37,80,,
JBBL,17,37,20,,
GFCL,14,45,40,,
MLBL,57,43,100,,
MLBL,38,43,100,,
BFC,42,16,10,,
MLBL,16,35,100,,
LLBS,53,36,30,,
NBL,17,58,200,,
SIFC,4,35,100,,
AKJCL,53,58,20,,
GUFL,49,42,15,,
AHPC,28,34,100,,
AHPC,6,34,100,,
UMHL,43,28,14,,
SAHAS,20,57,10,,
SFCL,38,45,150,,
SFCL,58,45,100,,
SFCL,5,45,100,,
SFCL,22,45,50,,
SFCL,42,45,100,,
MKJC,7,50,10,,
AKPL,57,34,85,,
UMHL,56,16,100,,
GBBL,56,7,35,,
LBBL,32,38,15,,
LBBL,14,38,10,,
LBBL,35,38,25,,
GFCL,14,45,100,,
NHPC,52,52,500,,
NUBL,13,35,50,,
JLI,16,3,120,,
SAHAS,20,57,10,,
SCB,57,17,10,,
SCB,20,17,10,,
SCB,42,17,200,,
SCB,38,17,500,,
SCB,42,17,10,,
SCB,52,17,50,,
PCBL,58,57,100,,
AKJCL,53,45,10,,
AKJCL,49,45,25,,
UPCL,43,58,3950,,
UPCL,43,58,50,,
UPCL,35,58,1000,,
HDHPC,28,38,280,,
HDHPC,45,38,100,,
HDHPC,8,38,50,,
HDHPC,7,38,10,,
HDHPC,35,38,300,,
HDHPC,58,38,500,,
HDHPC,52,38,10,,
NRIC,45,6,50,,
NRIC,45,16,50,,
MLBL,38,22,100,,
DDBL,49,58,40,,
SLI,14,7,10,,
SLI,14,6,10,,
BFC,42,16,90,,
AHPC,32,35,60,,
NUBL,49,13,40,,
NUBL,6,13,10,,
NUBL,22,13,25,,
API,6,34,35,,
API,34,34,1000,,
API,39,34,100,,
API,59,34,500,,
API,38,34,65,,
API,59,34,100,,
API,33,34,500,,
API,42,34,200,,
AKPL,57,14,404,,
HDHPC,7,7,490,,
ICFC,59,36,225,,
AHPC,34,34,240,,
AHPC,20,34,20,,
AHPC,52,34,50,,
GLICL,52,56,100,,
CBL,7,38,10,,
RMDC,42,58,100,,
HDHPC,28,7,510,,
HDHPC,28,32,490,,
CZBIL,17,36,290,,
ICFC,59,36,200,,
CZBIL,43,36,110,,
NUBL,22,38,31,,
NHPC,4,11,50,,
SAHAS,20,49,30,,
GBBL,34,7,65,,
SLI,34,52,10,,
AKPL,57,16,30,,
AKPL,57,45,170,,
UNHPL,59,49,120,,
HIDCL,34,38,72,,
HIDCL,53,38,29,,
NIFRA,53,38,200,,
SAHAS,3,49,10,,
SAHAS,8,49,20,,
KBL,5,34,100,,
MEGA,45,14,330,,
MEGA,56,14,10,,
MEGA,42,14,60,,
API,38,58,35,,
API,37,58,22,,
API,45,58,31,,
API,50,42,100,,
ICFC,59,32,200,,
UPPER,38,22,18,,
SLI,57,8,10,,
SHPC,11,34,50,,
SAHAS,16,13,10,,
NIFRA,53,34,20,,
NIFRA,49,34,20,,
NABIL,34,58,25,,
NABIL,34,57,25,,
HIDCL,34,34,200,,
NRIC,45,16,50,,
NRIC,38,16,200,,
NRIC,57,16,230,,
UPPER,52,22,232,,
NHPC,17,26,480,,
NHPC,28,26,220,,
NHPC,3,26,300,,
AHPC,32,37,100,,
AHPC,8,37,100,,
SAHAS,3,8,10,,
API,49,22,41,,
GBBL,34,49,35,,
UPPER,59,22,500,,
UPPER,14,22,50,,
UPPER,34,22,200,,
AKJCL,37,56,100,,
HIDCL,34,35,200,,
HIDCL,34,36,80,,
NMFBS,33,38,50,,
NRIC,57,56,170,,
NRIC,26,56,130,,
NRIC,59,56,100,,
SAPDBL,14,49,50,,
RLI,16,46,100,,
ICFC,59,36,375,,
ICFC,52,36,125,,
NUBL,22,34,20,,
NUBL,22,57,19,,
NUBL,22,59,30,,
KBL,42,42,33,,
SAHAS,3,34,10,,
SFCL,22,28,50,,
SFCL,34,28,30,,
NRIC,38,35,20,,
NRIC,38,59,30,,
JBBL,39,14,25,,
JBBL,22,14,200,,
JBBL,26,14,10,,
JBBL,4,14,50,,
SANIMA,17,39,78,,
ICFC,52,22,375,,
SAHAS,3,57,10,,
AKJCL,58,56,10,,
SRBL,49,38,400,,
JBBL,4,38,50,,
AKJCL,37,56,50,,
AKJCL,28,56,70,,
KSBBL,38,7,50,,
KSBBL,37,7,50,,
CZBIL,43,32,490,,
CZBIL,43,53,200,,
NHPC,26,32,95,,
ICFC,14,22,100,,
UPPER,53,36,66,,
UPPER,53,58,34,,
API,43,22,200,,
BOKL,28,49,500,,
NHPC,40,32,15,,
BOKL,50,49,50,,
NHPC,49,32,90,,
GBBL,D01,57,300,,
GBBL,4,57,100,,
PLIC,45,49,208,,
PLIC,45,45,10,,
PLIC,45,37,120,,
API,53,22,200,,
UPCL,43,16,500,,
MKJC,7,52,10,,
NHDL,20,57,10,,
SHINE,42,49,50,,
JBBL,26,39,190,,
JBBL,38,39,10,,
TPC,7,57,10,,
GBIME,45,42,48,,
UMHL,42,49,10,,
ICFC,58,22,25,,
SAHAS,3,7,10,,
CBL,7,46,50,,
BFC,42,58,10,,
NIFRA,18,58,100,,
NIFRA,38,58,140,,
NIFRA,14,58,260,,
UPPER,16,58,66,,
UPPER,16,35,34,,
JBBL,22,33,100,,
SJCL,6,33,100,,
NABIL,35,57,200,,
NGPL,57,56,10,,
ILBS,34,45,50,,
SLI,42,58,10,,
NICLBSL,8,34,50,,
API,38,22,30,,
GBIME,45,7,52,,
ICFC,7,22,500,,
JFL,7,36,50,,
JBBL,26,52,50,,
NMB,34,14,10,,
NHPC,49,17,910,,
NHPC,36,17,50,,
NHPC,45,17,1040,,
SAPDBL,14,16,176,,
RLFL,34,17,10,,
NUBL,58,32,20,,
RMDC,42,34,100,,
UPCL,14,16,20,,
UPCL,3,16,180,,
HDHPC,52,32,10,,
GBIME,52,58,100,,
GBIME,40,58,200,,
GBIME,3,58,50,,
GBIME,17,58,100,,
GBIME,52,58,15,,
GBIME,45,58,30,,
NRIC,58,33,10,,
NFS,36,42,70,,
JBBL,26,14,200,,
NGPL,57,33,44,,
API,49,53,34,,
API,49,32,100,,
ICFC,34,36,20,,
HIDCL,53,11,11,,
GLH,53,58,10,,
MLBL,38,45,1000,,
HDHPC,53,45,100,,
BOKL,53,57,500,,
ICFC,8,36,100,,
ICFC,28,36,100,,
AHPC,6,26,186,,
AHPC,43,26,50,,
AHPC,17,26,125,,
AHPC,49,26,100,,
AHPC,53,26,39,,
AHPC,53,58,61,,
AHPC,53,58,100,,
AHPC,56,58,44,,
AHPC,32,58,100,,
AHPC,34,58,10,,
AHPC,49,58,10,,
AHPC,3,58,60,,
AHPC,38,58,115,,
API,43,38,100,,
RMDC,57,58,70,,
GFCL,14,58,57,,
AKPL,35,39,121,,
AKPL,50,39,100,,
AKPL,26,39,200,,
AKPL,45,39,275,,
AKPL,45,42,25,,
RMDC,26,28,100,,
NHPC,45,38,280,,
NHPC,26,38,500,,
NHPC,17,38,500,,
NHPC,3,38,500,,
NHPC,58,38,80,,
NHPC,56,38,130,,
NHPC,57,38,10,,
GLICL,52,34,100,,
UPCL,3,45,20,,
SPC,22,6,10,,
NFS,14,42,10,,
API,37,45,78,,
API,14,45,62,,
LBBL,35,57,15,,
NRIC,57,49,300,,
CHL,14,52,10,,
SMB,36,42,40,,
SMB,48,42,20,,
NIFRA,45,39,40,,
CZBIL,17,13,590,,
NIFRA,7,39,18,,
CZBIL,7,13,10,,
HIDCL,57,35,160,,
HGI,5,11,22,,
HGI,53,11,50,,
API,14,26,50,,
API,57,26,50,,
API,38,26,50,,
API,22,26,100,,
API,33,26,100,,
API,39,26,100,,
API,56,26,50,,
UPPER,16,40,100,,
SHINE,35,49,250,,
PCBL,11,57,100,,
UPPER,16,35,51,,
UPPER,16,32,49,,
AKJCL,28,45,10,,
UPPER,38,32,20,,
API,13,34,79,,
HIDCL,53,45,60,,
NICA,57,46,200,,
NICA,57,46,50,,
NICA,16,46,50,,
LBBL,28,57,110,,
HDHPC,28,58,30,,
HDHPC,34,58,50,,
NTC,58,35,10,,
SPDL,35,34,25,,
SPDL,35,45,185,,
SPDL,35,50,15,,
SBL,14,57,500,,
SBL,38,57,500,,
JBBL,26,6,50,,
NBL,4,37,10,,
UPPER,40,32,500,,
LBBL,28,39,90,,
LBBL,14,39,300,,
LBBL,14,39,10,,
LBBL,32,39,100,,
GBBL,D01,49,400,,
GBBL,22,49,300,,
GBBL,4,49,100,,
SBL,14,38,600,,
API,56,17,50,,
BFC,45,43,100,,
BFC,3,43,10,,
NABBC,6,33,40,,
NABBC,36,33,10,,
SAPDBL,14,8,50,,
NABIL,42,57,30,,
MKJC,7,43,10,,
MEGA,38,52,115,,
NHPC,52,32,300,,
MEGA,38,14,295,,
HIDCL,53,34,100,,
NIFRA,45,28,50,,
NBB,52,16,20,,
NGPL,57,59,30,,
NGPL,52,59,70,,
HIDCL,50,49,100,,
NUBL,14,32,10,,
NUBL,35,32,15,,
HIDCL,32,35,150,,
KBL,14,58,100,,
UMHL,50,26,500,,
AKJCL,28,34,120,,
NLIC,52,16,10,,
MLBL,38,28,4050,,
MLBL,45,28,100,,
MLBL,45,28,30,,
MLBL,35,28,50,,
MLBL,38,28,100,,
MLBL,20,28,200,,
MLBL,32,28,90,,
MLBL,52,28,100,,
MLBL,40,28,500,,
MLBL,58,28,175,,
MLBL,59,28,200,,
MLBL,34,28,50,,
NRIC,45,33,10,,
JBBL,53,33,200,,
JBBL,17,33,20,,
JBBL,52,33,100,,
NABIL,35,57,10,,
NGPL,57,45,10,,
GBBL,59,28,200,,
RSDC,49,59,10,,
NRIC,45,34,50,,
NMB,32,37,200,,
NGPL,14,45,50,,
ICFC,34,36,20,,
JBBL,52,16,100,,
JBBL,49,16,200,,
TPC,34,8,10,,
AHPC,38,52,45,,
LBBL,32,42,200,,
API,42,39,500,,
NABIL,58,57,20,,
ADBL,58,7,100,,
BFC,45,56,156,,
NABBC,36,4,10,,
AHPC,35,52,15,,
NABIL,43,57,40,,
NABIL,22,57,30,,
UPPER,57,32,200,,
NLIC,58,16,70,,
NLIC,59,16,20,,
EBL,57,33,11,,
KSBBL,42,45,100,,
LBBL,35,33,25,,
AKPL,28,42,21,,
AKPL,42,42,79,,
AHPC,35,52,40,,
AHPC,35,45,60,,
RLFL,17,49,180,,
NIFRA,6,28,50,,
NUBL,34,57,30,,
API,35,39,100,,
NICA,49,38,30,,
KSBBL,53,14,50,,
RMDC,57,38,70,,
NHPC,49,32,100,,
NHPC,58,32,270,,
API,28,35,12,,
API,22,35,31,,
ICFC,52,36,60,,
UMHL,50,22,10,,
DDBL,49,34,20,,
UPPER,37,32,100,,
AKPL,42,3,21,,
API,45,58,80,,
KSBBL,53,6,50,,
UPPER,57,32,131,,
UMHL,33,22,90,,
GBIME,45,7,30,,
GBIME,11,7,18,,
BOKL,59,34,100,,
NBL,56,37,400,,
UPPER,53,32,200,,
SIFC,28,16,100,,
MEGA,36,16,100,,
GBIME,11,58,12,,
GBIME,6,58,10,,
GBIME,6,58,20,,
GBIME,57,58,100,,
GBIME,6,58,10,,
GBIME,14,58,40,,
GBIME,50,58,108,,
GBIME,35,58,200,,
MLBL,58,7,25,,
AKPL,58,3,100,,
AKPL,50,3,100,,
AKPL,45,3,104,,
AKPL,43,3,100,,
AKPL,26,3,75,,
LGIL,45,22,50,,
UMHL,33,39,10,,
NHPC,58,58,500,,
ADBL,58,35,14,,
SAHAS,43,58,10,,
UPPER,57,32,200,,
UMHL,28,39,90,,
AHPC,43,45,40,,
KSBBL,11,34,200,,
SPDL,34,45,20,,
SPDL,37,45,15,,
SPDL,14,45,20,,
SPDL,33,45,250,,
API,45,58,490,,
NLIC,59,53,30,,
NTC,34,45,10,,
NTC,22,45,10,,
HDHPC,3,28,20,,
NBB,52,16,30,,
SLI,57,38,10,,
IGI,14,56,17,,
JOSHI,43,42,1200,,
JOSHI,49,42,30,,
NGPL,58,36,50,,
SFCL,59,40,120,,
ICFC,38,14,60,,
NRIC,45,50,90,,
SAHAS,43,8,10,,
SHPC,57,35,300,,
SBI,38,46,500,,
NUBL,34,16,100,,
MEGA,38,16,90,,
AKPL,26,42,25,,
GBIME,50,6,72,,
NUBL,45,57,20,,
NUBL,45,34,20,,
NRIC,45,58,50,,
LBBL,53,33,20,,
API,45,38,430,,
HIDCL,14,35,11,,
HIDCL,14,3,300,,
HIDCL,14,7,189,,
NABIL,43,45,10,,
NABIL,35,45,20,,
KRBL,7,34,280,,
PCBL,59,33,100,,
PCBL,32,33,50,,
SFCL,59,40,500,,
SFCL,35,40,30,,
SFCL,49,40,50,,
SFCL,58,40,100,,
SFCL,42,40,100,,
SFCL,42,40,100,,
AHPC,38,42,40,,
SHPC,57,38,100,,
SHPC,37,38,160,,
AKPL,45,42,100,,
SANIMA,17,58,15,,
NRIC,57,39,200,,
HIDCL,42,7,200,,
MLBL,59,43,300,,
MLBSL,42,46,10,,
GBLBS,34,38,50,,
API,53,39,39,,
API,53,36,159,,
JBBL,49,8,100,,
MEGA,43,16,10,,
NUBL,38,57,30,,
NUBL,38,56,70,,
SAHAS,43,8,10,,
HIDCL,34,45,100,,
HIDCL,17,45,900,,
SANIMA,17,52,90,,
NRIC,57,17,100,,
NRIC,38,17,100,,
NLIC,58,22,10,,
NLIC,32,22,25,,
NLIC,7,22,25,,
NLIC,20,22,50,,
NLIC,11,22,10,,
NLIC,46,22,30,,
UMHL,28,49,10,,
MKJC,7,28,10,,
GBBL,D01,34,280,,
GBBL,56,34,50,,
GBBL,14,34,100,,
GBBL,38,34,50,,
GBBL,43,34,20,,
KSBBL,32,52,100,,
NICA,49,45,20,,
UPPER,57,45,100,,
NUBL,35,57,85,,
NUBL,11,57,40,,
UPPER,16,32,100,,
API,53,38,101,,
API,53,42,46,,
PMHPL,49,26,132,,
NUBL,11,57,10,,
NICLBSL,8,45,10,,
SAHAS,43,38,10,,
SADBL,58,57,10,,
AKPL,45,34,44,,
NBL,56,14,100,,
JBBL,49,39,200,,
GBBL,34,7,100,,
API,43,49,40,,
API,43,46,500,,
UPPER,57,58,69,,
HIDCL,22,7,121,,
SANIMA,17,34,100,,
NHPC,58,57,100,,
LLBS,53,26,50,,
SMATA,56,49,10,,
SMATA,58,49,13,,
SCB,45,49,80,,
UMHL,14,49,100,,
NUBL,56,56,30,,
NUBL,56,3,170,,
NUBL,14,3,200,,
SHPC,58,42,20,,
AHPC,43,42,50,,
AHPC,3,42,10,,
NUBL,20,3,100,,
SPDL,37,45,25,,
HIDCL,17,40,100,,
NUBL,57,3,30,,
NUBL,57,28,20,,
SHPC,37,14,340,,
SHPC,32,14,60,,
NUBL,34,28,30,,
AKPL,45,14,39,,
AKPL,45,5,200,,
AKPL,45,58,17,,
GBBL,34,7,270,,
SBL,38,33,50,,
NBB,39,34,95,,
NRIC,50,11,50,,
NUBL,28,57,51,,
NUBL,28,8,250,,
NUBL,28,38,199,,
UPCL,3,6,200,,
NHPC,58,42,130,,
API,53,49,50,,
API,14,49,50,,
GBBL,6,7,95,,
NUBL,35,38,100,,
SAHAS,8,58,10,,
PCBL,32,14,50,,
SAHAS,8,58,10,,
SAHAS,8,35,10,,
SAHAS,8,22,20,,
NIFRA,33,28,200,,
NIFRA,49,28,131,,
SFCL,59,32,100,,
ICFC,34,14,100,,
RLFL,17,45,200,,
NUBL,22,8,50,,
HIDCL,26,7,10,,
NFS,53,16,50,,
NFS,38,16,30,,
NFS,58,16,400,,
NIFRA,49,49,60,,
SLI,45,36,40,,
MLBL,38,28,950,,
MLBL,52,28,200,,
SFCL,59,56,400,,
TPC,14,6,10,,
AKPL,50,14,100,,
CBL,35,16,10,,
EBL,49,33,10,,
HDHPC,53,38,10,,
GILB,17,34,50,,
SPDL,37,34,10,,
NUBL,14,57,50,,
AKPL,28,14,265,,
AKPL,28,38,100,,
NHPC,58,42,2000,,
NHPC,11,42,20,,
NHPC,58,42,95,,
NHPC,57,42,1000,,
NHPC,34,42,50,,
NHPC,28,42,50,,
NHPC,57,42,655,,
AKJCL,38,45,100,,
AKJCL,43,45,125,,
SHINE,49,57,80,,
SHINE,38,57,200,,
SHINE,22,57,10,,
SHINE,16,57,10,,
AKJCL,43,52,100,,
NHPC,57,6,345,,
NRIC,58,16,190,,
NRIC,49,16,10,,
NRIC,37,16,10,,
MKJC,7,28,10,,
NHPC,34,6,100,,
SCB,45,42,60,,
GLH,53,45,10,,
SAHAS,43,22,10,,
UMHL,28,57,100,,
UMHL,58,57,700,,
UMHL,43,57,200,,
UPPER,57,32,500,,
NIFRA,49,35,60,,
NHPC,42,6,55,,
NHPC,42,5,245,,
SHINE,42,7,90,,
SHPC,32,45,40,,
NHPC,17,5,923,,
NLIC,20,38,50,,
MLBSL,58,16,10,,
NICA,40,46,200,,
NBL,56,45,10,,
CIT,40,16,40,,
CIT,5,16,10,,
SANIMA,17,58,717,,
SANIMA,53,58,100,,
SANIMA,33,58,50,,
SANIMA,8,58,133,,
GBBL,59,7,100,,
NRIC,34,11,50,,
NRIC,37,35,50,,
RLFL,17,53,120,,
KBL,22,38,35,,
GBBL,6,43,55,,
SHIVM,56,57,20,,
API,53,45,105,,
NBB,39,58,10,,
SAHAS,4,4,20,,
NHPC,28,34,100,,
NHPC,45,5,100,,
NUBL,6,49,30,,
NUBL,6,43,60,,
NUBL,6,49,10,,
NUBL,6,59,100,,
NUBL,3,59,50,,
UPPER,59,28,415,,
NUBL,56,49,40,,
NUBL,56,50,60,,
SFCL,49,40,950,,
SFCL,57,40,500,,
SFCL,59,40,300,,
SBL,57,33,100,,
SHINE,42,45,10,,
NUBL,38,50,200,,
NUBL,3,36,100,,
AKPL,28,40,100,,
SFCL,59,38,200,,
BOKL,59,28,100,,
NIFRA,49,58,25,,
HIDCL,17,7,100,,
NUBL,42,49,25,,
AKPL,28,42,35,,
KBL,42,42,100,,
SLI,45,16,10,,
NHPC,28,33,100,,
NUBL,8,49,50,,
MLBL,32,11,10,,
MLBL,22,11,80,,
MLBL,36,11,20,,
SHIVM,38,57,20,,
NUBL,59,49,50,,
NUBL,59,59,50,,
MNBBL,11,57,20,,
NHPC,4,5,3400,,
MNBBL,17,57,150,,
GBBL,56,7,100,,
HDHPC,3,34,20,,
NUBL,3,39,50,,
NUBL,14,39,50,,
NUBL,32,39,100,,
SABSL,38,57,10,,
GBBL,59,7,300,,
GBLBS,34,39,50,,
EBL,49,33,490,,
BFC,3,34,200,,
AKPL,45,42,140,,
AKPL,45,58,60,,
GBIME,50,42,300,,
GBIME,50,32,20,,
NUBL,6,59,50,,
NUBL,6,59,45,,
NUBL,34,59,20,,
NUBL,34,59,20,,
NUBL,50,59,100,,
NUBL,58,59,100,,
NUBL,50,59,15,,
PRVU,58,38,35,,
GBIME,17,57,30,,
UPPER,59,52,15,,
NIFRA,49,16,44,,
UPPER,59,45,100,,
NHPC,34,5,100,,
NUBL,50,3,50,,
NUBL,57,3,150,,
NFS,58,57,100,,
KBL,58,42,30,,
NFS,36,42,20,,
KBL,49,42,300,,
UPPER,59,49,150,,
API,17,42,100,,
MNBBL,6,57,30,,
API,42,58,100,,
AKPL,36,58,500,,
NLIC,22,45,20,,
NUBL,38,59,20,,
NHPC,4,33,500,,
NUBL,42,59,130,,
GBIME,6,57,100,,
MEGA,38,14,150,,
NIL,50,42,11,,
NICA,42,7,80,,
NRIC,49,50,40,,
NRIC,50,50,100,,
NRIC,38,50,50,,
NRIC,18,50,10,,
SFCL,6,40,50,,
SFCL,22,40,100,,
SFCL,42,40,100,,
RMDC,26,38,30,,
SABSL,42,57,70,,
JOSHI,3,49,100,,
SCB,57,11,25,,
MFIL,53,16,10,,
HIDCL,50,7,50,,
HIDCL,49,7,100,,
HIDCL,58,7,30,,
UMHL,58,45,300,,
UMHL,28,45,100,,
NRIC,36,49,10,,
NUBL,52,59,200,,
RSDC,57,43,10,,
AKPL,53,58,20,,
SFCL,58,16,60,,
HURJA,53,45,100,,
AKPL,28,58,100,,
AKPL,26,58,50,,
AKPL,14,58,100,,
AKPL,3,58,20,,
AKPL,45,42,25,,
AKPL,58,42,300,,
NFS,36,16,80,,
MLBSL,34,49,80,,
NHPC,52,5,9732,,
NHPC,52,6,268,,
AKJCL,43,16,25,,
TPC,57,49,10,,
CIT,3,16,50,,
NLIC,22,45,30,,
SFCL,58,57,290,,
JBBL,45,59,200,,
NUBL,45,59,10,,
NRIC,5,49,140,,
NRIC,38,49,10,,
HDHPC,26,46,100,,
HDHPC,52,46,500,,
HDHPC,49,46,500,,
UPPER,59,45,320,,
KBL,49,49,100,,
HIDCL,45,42,200,,
UPPER,58,45,100,,
UPPER,16,45,50,,
NBB,39,53,90,,
NRIC,5,57,50,,
MLBS,39,38,10,,
NUBL,22,59,31,,
KSBBL,34,7,100,,
NUBL,50,33,935,,
NUBL,49,33,100,,
NUBL,58,33,200,,
NUBL,36,33,200,,
NUBL,42,33,50,,
NUBL,58,33,35,,
NUBL,11,33,20,,
NUBL,4,33,100,,
NUBL,4,33,50,,
NUBL,34,33,100,,
NUBL,34,33,200,,
NUBL,34,33,10,,
NIFRA,49,38,200,,
UMHL,46,20,10,,
UPPER,16,57,50,,
NUBL,40,49,50,,
NUBL,40,42,50,,
SAHAS,53,4,90,,
SAHAS,3,4,10,,
NUBL,16,42,50,,
NRIC,42,57,90,,
NRIC,42,7,10,,
GBLBS,34,58,49,,
SFCL,58,42,150,,
ICFC,34,34,10,,
AKJCL,43,39,50,,
JBBL,49,59,100,,
HIDCL,58,28,255,,
HIDCL,58,56,80,,
HIDCL,58,59,100,,
AKPL,58,34,200,,
NGPL,58,33,100,,
NGPL,58,33,18,,
NGPL,57,33,200,,
CZBIL,7,32,10,,
SHINE,53,57,100,,
NABIL,5,42,21,,
AKJCL,17,39,50,,
MNBBL,11,14,100,,
JBBL,49,45,100,,
NUBL,58,49,30,,
NBL,8,34,100,,
NUBL,45,45,100,,
MNBBL,49,33,500,,
HIDCL,58,45,250,,
SAHAS,3,45,10,,
NIFRA,49,7,20,,
RMDC,26,8,70,,
NHPC,17,52,77,,
HIDCL,4,59,300,,
NRIC,5,36,10,,
NLIC,56,45,20,,
HIDCL,58,58,20,,
HIDCL,7,59,100,,
NUBL,16,33,50,,
NHPC,45,6,100,,
PRVU,56,8,500,,
SAHAS,3,58,10,,
MLBSL,34,42,10,,
NIFRA,49,39,260,,
NUBL,56,49,81,,
NUBL,56,49,19,,
CZBIL,7,32,10,,
GBIME,17,57,23,,
AKPL,39,16,26,,
AKPL,11,16,100,,
AKPL,42,16,100,,
AKPL,49,16,100,,
AKPL,39,16,49,,
AKPL,14,16,500,,
AKPL,42,16,100,,
AKPL,6,16,25,,
ADBL,58,34,30,,
BFC,3,56,100,,
HIDCL,7,5,100,,
HIDCL,7,39,300,,
MERO,49,28,85,,
NRIC,5,49,100,,
NRIC,56,49,20,,
NRIC,49,49,60,,
NRIC,45,49,25,,
NRIC,45,49,100,,
NRIC,14,49,50,,
NRIC,6,49,45,,
NRIC,56,49,100,,
NIFRA,49,49,50,,
GBIME,58,57,30,,
GBIME,6,57,45,,
NBL,17,16,10,,
NBL,45,16,40,,
NUBL,6,49,100,,
SCB,6,17,290,,
SFCL,22,42,100,,
MNBBL,49,14,20,,
NHPC,4,52,100,,
MKJC,28,56,20,,
NUBL,58,49,21,,
NUBL,57,49,100,,
NUBL,33,49,200,,
NUBL,57,49,15,,
NUBL,34,49,50,,
NUBL,22,49,30,,
NUBL,58,49,100,,
NUBL,32,49,50,,
NUBL,34,49,20,,
NUBL,32,49,10,,
NUBL,58,49,80,,
NUBL,36,49,35,,
NUBL,36,49,70,,
NUBL,57,49,100,,
HIDCL,34,28,20,,
NUBL,3,49,20,,
API,58,45,10,,
API,14,45,50,,
NIFRA,14,39,56,,
MEGA,49,14,55,,
HIDCL,7,36,500,,
AKPL,39,58,451,,
AKPL,11,58,49,,
NUBL,58,49,100,,
PCBL,32,59,50,,
MLBL,22,17,20,,
RSDC,57,32,10,,
NUBL,57,49,100,,
LBBL,36,4,24,,
NUBL,14,49,100,,
SCB,17,17,100,,
NHPC,45,33,680,,
NHPC,7,33,270,,
NHPC,58,33,50,,
AKPL,11,57,51,,
AKPL,39,57,49,,
MLBL,36,17,30,,
NUBL,58,49,116,,
JBBL,49,14,200,,
AKJCL,22,3,100,,
LLBS,53,33,20,,
NUBL,22,49,72,,
NUBL,52,49,300,,
SCB,34,17,10,,
NMB,7,6,30,,
NLBBL,17,39,50,,
MKJC,28,42,10,,
NUBL,34,49,34,,
SAHAS,53,45,10,,
MKJC,49,28,10,,
AKJCL,22,52,400,,
NRIC,14,50,200,,
NRIC,26,50,50,,
NRIC,26,7,100,,
NRIC,6,26,100,,
AHPC,32,4,50,,
AHPC,32,49,50,,
EBL,7,33,250,,
API,28,7,50,,
NUBL,59,49,250,,
NUBL,59,36,50,,
NUBL,58,28,200,,
IGI,53,46,50,,
IGI,22,46,50,,
JOSHI,3,49,222,,
AKPL,39,7,51,,
EBL,36,33,1000,,
EBL,17,33,200,,
EBL,42,33,10,,
EBL,32,33,50,,
AKPL,39,49,159,,
NUBL,34,36,50,,
GBBL,40,45,85,,
ALICL,49,57,15,,
SPDL,58,22,25,,
NHPC,7,57,1230,,
TPC,57,57,10,,
NRIC,6,49,855,,
NRIC,11,49,1000,,
NRIC,22,49,10,,
NRIC,46,49,100,,
NRIC,58,49,10,,
NRIC,45,49,25,,
GBBL,49,58,40,,
NBB,39,49,80,,
JOSHI,3,58,78,,
NRIC,7,50,100,,
NUBL,45,50,40,,
AKPL,4,49,100,,
NIFRA,14,39,49,,
NRIC,58,50,50,,
AKPL,36,49,91,,
AKPL,36,6,109,,
AKPL,36,3,300,,
UMHL,58,34,50,,
HIDCL,49,28,400,,
AKPL,11,3,100,,
NUBL,36,33,80,,
NUBL,34,33,20,,
SPDL,22,22,100,,
SHPC,57,45,950,,
SHPC,57,57,50,,
NHPC,28,6,30,,
AKJCL,22,34,200,,
HIDCL,53,28,20,,
HIDCL,14,28,125,,
NIFRA,14,49,295,,
NUBL,34,49,60,,
NUBL,17,49,20,,
TPC,58,34,10,,
AHPC,34,4,400,,
NUBL,34,33,100,,
NUBL,34,49,20,,
HDHPC,4,46,350,,
NUBL,5,49,50,,
NUBL,17,3,20,,
SHINE,20,57,500,,
SFCL,53,17,100,,
NRIC,14,50,50,,
NRIC,50,50,100,,
NRIC,26,50,50,,
NRIC,50,50,50,,
NRIC,49,50,200,,
AHPC,32,4,100,,
MKJC,28,58,10,,
ADBL,58,34,10,,
AKPL,34,3,100,,
NUBL,5,53,10,,
NIFRA,14,58,600,,
NIFRA,26,58,100,,
NUBL,58,49,100,,
GBBL,46,58,50,,
AKPL,11,3,50,,
HDHPC,4,34,150,,
AHPC,3,4,50,,
NBL,7,32,30,,
UMHL,14,49,50,,
JBBL,39,7,200,,
NRIC,39,14,50,,
NHPC,17,5,500,,
GBIME,6,17,60,,
NUBL,5,3,20,,
NUBL,58,3,10,,
NRIC,14,26,50,,
NRIC,6,26,50,,
NRIC,6,14,50,,
NFS,53,58,100,,
SKBBL,49,28,15,,
AKPL,11,3,50,,
SCB,5,17,100,,
MKJC,28,28,10,,
GBBL,46,49,50,,
NMFBS,45,46,300,,
SADBL,34,58,100,,
NUBL,53,38,95,,
